# Forces      
# CofR        : (2.875000e-01 1.270000e-01 2.286000e-01)
# Time        forces(pressure viscous)	moments(pressure viscous)
0             	((0.000000e+00 0.000000e+00 0.000000e+00) (-1.650322e-03 -5.918547e-03 1.233845e+00)) ((0.000000e+00 0.000000e+00 0.000000e+00) (2.567023e-02 1.521818e-03 3.813827e-05))
1             	((-2.351742e-01 -9.103203e-01 2.791307e+01) (-1.772152e-03 -7.762838e-03 1.346176e+00)) ((2.078601e-01 4.131250e-02 1.027730e-02) (2.821397e-02 1.630862e-03 1.504229e-05))
2             	((-4.345709e-01 -6.283358e-01 6.320175e+01) (-1.154792e-03 -7.605470e-03 1.414561e+00)) ((4.097791e-01 6.934126e-02 2.088048e-02) (2.991062e-02 1.771719e-03 -5.694461e-05))
3             	((-6.292263e-01 -2.677839e-01 8.191177e+01) (2.464051e-04 -4.890642e-03 1.422966e+00)) ((4.536079e-01 1.027812e-01 4.979870e-02) (3.043179e-02 1.468221e-03 3.257793e-05))
4             	((-8.141461e-01 -1.203505e-01 8.298918e+01) (5.438177e-04 -2.487098e-03 1.398920e+00)) ((3.529009e-01 1.176383e-01 8.057061e-02) (3.046188e-02 1.950996e-03 -1.423793e-04))
5             	((-9.799987e-01 -2.910517e-01 7.112245e+01) (1.004080e-03 -1.286252e-03 1.364699e+00)) ((1.517600e-01 1.129645e-01 1.074683e-01) (3.020174e-02 2.181555e-03 -3.186337e-04))
6             	((-1.112045e+00 -7.497344e-01 5.368110e+01) (1.275709e-03 -1.610629e-03 1.334052e+00)) ((-7.542749e-02 9.183371e-02 1.406026e-01) (3.029148e-02 2.327317e-03 -4.542395e-04))
7             	((-1.101070e+00 -8.911742e-01 3.893533e+01) (1.775157e-03 -2.327788e-03 1.313666e+00)) ((-2.422921e-01 7.638128e-02 1.669893e-01) (3.065952e-02 2.411152e-03 -5.039159e-04))
8             	((-9.770345e-01 -1.488244e-01 3.173614e+01) (2.389593e-03 -2.029602e-03 1.300633e+00)) ((-3.240610e-01 7.204748e-02 1.735779e-01) (3.116529e-02 2.483906e-03 -5.131999e-04))
9             	((-7.836483e-01 1.237706e+00 3.175701e+01) (2.375271e-03 -6.525164e-04 1.291238e+00)) ((-3.444036e-01 7.226600e-02 1.691963e-01) (3.152434e-02 2.502728e-03 -4.958869e-04))
10            	((-5.262944e-01 3.041422e+00 3.629573e+01) (2.309484e-03 1.479356e-03 1.281252e+00)) ((-3.403571e-01 7.847218e-02 1.460260e-01) (3.177542e-02 2.472722e-03 -4.854020e-04))
11            	((-2.670774e-01 4.865822e+00 4.242452e+01) (2.502889e-03 3.419085e-03 1.267437e+00)) ((-3.431511e-01 8.408287e-02 1.094220e-01) (3.185214e-02 2.520632e-03 -5.036557e-04))
12            	((-9.831180e-02 6.038727e+00 4.699362e+01) (2.014425e-03 5.420259e-03 1.251501e+00)) ((-3.565308e-01 8.444899e-02 6.844476e-02) (3.168775e-02 2.375016e-03 -5.154141e-04))
13            	((-9.779662e-02 6.351572e+00 4.827639e+01) (1.638802e-03 7.144687e-03 1.233646e+00)) ((-3.660704e-01 7.909195e-02 3.719400e-02) (3.144789e-02 2.310295e-03 -5.070425e-04))
14            	((-1.979286e-01 6.145419e+00 4.669987e+01) (1.101688e-03 8.609749e-03 1.215420e+00)) ((-3.673265e-01 7.264425e-02 2.556368e-02) (3.125465e-02 2.327714e-03 -5.013401e-04))
15            	((-3.566476e-01 5.741177e+00 4.359592e+01) (1.008138e-03 9.978064e-03 1.197656e+00)) ((-3.559927e-01 6.544743e-02 3.149930e-02) (3.105020e-02 2.343105e-03 -4.887650e-04))
16            	((-5.250969e-01 5.367968e+00 4.014028e+01) (1.056106e-03 1.133761e-02 1.180770e+00)) ((-3.353373e-01 5.981698e-02 5.005584e-02) (3.079210e-02 2.357434e-03 -4.731185e-04))
17            	((-6.615000e-01 5.230343e+00 3.746761e+01) (1.263642e-03 1.272855e-02 1.164208e+00)) ((-3.183838e-01 5.716538e-02 7.072843e-02) (3.052002e-02 2.291906e-03 -4.581421e-04))
18            	((-7.343633e-01 5.396038e+00 3.610919e+01) (1.500523e-03 1.400099e-02 1.148488e+00)) ((-3.146371e-01 5.392663e-02 8.449480e-02) (3.019363e-02 2.330862e-03 -4.772955e-04))
19            	((-7.565692e-01 5.768298e+00 3.589417e+01) (1.730699e-03 1.534510e-02 1.132886e+00)) ((-3.250474e-01 5.004780e-02 8.629420e-02) (2.980887e-02 2.390564e-03 -5.013018e-04))
20            	((-7.548161e-01 6.241756e+00 3.637964e+01) (1.868021e-03 1.662055e-02 1.117383e+00)) ((-3.440501e-01 4.482494e-02 7.830426e-02) (2.937060e-02 2.423584e-03 -4.979032e-04))
21            	((-7.181541e-01 6.745111e+00 3.713887e+01) (2.050422e-03 1.754093e-02 1.101894e+00)) ((-3.605865e-01 3.889303e-02 6.372428e-02) (2.883887e-02 2.445389e-03 -5.168433e-04))
22            	((-6.367989e-01 7.174688e+00 3.774183e+01) (2.308733e-03 1.816268e-02 1.086756e+00)) ((-3.612672e-01 3.391430e-02 4.772420e-02) (2.828057e-02 2.487456e-03 -5.520184e-04))
23            	((-5.170625e-01 7.442336e+00 3.789825e+01) (2.442048e-03 1.870949e-02 1.072157e+00)) ((-3.406229e-01 3.155635e-02 3.529782e-02) (2.772845e-02 2.553559e-03 -5.771494e-04))
24            	((-3.861729e-01 7.528475e+00 3.757836e+01) (2.476657e-03 1.917935e-02 1.058050e+00)) ((-3.056208e-01 3.337722e-02 2.841535e-02) (2.718721e-02 2.610675e-03 -5.681289e-04))
25            	((-2.627768e-01 7.462762e+00 3.694037e+01) (2.491550e-03 1.959192e-02 1.044205e+00)) ((-2.657476e-01 3.787919e-02 2.727010e-02) (2.667944e-02 2.637418e-03 -5.359196e-04))
26            	((-1.604772e-01 7.269550e+00 3.616713e+01) (2.597997e-03 1.998288e-02 1.030530e+00)) ((-2.283909e-01 4.312299e-02 3.140441e-02) (2.618293e-02 2.605646e-03 -4.832408e-04))
27            	((-9.716673e-02 6.966154e+00 3.541138e+01) (2.580522e-03 2.040669e-02 1.017150e+00)) ((-1.988597e-01 4.705219e-02 3.893479e-02) (2.569305e-02 2.559991e-03 -4.242306e-04))
28            	((-7.824297e-02 6.602067e+00 3.478711e+01) (2.419536e-03 2.074268e-02 1.003917e+00)) ((-1.807128e-01 4.868984e-02 4.715953e-02) (2.521497e-02 2.521012e-03 -3.599926e-04))
29            	((-9.486455e-02 6.239477e+00 3.434561e+01) (2.183207e-03 2.104697e-02 9.909483e-01)) ((-1.725094e-01 4.810420e-02 5.335792e-02) (2.473406e-02 2.486453e-03 -2.921675e-04))
30            	((-1.262872e-01 5.926336e+00 3.406708e+01) (1.894537e-03 2.113773e-02 9.782759e-01)) ((-1.695561e-01 4.627658e-02 5.592411e-02) (2.425295e-02 2.458984e-03 -2.322088e-04))
31            	((-1.506824e-01 5.685265e+00 3.388853e+01) (1.580531e-03 2.105144e-02 9.660200e-01)) ((-1.659386e-01 4.297745e-02 5.390496e-02) (2.377167e-02 2.419813e-03 -1.880810e-04))
32            	((-1.527284e-01 5.523282e+00 3.374333e+01) (1.194749e-03 2.096328e-02 9.541960e-01)) ((-1.573426e-01 3.859185e-02 4.767691e-02) (2.328104e-02 2.379496e-03 -1.635138e-04))
33            	((-1.256417e-01 5.429151e+00 3.357298e+01) (8.758888e-04 2.082252e-02 9.427457e-01)) ((-1.415770e-01 3.428176e-02 3.921622e-02) (2.279653e-02 2.348643e-03 -1.472328e-04))
34            	((-7.480898e-02 5.369355e+00 3.334234e+01) (5.050260e-04 2.064506e-02 9.317554e-01)) ((-1.202096e-01 3.087993e-02 3.041000e-02) (2.233110e-02 2.331159e-03 -1.529657e-04))
35            	((-1.354394e-02 5.298840e+00 3.304443e+01) (1.045676e-04 2.052612e-02 9.214384e-01)) ((-9.629737e-02 2.804541e-02 2.304065e-02) (2.187757e-02 2.342973e-03 -1.674715e-04))
36            	((4.598293e-02 5.185957e+00 3.269002e+01) (-2.927348e-04 2.050531e-02 9.116988e-01)) ((-7.234378e-02 2.582038e-02 1.852786e-02) (2.142877e-02 2.382491e-03 -1.835822e-04))
37            	((9.384878e-02 5.010214e+00 3.229828e+01) (-6.319988e-04 2.057566e-02 9.024512e-01)) ((-5.057465e-02 2.369586e-02 1.748845e-02) (2.099845e-02 2.439261e-03 -1.940098e-04))
38            	((1.301413e-01 4.765486e+00 3.189077e+01) (-8.297423e-04 2.068094e-02 8.937026e-01)) ((-3.300666e-02 2.199867e-02 1.923089e-02) (2.059553e-02 2.506685e-03 -2.025744e-04))
39            	((1.518774e-01 4.476129e+00 3.148651e+01) (-9.353650e-04 2.082830e-02 8.854451e-01)) ((-1.960143e-02 2.229340e-02 2.219915e-02) (2.021403e-02 2.576940e-03 -2.104263e-04))
40            	((1.574972e-01 4.156937e+00 3.112678e+01) (-9.767951e-04 2.110516e-02 8.780367e-01)) ((-1.205461e-02 2.467234e-02 2.484254e-02) (1.986392e-02 2.651287e-03 -2.146873e-04))
41            	((1.548493e-01 3.839737e+00 3.082607e+01) (-9.621089e-04 2.155557e-02 8.709801e-01)) ((-9.058752e-03 2.914923e-02 2.664491e-02) (1.951656e-02 2.731545e-03 -2.189475e-04))
42            	((1.490549e-01 3.547813e+00 3.057841e+01) (-8.571547e-04 2.215542e-02 8.641917e-01)) ((-8.633700e-03 3.582097e-02 2.789670e-02) (1.917016e-02 2.819282e-03 -2.213272e-04))
43            	((1.434938e-01 3.292314e+00 3.036500e+01) (-6.897477e-04 2.279780e-02 8.576300e-01)) ((-8.492227e-03 4.411150e-02 2.852310e-02) (1.882887e-02 2.908856e-03 -2.257909e-04))
44            	((1.447237e-01 3.077583e+00 3.016808e+01) (-5.323782e-04 2.353850e-02 8.513367e-01)) ((-6.646681e-03 5.257348e-02 2.828182e-02) (1.847912e-02 2.988847e-03 -2.294685e-04))
45            	((1.549407e-01 2.910432e+00 2.997782e+01) (-3.615920e-04 2.433517e-02 8.453114e-01)) ((-2.210148e-03 6.033148e-02 2.693853e-02) (1.812219e-02 3.036553e-03 -2.292381e-04))
46            	((1.738599e-01 2.796848e+00 2.978886e+01) (-2.634613e-04 2.521112e-02 8.394543e-01)) ((4.352057e-03 6.668546e-02 2.441596e-02) (1.775563e-02 3.075524e-03 -2.267763e-04))
47            	((1.983774e-01 2.733174e+00 2.959860e+01) (-1.943035e-04 2.614969e-02 8.337132e-01)) ((1.142520e-02 7.127168e-02 2.119627e-02) (1.738668e-02 3.104369e-03 -2.238322e-04))
48            	((2.253460e-01 2.707262e+00 2.940783e+01) (-9.743733e-05 2.713985e-02 8.280371e-01)) ((1.783613e-02 7.393190e-02 1.795463e-02) (1.701295e-02 3.125573e-03 -2.257168e-04))
49            	((2.516392e-01 2.702535e+00 2.921849e+01) (-2.402895e-05 2.820431e-02 8.224784e-01)) ((2.275125e-02 7.489694e-02 1.475832e-02) (1.664162e-02 3.145671e-03 -2.375498e-04))
50            	((2.763348e-01 2.701405e+00 2.903339e+01) (7.372337e-05 2.937161e-02 8.170522e-01)) ((2.591827e-02 7.500879e-02 1.144301e-02) (1.627155e-02 3.153171e-03 -2.533470e-04))
51            	((2.985538e-01 2.692859e+00 2.885166e+01) (1.683532e-04 3.059818e-02 8.117241e-01)) ((2.743288e-02 7.472937e-02 8.037058e-03) (1.590334e-02 3.149093e-03 -2.768216e-04))
52            	((3.143445e-01 2.670540e+00 2.867256e+01) (3.264378e-04 3.186069e-02 8.065248e-01)) ((2.758689e-02 7.422929e-02 4.714255e-03) (1.554385e-02 3.129876e-03 -3.071381e-04))
53            	((3.181785e-01 2.631754e+00 2.849661e+01) (5.396197e-04 3.312947e-02 8.015010e-01)) ((2.657324e-02 7.362009e-02 1.694796e-03) (1.519784e-02 3.112307e-03 -3.458831e-04))
54            	((3.056502e-01 2.580541e+00 2.832676e+01) (7.852663e-04 3.439622e-02 7.965957e-01)) ((2.454331e-02 7.272925e-02 -1.173740e-03) (1.486873e-02 3.092903e-03 -3.914275e-04))
55            	((2.800254e-01 2.524053e+00 2.816777e+01) (1.117411e-03 3.562796e-02 7.918113e-01)) ((2.198792e-02 7.153836e-02 -3.778287e-03) (1.455376e-02 3.076780e-03 -4.422168e-04))
56            	((2.452121e-01 2.467685e+00 2.802258e+01) (1.501531e-03 3.686860e-02 7.871675e-01)) ((1.943594e-02 7.005080e-02 -5.454019e-03) (1.424097e-02 3.065711e-03 -4.911668e-04))
57            	((2.053719e-01 2.410532e+00 2.789158e+01) (1.914873e-03 3.810299e-02 7.826726e-01)) ((1.699111e-02 6.822027e-02 -5.908918e-03) (1.393632e-02 3.056344e-03 -5.327729e-04))
58            	((1.638222e-01 2.349745e+00 2.777277e+01) (2.378219e-03 3.928487e-02 7.783763e-01)) ((1.433849e-02 6.597602e-02 -4.882452e-03) (1.363845e-02 3.044875e-03 -5.726476e-04))
59            	((1.243317e-01 2.282277e+00 2.766193e+01) (2.854178e-03 4.043034e-02 7.742683e-01)) ((1.133768e-02 6.383860e-02 -2.660612e-03) (1.335296e-02 3.038197e-03 -6.116061e-04))
60            	((8.972108e-02 2.206098e+00 2.755481e+01) (3.330532e-03 4.150338e-02 7.703340e-01)) ((7.816822e-03 6.263547e-02 4.627977e-04) (1.308027e-02 3.035876e-03 -6.514959e-04))
61            	((6.099967e-02 2.117525e+00 2.744784e+01) (3.832287e-03 4.247809e-02 7.665093e-01)) ((3.934245e-03 6.292034e-02 4.319722e-03) (1.281674e-02 3.040265e-03 -6.893633e-04))
62            	((4.026142e-02 2.015264e+00 2.733783e+01) (4.304996e-03 4.337644e-02 7.628530e-01)) ((1.106803e-04 6.473292e-02 8.699427e-03) (1.256916e-02 3.054127e-03 -7.225011e-04))
63            	((2.879022e-02 1.899337e+00 2.722212e+01) (4.727945e-03 4.417917e-02 7.594173e-01)) ((-3.206145e-03 6.774452e-02 1.316224e-02) (1.233880e-02 3.072911e-03 -7.536733e-04))
64            	((2.791655e-02 1.773522e+00 2.709832e+01) (5.126738e-03 4.486349e-02 7.561887e-01)) ((-6.341333e-03 7.164477e-02 1.700325e-02) (1.212858e-02 3.099608e-03 -7.775761e-04))
65            	((3.647449e-02 1.640724e+00 2.696598e+01) (5.519126e-03 4.540448e-02 7.531735e-01)) ((-9.495089e-03 7.577586e-02 1.970239e-02) (1.193552e-02 3.128411e-03 -7.926824e-04))
66            	((5.112387e-02 1.504467e+00 2.682598e+01) (5.851728e-03 4.580945e-02 7.503282e-01)) ((-1.272954e-02 7.905358e-02 2.071118e-02) (1.176071e-02 3.159077e-03 -7.996810e-04))
67            	((6.795735e-02 1.369788e+00 2.668087e+01) (6.161435e-03 4.607887e-02 7.476969e-01)) ((-1.593855e-02 8.060296e-02 1.957819e-02) (1.160614e-02 3.188525e-03 -7.963674e-04))
68            	((8.296107e-02 1.238650e+00 2.653389e+01) (6.434322e-03 4.618772e-02 7.452831e-01)) ((-1.902660e-02 8.040322e-02 1.630551e-02) (1.146275e-02 3.220278e-03 -7.905709e-04))
69            	((9.391203e-02 1.111638e+00 2.638895e+01) (6.633680e-03 4.617778e-02 7.430860e-01)) ((-2.160791e-02 7.928888e-02 1.143732e-02) (1.134356e-02 3.249815e-03 -7.765152e-04))
70            	((1.002310e-01 9.870843e-01 2.624904e+01) (6.770815e-03 4.602301e-02 7.410920e-01)) ((-2.313948e-02 7.833266e-02 5.952291e-03) (1.124345e-02 3.271101e-03 -7.603652e-04))
71            	((1.048301e-01 8.608871e-01 2.611658e+01) (6.852821e-03 4.573771e-02 7.392028e-01)) ((-2.322585e-02 7.833747e-02 5.919522e-04) (1.116412e-02 3.288368e-03 -7.372352e-04))
72            	((1.090927e-01 7.292694e-01 2.599468e+01) (6.908563e-03 4.537496e-02 7.374231e-01)) ((-2.155831e-02 7.968512e-02 -4.271637e-03) (1.109595e-02 3.301448e-03 -7.090138e-04))
73            	((1.123485e-01 5.864811e-01 2.588525e+01) (6.897350e-03 4.487471e-02 7.357233e-01)) ((-1.790261e-02 8.225664e-02 -8.501353e-03) (1.103088e-02 3.318661e-03 -6.772905e-04))
74            	((1.144874e-01 4.291616e-01 2.578896e+01) (6.839274e-03 4.432028e-02 7.341088e-01)) ((-1.186675e-02 8.568494e-02 -1.210462e-02) (1.097907e-02 3.327598e-03 -6.382621e-04))
75            	((1.163760e-01 2.573970e-01 2.570661e+01) (6.722473e-03 4.370314e-02 7.325564e-01)) ((-3.290557e-03 8.960979e-02 -1.523226e-02) (1.093012e-02 3.325607e-03 -6.037473e-04))
76            	((1.211287e-01 7.649046e-02 2.563762e+01) (6.576083e-03 4.305264e-02 7.309846e-01)) ((7.492597e-03 9.376590e-02 -1.787771e-02) (1.088794e-02 3.319201e-03 -5.639583e-04))
77            	((1.323596e-01 -1.050708e-01 2.558152e+01) (6.389721e-03 4.234843e-02 7.294474e-01)) ((1.954099e-02 9.813242e-02 -2.000338e-02) (1.084337e-02 3.299727e-03 -5.242331e-04))
78            	((1.526489e-01 -2.790208e-01 2.553581e+01) (6.157466e-03 4.159572e-02 7.278902e-01)) ((3.163892e-02 1.025925e-01 -2.145720e-02) (1.079681e-02 3.277072e-03 -4.856652e-04))
79            	((1.827821e-01 -4.390739e-01 2.549680e+01) (5.930651e-03 4.087767e-02 7.263568e-01)) ((4.282772e-02 1.069849e-01 -2.184282e-02) (1.075643e-02 3.243195e-03 -4.365924e-04))
80            	((2.193846e-01 -5.801866e-01 2.545948e+01) (5.632579e-03 4.011655e-02 7.248242e-01)) ((5.245518e-02 1.114582e-01 -2.080092e-02) (1.070204e-02 3.210960e-03 -3.865973e-04))
81            	((2.581055e-01 -6.983452e-01 2.541901e+01) (5.275581e-03 3.942066e-02 7.232311e-01)) ((6.014083e-02 1.157274e-01 -1.839754e-02) (1.064665e-02 3.178422e-03 -3.311498e-04))
82            	((2.938227e-01 -7.920455e-01 2.537249e+01) (4.915957e-03 3.875113e-02 7.216608e-01)) ((6.591438e-02 1.194722e-01 -1.502999e-02) (1.058008e-02 3.145915e-03 -2.789046e-04))
83            	((3.232656e-01 -8.623174e-01 2.531874e+01) (4.531526e-03 3.813806e-02 7.200851e-01)) ((6.995476e-02 1.224964e-01 -1.135175e-02) (1.051238e-02 3.119532e-03 -2.278145e-04))
84            	((3.445265e-01 -9.101551e-01 2.525860e+01) (4.130983e-03 3.761702e-02 7.184895e-01)) ((7.246260e-02 1.246725e-01 -7.892995e-03) (1.044139e-02 3.093402e-03 -1.770368e-04))
85            	((3.565561e-01 -9.380080e-01 2.519266e+01) (3.690854e-03 3.710124e-02 7.168470e-01)) ((7.350628e-02 1.261629e-01 -4.899806e-03) (1.036658e-02 3.070875e-03 -1.264444e-04))
86            	((3.608489e-01 -9.481696e-01 2.512264e+01) (3.237320e-03 3.664670e-02 7.151286e-01)) ((7.317752e-02 1.272805e-01 -2.485682e-03) (1.029350e-02 3.052549e-03 -7.617920e-05))
87            	((3.601573e-01 -9.426889e-01 2.505036e+01) (2.749939e-03 3.619907e-02 7.133896e-01)) ((7.168373e-02 1.284504e-01 -4.685707e-04) (1.021204e-02 3.036256e-03 -3.451696e-05))
88            	((3.576622e-01 -9.242499e-01 2.497649e+01) (2.218459e-03 3.579635e-02 7.115769e-01)) ((6.921809e-02 1.298477e-01 1.287452e-03) (1.013161e-02 3.019538e-03 2.977854e-06))
89            	((3.560803e-01 -9.133651e-01 2.492861e+01) (1.653857e-03 3.539823e-02 7.097275e-01)) ((6.811058e-02 1.305853e-01 1.750462e-03) (1.004929e-02 2.996906e-03 3.756592e-05))
90            	((3.569570e-01 -8.733706e-01 2.484334e+01) (1.078595e-03 3.503488e-02 7.078796e-01)) ((6.379112e-02 1.327240e-01 3.648413e-03) (9.961716e-03 2.969069e-03 6.783728e-05))
91            	((3.640176e-01 -8.271274e-01 2.475914e+01) (5.347892e-04 3.473576e-02 7.059858e-01)) ((5.917651e-02 1.348714e-01 5.045874e-03) (9.870857e-03 2.934971e-03 1.061536e-04))
92            	((3.767836e-01 -7.782816e-01 2.468167e+01) (2.477504e-05 3.442042e-02 7.040471e-01)) ((5.465493e-02 1.369280e-01 5.532364e-03) (9.770857e-03 2.893029e-03 1.429673e-04))
93            	((3.831086e-01 -7.564604e-01 2.463442e+01) (-4.363489e-04 3.414336e-02 7.020466e-01)) ((5.253426e-02 1.374526e-01 5.393350e-03) (9.676873e-03 2.845698e-03 1.845172e-04))
94            	((4.053859e-01 -6.989813e-01 2.456038e+01) (-8.612178e-04 3.386718e-02 7.000487e-01)) ((4.832477e-02 1.398377e-01 3.723748e-03) (9.580605e-03 2.787762e-03 2.200432e-04))
95            	((4.283667e-01 -6.434759e-01 2.449101e+01) (-1.248337e-03 3.362166e-02 6.980164e-01)) ((4.500321e-02 1.420715e-01 1.748805e-03) (9.483503e-03 2.732977e-03 2.478329e-04))
96            	((4.490341e-01 -5.955405e-01 2.443097e+01) (-1.597738e-03 3.339890e-02 6.959798e-01)) ((4.297105e-02 1.438018e-01 2.515641e-04) (9.387136e-03 2.675299e-03 2.675164e-04))
97            	((4.651304e-01 -5.588968e-01 2.438163e+01) (-1.934431e-03 3.317619e-02 6.939495e-01)) ((4.233259e-02 1.449382e-01 -3.992088e-04) (9.290679e-03 2.621282e-03 2.783820e-04))
98            	((4.762849e-01 -5.353760e-01 2.434135e+01) (-2.202693e-03 3.301819e-02 6.919295e-01)) ((4.299640e-02 1.454851e-01 -1.979102e-04) (9.204999e-03 2.566701e-03 2.894801e-04))
99            	((4.747669e-01 -5.411196e-01 2.431282e+01) (-2.417883e-03 3.281135e-02 6.899765e-01)) ((4.442142e-02 1.449602e-01 2.870817e-04) (9.120037e-03 2.506797e-03 2.925384e-04))
100           	((4.776573e-01 -5.460203e-01 2.427524e+01) (-2.581263e-03 3.260966e-02 6.880290e-01)) ((4.722670e-02 1.451150e-01 1.622291e-03) (9.046831e-03 2.456270e-03 2.933350e-04))
101           	((4.780201e-01 -5.631559e-01 2.424151e+01) (-2.668101e-03 3.241597e-02 6.861761e-01)) ((5.043466e-02 1.450608e-01 2.818904e-03) (8.979170e-03 2.404612e-03 2.889906e-04))
102           	((4.772021e-01 -5.885185e-01 2.421320e+01) (-2.712203e-03 3.221786e-02 6.843500e-01)) ((5.355837e-02 1.447848e-01 3.670817e-03) (8.919136e-03 2.363662e-03 2.785836e-04))
103           	((4.762332e-01 -6.169471e-01 2.418934e+01) (-2.698910e-03 3.206183e-02 6.825604e-01)) ((5.638881e-02 1.441984e-01 4.215617e-03) (8.873293e-03 2.330668e-03 2.700894e-04))
104           	((4.703220e-01 -6.395500e-01 2.416842e+01) (-2.678958e-03 3.183893e-02 6.808113e-01)) ((5.783768e-02 1.433350e-01 5.009752e-03) (8.830410e-03 2.299407e-03 2.548233e-04))
105           	((4.648021e-01 -6.768282e-01 2.413960e+01) (-2.626231e-03 3.161526e-02 6.790421e-01)) ((6.102129e-02 1.422955e-01 5.731793e-03) (8.804315e-03 2.275875e-03 2.433769e-04))
106           	((4.577152e-01 -7.146687e-01 2.410787e+01) (-2.520684e-03 3.137087e-02 6.773577e-01)) ((6.448170e-02 1.408229e-01 7.111182e-03) (8.781536e-03 2.246965e-03 2.263688e-04))
107           	((4.492734e-01 -7.483222e-01 2.407411e+01) (-2.424607e-03 3.111242e-02 6.757195e-01)) ((6.798358e-02 1.387896e-01 9.428234e-03) (8.764236e-03 2.221188e-03 2.073277e-04))
108           	((4.379845e-01 -7.733840e-01 2.403963e+01) (-2.344686e-03 3.085663e-02 6.741453e-01)) ((7.119286e-02 1.360499e-01 1.275722e-02) (8.757008e-03 2.191060e-03 1.897865e-04))
109           	((4.217569e-01 -7.877324e-01 2.400502e+01) (-2.280729e-03 3.055703e-02 6.726497e-01)) ((7.390814e-02 1.327188e-01 1.696875e-02) (8.751880e-03 2.155168e-03 1.696877e-04))
110           	((4.002299e-01 -7.919185e-01 2.397002e+01) (-2.243256e-03 3.027157e-02 6.711989e-01)) ((7.614404e-02 1.289036e-01 2.181877e-02) (8.760217e-03 2.116400e-03 1.539421e-04))
111           	((3.743927e-01 -7.870488e-01 2.393489e+01) (-2.227572e-03 2.995276e-02 6.698367e-01)) ((7.797418e-02 1.247728e-01 2.692932e-02) (8.772888e-03 2.065337e-03 1.339261e-04))
112           	((3.447537e-01 -7.754755e-01 2.390015e+01) (-2.260975e-03 2.963190e-02 6.685210e-01)) ((7.932422e-02 1.204854e-01 3.192478e-02) (8.793304e-03 2.009356e-03 1.127281e-04))
113           	((3.115453e-01 -7.589988e-01 2.386722e+01) (-2.319501e-03 2.933412e-02 6.672605e-01)) ((8.008704e-02 1.162138e-01 3.659330e-02) (8.822521e-03 1.944335e-03 9.301710e-05))
114           	((2.751469e-01 -7.392096e-01 2.383675e+01) (-2.413550e-03 2.904134e-02 6.660792e-01)) ((8.011730e-02 1.121377e-01 4.096467e-02) (8.852838e-03 1.872753e-03 6.929415e-05))
115           	((2.365463e-01 -7.167980e-01 2.380900e+01) (-2.531077e-03 2.880267e-02 6.649607e-01)) ((7.941379e-02 1.081304e-01 4.517201e-02) (8.890854e-03 1.798334e-03 4.865508e-05))
116           	((1.961992e-01 -6.917617e-01 2.378429e+01) (-2.681672e-03 2.856908e-02 6.639575e-01)) ((7.806532e-02 1.040476e-01 4.918667e-02) (8.919448e-03 1.715235e-03 2.034655e-05))
117           	((1.551452e-01 -6.630415e-01 2.376211e+01) (-2.851097e-03 2.839456e-02 6.629835e-01)) ((7.611697e-02 9.993034e-02 5.283032e-02) (8.952065e-03 1.631434e-03 -4.967326e-06))
118           	((1.146775e-01 -6.285551e-01 2.374194e+01) (-3.053059e-03 2.824733e-02 6.620447e-01)) ((7.371965e-02 9.577472e-02 5.605636e-02) (8.986311e-03 1.540080e-03 -2.906575e-05))
119           	((7.501217e-02 -5.861634e-01 2.372260e+01) (-3.276385e-03 2.812006e-02 6.611203e-01)) ((7.092264e-02 9.164203e-02 5.882551e-02) (9.017299e-03 1.453067e-03 -5.254879e-05))
120           	((3.656873e-02 -5.350465e-01 2.370421e+01) (-3.480458e-03 2.804893e-02 6.602135e-01)) ((6.764387e-02 8.755059e-02 6.116485e-02) (9.048524e-03 1.367794e-03 -6.872356e-05))
121           	((-9.607440e-04 -4.752463e-01 2.368708e+01) (-3.672060e-03 2.797790e-02 6.593153e-01)) ((6.374227e-02 8.365847e-02 6.297081e-02) (9.066350e-03 1.289287e-03 -8.959499e-05))
122           	((-3.711240e-02 -4.058097e-01 2.367094e+01) (-3.849574e-03 2.798928e-02 6.583879e-01)) ((5.911480e-02 8.008415e-02 6.413418e-02) (9.084287e-03 1.216314e-03 -1.060067e-04))
123           	((-7.184946e-02 -3.267359e-01 2.365620e+01) (-4.004842e-03 2.802143e-02 6.574894e-01)) ((5.362985e-02 7.695160e-02 6.461622e-02) (9.086246e-03 1.141730e-03 -1.248887e-04))
124           	((-1.049457e-01 -2.393028e-01 2.364258e+01) (-4.157910e-03 2.808966e-02 6.565618e-01)) ((4.728496e-02 7.430195e-02 6.415118e-02) (9.078322e-03 1.079278e-03 -1.435070e-04))
125           	((-1.357673e-01 -1.443577e-01 2.363030e+01) (-4.278262e-03 2.821524e-02 6.556462e-01)) ((4.025390e-02 7.200364e-02 6.265685e-02) (9.069205e-03 1.013722e-03 -1.584404e-04))
126           	((-1.633083e-01 -4.271519e-02 2.361915e+01) (-4.400320e-03 2.833943e-02 6.547263e-01)) ((3.275325e-02 6.997776e-02 6.019741e-02) (9.052353e-03 9.480154e-04 -1.744992e-04))
127           	((-1.858813e-01 6.487227e-02 2.360852e+01) (-4.477958e-03 2.851871e-02 6.537808e-01)) ((2.506215e-02 6.812900e-02 5.700390e-02) (9.037961e-03 8.868335e-04 -1.858288e-04))
128           	((-2.033498e-01 1.771639e-01 2.359858e+01) (-4.523542e-03 2.868283e-02 6.528463e-01)) ((1.739094e-02 6.649277e-02 5.329918e-02) (9.013165e-03 8.249606e-04 -2.012864e-04))
129           	((-2.161829e-01 2.918760e-01 2.358869e+01) (-4.551857e-03 2.886059e-02 6.518575e-01)) ((9.818896e-03 6.525492e-02 4.932024e-02) (8.988299e-03 7.704060e-04 -2.153772e-04))
130           	((-2.249335e-01 4.073369e-01 2.357854e+01) (-4.552163e-03 2.906698e-02 6.508878e-01)) ((2.414683e-03 6.449250e-02 4.534574e-02) (8.966758e-03 7.141346e-04 -2.240433e-04))
131           	((-2.300128e-01 5.220462e-01 2.356752e+01) (-4.557525e-03 2.924878e-02 6.499189e-01)) ((-4.735125e-03 6.425120e-02 4.154125e-02) (8.940349e-03 6.632463e-04 -2.354957e-04))
132           	((-2.314909e-01 6.346456e-01 2.355545e+01) (-4.553085e-03 2.946810e-02 6.489219e-01)) ((-1.152871e-02 6.443765e-02 3.793579e-02) (8.918625e-03 6.157035e-04 -2.413915e-04))
133           	((-2.304017e-01 7.438577e-01 2.354273e+01) (-4.536167e-03 2.965714e-02 6.479533e-01)) ((-1.790074e-02 6.498744e-02 3.452745e-02) (8.892549e-03 5.620593e-04 -2.504862e-04))
134           	((-2.269466e-01 8.484765e-01 2.352901e+01) (-4.528358e-03 2.987291e-02 6.469650e-01)) ((-2.376344e-02 6.572451e-02 3.129129e-02) (8.874658e-03 5.139969e-04 -2.565219e-04))
135           	((-2.211723e-01 9.473881e-01 2.351469e+01) (-4.505982e-03 3.008257e-02 6.460291e-01)) ((-2.898035e-02 6.644711e-02 2.829985e-02) (8.857597e-03 4.634337e-04 -2.631321e-04))
136           	((-2.132807e-01 1.038674e+00 2.349985e+01) (-4.496759e-03 3.026646e-02 6.450911e-01)) ((-3.347527e-02 6.719315e-02 2.565812e-02) (8.838654e-03 4.219897e-04 -2.730955e-04))
137           	((-2.038313e-01 1.120983e+00 2.348520e+01) (-4.503400e-03 3.048275e-02 6.441543e-01)) ((-3.714061e-02 6.791025e-02 2.345546e-02) (8.828230e-03 3.844112e-04 -2.757317e-04))
138           	((-1.939977e-01 1.194104e+00 2.347093e+01) (-4.521637e-03 3.066243e-02 6.432418e-01)) ((-3.981931e-02 6.869721e-02 2.177226e-02) (8.816423e-03 3.472265e-04 -2.804987e-04))
139           	((-1.836992e-01 1.258551e+00 2.345678e+01) (-4.567733e-03 3.083800e-02 6.423218e-01)) ((-4.144439e-02 6.957498e-02 2.069939e-02) (8.814974e-03 3.151691e-04 -2.782609e-04))
140           	((-1.736213e-01 1.316034e+00 2.344318e+01) (-4.628393e-03 3.095124e-02 6.414164e-01)) ((-4.207220e-02 7.055337e-02 2.026010e-02) (8.813507e-03 2.821078e-04 -2.783887e-04))
141           	((-1.636005e-01 1.367853e+00 2.342997e+01) (-4.719305e-03 3.103148e-02 6.404793e-01)) ((-4.187357e-02 7.171008e-02 2.037030e-02) (8.817961e-03 2.549193e-04 -2.781791e-04))
142           	((-1.527289e-01 1.415758e+00 2.341719e+01) (-4.809272e-03 3.111928e-02 6.395502e-01)) ((-4.099569e-02 7.307845e-02 2.095646e-02) (8.835718e-03 2.219653e-04 -2.696859e-04))
143           	((-1.399974e-01 1.459478e+00 2.340450e+01) (-4.930886e-03 3.113551e-02 6.386523e-01)) ((-3.950469e-02 7.469555e-02 2.191249e-02) (8.853619e-03 1.898432e-04 -2.638224e-04))
144           	((-1.245847e-01 1.497228e+00 2.339240e+01) (-5.083937e-03 3.115091e-02 6.377823e-01)) ((-3.754726e-02 7.645133e-02 2.307529e-02) (8.880334e-03 1.596547e-04 -2.525488e-04))
145           	((-1.068361e-01 1.527508e+00 2.338195e+01) (-5.240168e-03 3.109890e-02 6.369831e-01)) ((-3.513851e-02 7.820361e-02 2.436488e-02) (8.905098e-03 1.207136e-04 -2.432483e-04))
146           	((-8.658069e-02 1.549004e+00 2.337318e+01) (-5.419491e-03 3.101330e-02 6.361831e-01)) ((-3.228080e-02 7.984259e-02 2.565194e-02) (8.935252e-03 8.673890e-05 -2.345742e-04))
147           	((-6.444096e-02 1.561372e+00 2.336627e+01) (-5.587633e-03 3.090400e-02 6.354261e-01)) ((-2.892406e-02 8.124576e-02 2.697082e-02) (8.971530e-03 5.231317e-05 -2.232845e-04))
148           	((-4.212567e-02 1.564634e+00 2.336127e+01) (-5.768537e-03 3.072122e-02 6.347136e-01)) ((-2.505401e-02 8.239201e-02 2.837377e-02) (9.009579e-03 2.007028e-05 -2.168966e-04))
149           	((-2.074258e-02 1.559766e+00 2.335813e+01) (-5.939788e-03 3.055104e-02 6.340184e-01)) ((-2.073867e-02 8.314809e-02 2.987348e-02) (9.058820e-03 -7.116753e-06 -2.065964e-04))
150           	((-1.748191e-03 1.548813e+00 2.335678e+01) (-6.090704e-03 3.033295e-02 6.333710e-01)) ((-1.604354e-02 8.348425e-02 3.154061e-02) (9.106345e-03 -3.392723e-05 -2.000567e-04))
151           	((1.416864e-02 1.533869e+00 2.335651e+01) (-6.237451e-03 3.010802e-02 6.327291e-01)) ((-1.105725e-02 8.339182e-02 3.344176e-02) (9.160032e-03 -5.336135e-05 -1.939495e-04))
152           	((2.651734e-02 1.517374e+00 2.335755e+01) (-6.371789e-03 2.986215e-02 6.321337e-01)) ((-5.874456e-03 8.283664e-02 3.559866e-02) (9.215416e-03 -7.577243e-05 -1.895890e-04))
153           	((3.456178e-02 1.501500e+00 2.335983e+01) (-6.507250e-03 2.957348e-02 6.315436e-01)) ((-6.422714e-04 8.189067e-02 3.794076e-02) (9.269918e-03 -9.381962e-05 -1.896462e-04))
154           	((3.830533e-02 1.488132e+00 2.336363e+01) (-6.603132e-03 2.930767e-02 6.309527e-01)) ((4.562994e-03 8.050979e-02 4.038435e-02) (9.332804e-03 -1.118461e-04 -1.867406e-04))
155           	((3.766560e-02 1.478497e+00 2.336893e+01) (-6.672278e-03 2.900299e-02 6.304102e-01)) ((9.699151e-03 7.874945e-02 4.288239e-02) (9.390139e-03 -1.318848e-04 -1.891604e-04))
156           	((3.298042e-02 1.472162e+00 2.337548e+01) (-6.719161e-03 2.870886e-02 6.298419e-01)) ((1.465675e-02 7.662530e-02 4.536433e-02) (9.450769e-03 -1.440937e-04 -1.895711e-04))
157           	((2.427504e-02 1.467819e+00 2.338434e+01) (-6.741284e-03 2.839197e-02 6.293271e-01)) ((1.925496e-02 7.420996e-02 4.780655e-02) (9.505251e-03 -1.579823e-04 -1.927872e-04))
158           	((1.204782e-02 1.464273e+00 2.339468e+01) (-6.721310e-03 2.808478e-02 6.288333e-01)) ((2.343362e-02 7.166033e-02 5.015337e-02) (9.555829e-03 -1.672033e-04 -1.979042e-04))
159           	((-2.605277e-03 1.461237e+00 2.340586e+01) (-6.677824e-03 2.781567e-02 6.283823e-01)) ((2.719730e-02 6.894694e-02 5.245605e-02) (9.604094e-03 -1.752164e-04 -1.987673e-04))
160           	((-1.968389e-02 1.458474e+00 2.341786e+01) (-6.639962e-03 2.751596e-02 6.279785e-01)) ((3.050349e-02 6.608573e-02 5.467678e-02) (9.636337e-03 -1.794715e-04 -2.054917e-04))
161           	((-3.910289e-02 1.456699e+00 2.343051e+01) (-6.585555e-03 2.728130e-02 6.275999e-01)) ((3.332432e-02 6.305864e-02 5.668470e-02) (9.666792e-03 -1.830920e-04 -2.070429e-04))
162           	((-6.039699e-02 1.457470e+00 2.344377e+01) (-6.504562e-03 2.705141e-02 6.272761e-01)) ((3.571053e-02 5.985480e-02 5.839739e-02) (9.683643e-03 -1.901329e-04 -2.108894e-04))
163           	((-8.248412e-02 1.461742e+00 2.345661e+01) (-6.418776e-03 2.684712e-02 6.269601e-01)) ((3.763355e-02 5.656689e-02 5.983047e-02) (9.690980e-03 -1.919781e-04 -2.141668e-04))
164           	((-1.043546e-01 1.470140e+00 2.346845e+01) (-6.311893e-03 2.669239e-02 6.266815e-01)) ((3.902872e-02 5.326320e-02 6.103172e-02) (9.690624e-03 -1.955879e-04 -2.144113e-04))
165           	((-1.257107e-01 1.483133e+00 2.347876e+01) (-6.206653e-03 2.652845e-02 6.264478e-01)) ((3.977309e-02 5.013892e-02 6.204586e-02) (9.675630e-03 -1.960466e-04 -2.184689e-04))
166           	((-1.457021e-01 1.500927e+00 2.348680e+01) (-6.088844e-03 2.643450e-02 6.262328e-01)) ((3.979276e-02 4.728478e-02 6.296947e-02) (9.658499e-03 -1.940510e-04 -2.176715e-04))
167           	((-1.637088e-01 1.523785e+00 2.349243e+01) (-5.955469e-03 2.633421e-02 6.260780e-01)) ((3.912768e-02 4.476898e-02 6.392472e-02) (9.628499e-03 -1.961516e-04 -2.192533e-04))
168           	((-1.793843e-01 1.550528e+00 2.349536e+01) (-5.822057e-03 2.626063e-02 6.259311e-01)) ((3.784253e-02 4.265784e-02 6.491513e-02) (9.591346e-03 -1.945056e-04 -2.211859e-04))
169           	((-1.925974e-01 1.580500e+00 2.349619e+01) (-5.674055e-03 2.623057e-02 6.257997e-01)) ((3.603938e-02 4.089547e-02 6.588078e-02) (9.549339e-03 -1.951829e-04 -2.204375e-04))
170           	((-2.038290e-01 1.612694e+00 2.349519e+01) (-5.532719e-03 2.619407e-02 6.256830e-01)) ((3.385800e-02 3.948831e-02 6.674734e-02) (9.500585e-03 -1.976142e-04 -2.229044e-04))
171           	((-2.128059e-01 1.645997e+00 2.349253e+01) (-5.388455e-03 2.621019e-02 6.255517e-01)) ((3.150595e-02 3.833675e-02 6.746303e-02) (9.456155e-03 -1.997740e-04 -2.191127e-04))
172           	((-2.200550e-01 1.679244e+00 2.348903e+01) (-5.251028e-03 2.620020e-02 6.254538e-01)) ((2.913389e-02 3.741745e-02 6.808502e-02) (9.404022e-03 -2.029369e-04 -2.195098e-04))
173           	((-2.257794e-01 1.711554e+00 2.348494e+01) (-5.127894e-03 2.621897e-02 6.253139e-01)) ((2.677887e-02 3.680136e-02 6.863294e-02) (9.355401e-03 -2.011613e-04 -2.181058e-04))
174           	((-2.297889e-01 1.742898e+00 2.348052e+01) (-4.988444e-03 2.624843e-02 6.252114e-01)) ((2.450001e-02 3.652674e-02 6.923504e-02) (9.310512e-03 -2.067995e-04 -2.147997e-04))
175           	((-2.315794e-01 1.773076e+00 2.347475e+01) (-4.871282e-03 2.625250e-02 6.250959e-01)) ((2.232889e-02 3.668106e-02 7.001477e-02) (9.265328e-03 -2.096776e-04 -2.151644e-04))
176           	((-2.308286e-01 1.801282e+00 2.346782e+01) (-4.769527e-03 2.626952e-02 6.249478e-01)) ((2.021679e-02 3.718705e-02 7.097309e-02) (9.228232e-03 -2.103960e-04 -2.121081e-04))
177           	((-2.281639e-01 1.826957e+00 2.346006e+01) (-4.675438e-03 2.624897e-02 6.248210e-01)) ((1.807293e-02 3.811779e-02 7.203730e-02) (9.187779e-03 -2.142523e-04 -2.143205e-04))
178           	((-2.231452e-01 1.850157e+00 2.345105e+01) (-4.585942e-03 2.625864e-02 6.246500e-01)) ((1.586966e-02 3.935700e-02 7.311561e-02) (9.158675e-03 -2.105850e-04 -2.133921e-04))
179           	((-2.159692e-01 1.871249e+00 2.344091e+01) (-4.497210e-03 2.622925e-02 6.245004e-01)) ((1.368675e-02 4.077665e-02 7.418838e-02) (9.130656e-03 -2.093536e-04 -2.145176e-04))
180           	((-2.069145e-01 1.889208e+00 2.342969e+01) (-4.426454e-03 2.616705e-02 6.243295e-01)) ((1.153162e-02 4.235319e-02 7.515796e-02) (9.106703e-03 -2.018344e-04 -2.191520e-04))
181           	((-1.959709e-01 1.903593e+00 2.341802e+01) (-4.351507e-03 2.611706e-02 6.241583e-01)) ((9.433392e-03 4.399840e-02 7.597134e-02) (9.092850e-03 -1.913343e-04 -2.195026e-04))
182           	((-1.836024e-01 1.914599e+00 2.340636e+01) (-4.291001e-03 2.601025e-02 6.239960e-01)) ((7.414192e-03 4.573039e-02 7.662689e-02) (9.079546e-03 -1.796407e-04 -2.264418e-04))
183           	((-1.698989e-01 1.922520e+00 2.339482e+01) (-4.230213e-03 2.591405e-02 6.238173e-01)) ((5.488663e-03 4.746697e-02 7.717769e-02) (9.077301e-03 -1.629828e-04 -2.317972e-04))
184           	((-1.556719e-01 1.928623e+00 2.338460e+01) (-4.172930e-03 2.577986e-02 6.236662e-01)) ((3.699603e-03 4.909645e-02 7.779481e-02) (9.075298e-03 -1.482423e-04 -2.405151e-04))
185           	((-1.416773e-01 1.933758e+00 2.337630e+01) (-4.131379e-03 2.562241e-02 6.235072e-01)) ((2.014720e-03 5.059156e-02 7.847255e-02) (9.075972e-03 -1.297499e-04 -2.508424e-04))
186           	((-1.284864e-01 1.939057e+00 2.337076e+01) (-4.076022e-03 2.548399e-02 6.233744e-01)) ((4.894162e-04 5.182726e-02 7.914386e-02) (9.083523e-03 -1.131103e-04 -2.591960e-04))
187           	((-1.170359e-01 1.945388e+00 2.336795e+01) (-4.018029e-03 2.531736e-02 6.232760e-01)) ((-8.029253e-04 5.275262e-02 7.971350e-02) (9.089544e-03 -9.698454e-05 -2.714598e-04))
188           	((-1.070937e-01 1.953512e+00 2.336764e+01) (-3.965669e-03 2.517904e-02 6.231592e-01)) ((-1.871063e-03 5.326172e-02 8.004800e-02) (9.103217e-03 -7.911558e-05 -2.787886e-04))
189           	((-9.945880e-02 1.964014e+00 2.337046e+01) (-3.908161e-03 2.502004e-02 6.230863e-01)) ((-2.806762e-03 5.327074e-02 8.008457e-02) (9.112965e-03 -6.452483e-05 -2.885879e-04))
190           	((-9.442696e-02 1.976518e+00 2.337584e+01) (-3.840694e-03 2.486970e-02 6.230110e-01)) ((-3.705783e-03 5.280415e-02 7.974255e-02) (9.125406e-03 -4.635908e-05 -2.978652e-04))
191           	((-9.157549e-02 1.990929e+00 2.338299e+01) (-3.750493e-03 2.476200e-02 6.229673e-01)) ((-4.630251e-03 5.184325e-02 7.906660e-02) (9.141618e-03 -3.219428e-05 -3.037541e-04))
192           	((-9.069126e-02 2.006869e+00 2.339053e+01) (-3.675437e-03 2.464383e-02 6.229244e-01)) ((-5.676495e-03 5.049972e-02 7.811483e-02) (9.151540e-03 -1.976269e-05 -3.133755e-04))
193           	((-9.082215e-02 2.023778e+00 2.339763e+01) (-3.600843e-03 2.459130e-02 6.228839e-01)) ((-6.995934e-03 4.885523e-02 7.690904e-02) (9.167217e-03 -5.811173e-06 -3.165341e-04))
194           	((-9.148436e-02 2.041854e+00 2.340393e+01) (-3.517840e-03 2.452487e-02 6.228806e-01)) ((-8.661620e-03 4.701667e-02 7.548488e-02) (9.174760e-03 2.138146e-06 -3.224925e-04))
195           	((-9.197278e-02 2.061262e+00 2.340822e+01) (-3.441591e-03 2.448929e-02 6.228536e-01)) ((-1.069643e-02 4.507159e-02 7.386603e-02) (9.181382e-03 1.007503e-05 -3.254713e-04))
196           	((-9.198052e-02 2.082700e+00 2.341010e+01) (-3.370007e-03 2.449914e-02 6.228488e-01)) ((-1.305469e-02 4.297791e-02 7.207806e-02) (9.185497e-03 1.153858e-05 -3.248474e-04))
197           	((-9.188017e-02 2.106272e+00 2.340952e+01) (-3.325301e-03 2.450500e-02 6.228468e-01)) ((-1.576486e-02 4.079432e-02 7.010948e-02) (9.180577e-03 1.300249e-05 -3.276672e-04))
198           	((-9.180249e-02 2.132093e+00 2.340722e+01) (-3.288868e-03 2.456698e-02 6.228119e-01)) ((-1.887422e-02 3.849930e-02 6.788764e-02) (9.176578e-03 1.022554e-05 -3.243951e-04))
199           	((-9.145627e-02 2.161077e+00 2.340316e+01) (-3.251506e-03 2.462438e-02 6.228035e-01)) ((-2.230447e-02 3.617057e-02 6.551774e-02) (9.163249e-03 -2.696139e-06 -3.242784e-04))
200           	((-9.032203e-02 2.193640e+00 2.339685e+01) (-3.227636e-03 2.472306e-02 6.227476e-01)) ((-2.600777e-02 3.386220e-02 6.306258e-02) (9.147215e-03 -1.634956e-05 -3.214811e-04))
201           	((-8.873839e-02 2.229371e+00 2.338920e+01) (-3.211252e-03 2.482619e-02 6.226981e-01)) ((-2.988766e-02 3.159424e-02 6.063817e-02) (9.122172e-03 -3.372461e-05 -3.200774e-04))
202           	((-8.740024e-02 2.266995e+00 2.338056e+01) (-3.209705e-03 2.495205e-02 6.226544e-01)) ((-3.392573e-02 2.958266e-02 5.824198e-02) (9.090171e-03 -5.339184e-05 -3.206521e-04))
203           	((-8.561258e-02 2.305564e+00 2.337065e+01) (-3.194284e-03 2.515130e-02 6.225945e-01)) ((-3.795990e-02 2.782414e-02 5.605610e-02) (9.060035e-03 -7.651605e-05 -3.147077e-04))
204           	((-8.297684e-02 2.343869e+00 2.335948e+01) (-3.192224e-03 2.532452e-02 6.225403e-01)) ((-4.191710e-02 2.641038e-02 5.415633e-02) (9.017173e-03 -1.026521e-04 -3.146781e-04))
205           	((-7.927090e-02 2.380105e+00 2.334732e+01) (-3.208269e-03 2.552477e-02 6.224461e-01)) ((-4.579520e-02 2.536858e-02 5.260348e-02) (8.972525e-03 -1.229382e-04 -3.112459e-04))
206           	((-7.528098e-02 2.413302e+00 2.333517e+01) (-3.221537e-03 2.571235e-02 6.223754e-01)) ((-4.955393e-02 2.477663e-02 5.151234e-02) (8.922265e-03 -1.503831e-04 -3.098171e-04))
207           	((-7.084893e-02 2.442954e+00 2.332283e+01) (-3.246152e-03 2.590565e-02 6.222975e-01)) ((-5.319539e-02 2.474801e-02 5.087290e-02) (8.870302e-03 -1.746911e-04 -3.078061e-04))
208           	((-6.540773e-02 2.468840e+00 2.331020e+01) (-3.260421e-03 2.612648e-02 6.222052e-01)) ((-5.661625e-02 2.522749e-02 5.065167e-02) (8.819552e-03 -2.016266e-04 -3.016984e-04))
209           	((-5.926664e-02 2.490155e+00 2.329724e+01) (-3.297682e-03 2.630294e-02 6.221197e-01)) ((-5.972488e-02 2.621923e-02 5.074709e-02) (8.761530e-03 -2.266385e-04 -2.983443e-04))
210           	((-5.217130e-02 2.506194e+00 2.328361e+01) (-3.325947e-03 2.652767e-02 6.220073e-01)) ((-6.246639e-02 2.769619e-02 5.107596e-02) (8.711790e-03 -2.499045e-04 -2.875094e-04))
211           	((-4.399380e-02 2.516841e+00 2.326952e+01) (-3.350297e-03 2.672006e-02 6.219078e-01)) ((-6.472502e-02 2.961076e-02 5.166460e-02) (8.657738e-03 -2.762833e-04 -2.780926e-04))
212           	((-3.460712e-02 2.522112e+00 2.325468e+01) (-3.375398e-03 2.690504e-02 6.217778e-01)) ((-6.643954e-02 3.194430e-02 5.255683e-02) (8.604503e-03 -2.969616e-04 -2.684325e-04))
213           	((-2.422723e-02 2.522636e+00 2.323998e+01) (-3.389245e-03 2.708630e-02 6.216286e-01)) ((-6.757932e-02 3.455366e-02 5.382151e-02) (8.552576e-03 -3.145841e-04 -2.565946e-04))
214           	((-1.376038e-02 2.518614e+00 2.322581e+01) (-3.402199e-03 2.724960e-02 6.214529e-01)) ((-6.816444e-02 3.745147e-02 5.544237e-02) (8.498916e-03 -3.298200e-04 -2.464464e-04))
215           	((-3.320751e-03 2.509758e+00 2.321205e+01) (-3.406634e-03 2.742923e-02 6.212352e-01)) ((-6.818206e-02 4.055105e-02 5.737059e-02) (8.452704e-03 -3.380592e-04 -2.329753e-04))
216           	((6.584180e-03 2.495816e+00 2.319884e+01) (-3.399606e-03 2.755441e-02 6.210184e-01)) ((-6.760352e-02 4.381798e-02 5.954973e-02) (8.403290e-03 -3.467530e-04 -2.248532e-04))
217           	((1.595303e-02 2.476356e+00 2.318588e+01) (-3.405835e-03 2.765929e-02 6.207539e-01)) ((-6.645347e-02 4.724491e-02 6.181024e-02) (8.356321e-03 -3.464801e-04 -2.169878e-04))
218           	((2.494075e-02 2.451492e+00 2.317332e+01) (-3.381464e-03 2.776892e-02 6.204955e-01)) ((-6.477899e-02 5.077002e-02 6.402821e-02) (8.313682e-03 -3.474069e-04 -2.090132e-04))
219           	((3.354432e-02 2.421614e+00 2.316091e+01) (-3.358951e-03 2.782899e-02 6.202073e-01)) ((-6.266348e-02 5.437496e-02 6.612874e-02) (8.268969e-03 -3.417807e-04 -2.060144e-04))
220           	((4.231309e-02 2.387745e+00 2.314873e+01) (-3.317367e-03 2.790869e-02 6.198986e-01)) ((-6.018466e-02 5.788959e-02 6.804310e-02) (8.233850e-03 -3.333190e-04 -2.010668e-04))
221           	((5.097960e-02 2.350848e+00 2.313730e+01) (-3.268843e-03 2.793070e-02 6.195977e-01)) ((-5.742197e-02 6.119607e-02 6.974880e-02) (8.195570e-03 -3.234644e-04 -2.028974e-04))
222           	((5.967746e-02 2.311524e+00 2.312661e+01) (-3.211206e-03 2.795368e-02 6.192533e-01)) ((-5.443841e-02 6.418474e-02 7.124363e-02) (8.164752e-03 -3.062140e-04 -2.032996e-04))
223           	((6.799231e-02 2.270419e+00 2.311739e+01) (-3.130745e-03 2.794483e-02 6.189281e-01)) ((-5.122494e-02 6.674568e-02 7.257666e-02) (8.134378e-03 -2.911168e-04 -2.074424e-04))
224           	((7.532316e-02 2.227690e+00 2.310968e+01) (-3.051953e-03 2.790166e-02 6.185834e-01)) ((-4.780696e-02 6.892160e-02 7.374089e-02) (8.105317e-03 -2.695948e-04 -2.152496e-04))
225           	((8.152149e-02 2.183694e+00 2.310378e+01) (-2.951423e-03 2.787756e-02 6.182232e-01)) ((-4.415143e-02 7.064785e-02 7.478780e-02) (8.084895e-03 -2.479755e-04 -2.186308e-04))
226           	((8.605666e-02 2.139380e+00 2.309975e+01) (-2.851485e-03 2.779918e-02 6.178767e-01)) ((-4.029811e-02 7.198722e-02 7.572016e-02) (8.059979e-03 -2.273432e-04 -2.277464e-04))
227           	((8.917094e-02 2.095304e+00 2.309729e+01) (-2.739423e-03 2.775284e-02 6.175059e-01)) ((-3.632819e-02 7.294020e-02 7.642825e-02) (8.042775e-03 -2.013151e-04 -2.345284e-04))
228           	((9.085214e-02 2.052282e+00 2.309661e+01) (-2.618428e-03 2.768392e-02 6.171528e-01)) ((-3.231283e-02 7.348985e-02 7.681697e-02) (8.022051e-03 -1.809988e-04 -2.453430e-04))
229           	((9.149547e-02 2.010972e+00 2.309700e+01) (-2.505911e-03 2.762331e-02 6.167827e-01)) ((-2.832117e-02 7.366517e-02 7.677284e-02) (8.002902e-03 -1.565302e-04 -2.582462e-04))
230           	((9.174862e-02 1.971699e+00 2.309829e+01) (-2.390268e-03 2.759783e-02 6.164304e-01)) ((-2.435511e-02 7.339956e-02 7.627930e-02) (7.987918e-03 -1.354477e-04 -2.687550e-04))
231           	((9.127486e-02 1.934829e+00 2.310058e+01) (-2.291505e-03 2.755027e-02 6.160837e-01)) ((-2.046314e-02 7.270409e-02 7.543620e-02) (7.967600e-03 -1.132782e-04 -2.851309e-04))
232           	((9.027732e-02 1.900165e+00 2.310379e+01) (-2.192121e-03 2.755297e-02 6.157213e-01)) ((-1.668974e-02 7.158423e-02 7.429942e-02) (7.954685e-03 -8.938647e-05 -2.965463e-04))
233           	((8.853188e-02 1.867548e+00 2.310821e+01) (-2.099551e-03 2.754588e-02 6.153992e-01)) ((-1.309555e-02 7.008367e-02 7.297873e-02) (7.935711e-03 -7.058476e-05 -3.119012e-04))
234           	((8.589683e-02 1.836849e+00 2.311333e+01) (-2.029669e-03 2.755956e-02 6.150673e-01)) ((-9.837917e-03 6.831038e-02 7.152143e-02) (7.916385e-03 -4.834686e-05 -3.278757e-04))
235           	((8.236504e-02 1.808405e+00 2.311911e+01) (-1.962716e-03 2.760744e-02 6.147597e-01)) ((-7.038580e-03 6.633451e-02 6.998575e-02) (7.899832e-03 -3.081840e-05 -3.405938e-04))
236           	((7.742607e-02 1.782803e+00 2.312513e+01) (-1.916231e-03 2.763923e-02 6.144711e-01)) ((-4.764083e-03 6.431887e-02 6.839978e-02) (7.879988e-03 -1.508366e-05 -3.572334e-04))
237           	((7.113072e-02 1.760837e+00 2.313103e+01) (-1.880754e-03 2.772252e-02 6.141720e-01)) ((-3.037464e-03 6.227174e-02 6.680464e-02) (7.865470e-03 -1.479538e-07 -3.680943e-04))
238           	((6.355133e-02 1.743425e+00 2.313657e+01) (-1.857669e-03 2.778621e-02 6.139150e-01)) ((-1.878104e-03 6.024282e-02 6.523800e-02) (7.844689e-03 8.807931e-06 -3.825575e-04))
239           	((5.488826e-02 1.730894e+00 2.314104e+01) (-1.856893e-03 2.786590e-02 6.136361e-01)) ((-1.372985e-03 5.828241e-02 6.369937e-02) (7.823951e-03 2.155652e-05 -3.953433e-04))
240           	((4.514957e-02 1.723525e+00 2.314445e+01) (-1.852002e-03 2.795053e-02 6.133865e-01)) ((-1.574169e-03 5.641894e-02 6.224952e-02) (7.802681e-03 2.859953e-05 -4.077333e-04))
241           	((3.437366e-02 1.721209e+00 2.314608e+01) (-1.865192e-03 2.802107e-02 6.131410e-01)) ((-2.527153e-03 5.480446e-02 6.088825e-02) (7.777606e-03 3.566277e-05 -4.217159e-04))
242           	((2.332925e-02 1.723786e+00 2.314572e+01) (-1.882478e-03 2.812037e-02 6.129033e-01)) ((-4.189969e-03 5.343096e-02 5.960761e-02) (7.757832e-03 4.201140e-05 -4.307487e-04))
243           	((1.220626e-02 1.730971e+00 2.314367e+01) (-1.914261e-03 2.816599e-02 6.127022e-01)) ((-6.519485e-03 5.236337e-02 5.840159e-02) (7.730612e-03 4.572368e-05 -4.455317e-04))
244           	((1.747882e-03 1.742062e+00 2.313986e+01) (-1.947466e-03 2.822584e-02 6.125016e-01)) ((-9.451516e-03 5.158566e-02 5.726845e-02) (7.711161e-03 5.170077e-05 -4.569966e-04))
245           	((-7.689510e-03 1.756104e+00 2.313474e+01) (-1.967270e-03 2.826063e-02 6.123369e-01)) ((-1.281548e-02 5.102715e-02 5.628465e-02) (7.687308e-03 5.408380e-05 -4.724620e-04))
246           	((-1.573219e-02 1.771676e+00 2.312785e+01) (-1.985905e-03 2.828216e-02 6.121680e-01)) ((-1.642540e-02 5.069537e-02 5.549570e-02) (7.663718e-03 6.156791e-05 -4.907834e-04))
247           	((-2.216560e-02 1.787113e+00 2.311973e+01) (-1.995932e-03 2.830818e-02 6.120115e-01)) ((-2.009142e-02 5.049870e-02 5.497073e-02) (7.644503e-03 6.901217e-05 -5.059622e-04))
248           	((-2.743893e-02 1.801105e+00 2.311077e+01) (-2.008419e-03 2.828975e-02 6.118832e-01)) ((-2.370006e-02 5.048173e-02 5.474383e-02) (7.621810e-03 7.810596e-05 -5.256171e-04))
249           	((-3.135616e-02 1.812946e+00 2.310069e+01) (-2.011954e-03 2.830290e-02 6.117395e-01)) ((-2.719786e-02 5.062601e-02 5.481067e-02) (7.606424e-03 9.045172e-05 -5.404135e-04))
250           	((-3.407321e-02 1.822699e+00 2.308950e+01) (-2.002046e-03 2.827996e-02 6.116656e-01)) ((-3.055836e-02 5.091017e-02 5.510636e-02) (7.589202e-03 9.814291e-05 -5.585980e-04))
251           	((-3.574430e-02 1.829923e+00 2.307674e+01) (-2.013541e-03 2.823287e-02 6.115851e-01)) ((-3.386380e-02 5.142576e-02 5.552422e-02) (7.576106e-03 1.139123e-04 -5.767529e-04))
252           	((-3.633340e-02 1.834793e+00 2.306241e+01) (-2.011316e-03 2.820545e-02 6.115347e-01)) ((-3.712242e-02 5.218555e-02 5.605222e-02) (7.575054e-03 1.257817e-04 -5.888158e-04))
253           	((-3.587590e-02 1.837535e+00 2.304638e+01) (-2.020779e-03 2.813453e-02 6.115053e-01)) ((-4.033183e-02 5.323874e-02 5.668871e-02) (7.572115e-03 1.388179e-04 -6.039046e-04))
254           	((-3.405076e-02 1.838279e+00 2.302897e+01) (-2.026618e-03 2.808108e-02 6.114504e-01)) ((-4.349594e-02 5.450050e-02 5.741086e-02) (7.577805e-03 1.555335e-04 -6.135613e-04))
255           	((-3.131589e-02 1.837500e+00 2.301138e+01) (-2.028489e-03 2.799307e-02 6.114208e-01)) ((-4.659706e-02 5.588319e-02 5.819201e-02) (7.579811e-03 1.666859e-04 -6.243186e-04))
256           	((-2.788504e-02 1.835351e+00 2.299402e+01) (-2.031568e-03 2.790363e-02 6.113577e-01)) ((-4.962386e-02 5.728473e-02 5.893069e-02) (7.586411e-03 1.802078e-04 -6.327243e-04))
257           	((-2.360767e-02 1.832720e+00 2.297734e+01) (-2.020877e-03 2.782756e-02 6.113016e-01)) ((-5.250487e-02 5.851988e-02 5.955820e-02) (7.597462e-03 1.904240e-04 -6.365695e-04))
258           	((-1.873279e-02 1.830538e+00 2.296118e+01) (-2.027513e-03 2.771448e-02 6.112445e-01)) ((-5.520757e-02 5.957764e-02 6.004082e-02) (7.605766e-03 1.997385e-04 -6.429035e-04))
259           	((-1.333983e-02 1.829490e+00 2.294581e+01) (-2.043908e-03 2.762853e-02 6.111631e-01)) ((-5.778194e-02 6.041789e-02 6.038568e-02) (7.623088e-03 2.102142e-04 -6.422349e-04))
260           	((-7.918404e-03 1.830609e+00 2.293167e+01) (-2.063516e-03 2.751100e-02 6.110910e-01)) ((-6.026538e-02 6.112339e-02 6.064379e-02) (7.637757e-03 2.167248e-04 -6.441750e-04))
261           	((-2.333002e-03 1.834180e+00 2.291848e+01) (-2.081700e-03 2.741324e-02 6.109805e-01)) ((-6.271297e-02 6.175214e-02 6.083769e-02) (7.657730e-03 2.259903e-04 -6.428262e-04))
262           	((3.405026e-03 1.840394e+00 2.290678e+01) (-2.092997e-03 2.730268e-02 6.108769e-01)) ((-6.512836e-02 6.225939e-02 6.097643e-02) (7.676769e-03 2.300615e-04 -6.406779e-04))
263           	((8.862541e-03 1.849072e+00 2.289680e+01) (-2.116399e-03 2.718176e-02 6.107489e-01)) ((-6.754704e-02 6.267922e-02 6.100959e-02) (7.692954e-03 2.373608e-04 -6.399788e-04))
264           	((1.401377e-02 1.860407e+00 2.288877e+01) (-2.126210e-03 2.710363e-02 6.105990e-01)) ((-6.992040e-02 6.291598e-02 6.091692e-02) (7.717012e-03 2.411954e-04 -6.318208e-04))
265           	((1.854048e-02 1.874791e+00 2.288254e+01) (-2.138046e-03 2.698873e-02 6.104691e-01)) ((-7.214893e-02 6.296049e-02 6.071442e-02) (7.733511e-03 2.407022e-04 -6.268970e-04))
266           	((2.263942e-02 1.891966e+00 2.287803e+01) (-2.169441e-03 2.689545e-02 6.103026e-01)) ((-7.424389e-02 6.274618e-02 6.039193e-02) (7.753358e-03 2.461473e-04 -6.180863e-04))
267           	((2.572343e-02 1.911388e+00 2.287617e+01) (-2.189117e-03 2.679708e-02 6.101836e-01)) ((-7.619069e-02 6.232460e-02 5.997825e-02) (7.769057e-03 2.416457e-04 -6.093622e-04))
268           	((2.778739e-02 1.932253e+00 2.287656e+01) (-2.212796e-03 2.670617e-02 6.100586e-01)) ((-7.786979e-02 6.180960e-02 5.951142e-02) (7.784013e-03 2.361622e-04 -6.000498e-04))
269           	((2.942757e-02 1.953883e+00 2.287919e+01) (-2.231811e-03 2.665681e-02 6.099429e-01)) ((-7.912644e-02 6.119856e-02 5.902778e-02) (7.802604e-03 2.275894e-04 -5.853006e-04))
270           	((3.097682e-02 1.975545e+00 2.288376e+01) (-2.266962e-03 2.658629e-02 6.098638e-01)) ((-7.986339e-02 6.058924e-02 5.851701e-02) (7.813246e-03 2.150077e-04 -5.739345e-04))
271           	((3.271246e-02 1.995879e+00 2.289014e+01) (-2.319316e-03 2.656157e-02 6.097662e-01)) ((-8.008113e-02 5.999703e-02 5.793171e-02) (7.826454e-03 2.030710e-04 -5.583970e-04))
272           	((3.437335e-02 2.014191e+00 2.289867e+01) (-2.360650e-03 2.653375e-02 6.097009e-01)) ((-7.981911e-02 5.945324e-02 5.727466e-02) (7.835111e-03 1.847375e-04 -5.448509e-04))
273           	((3.616772e-02 2.030123e+00 2.290844e+01) (-2.405645e-03 2.652924e-02 6.096343e-01)) ((-7.918047e-02 5.902396e-02 5.654397e-02) (7.844279e-03 1.678746e-04 -5.308825e-04))
274           	((3.838972e-02 2.043926e+00 2.291928e+01) (-2.448588e-03 2.655413e-02 6.095853e-01)) ((-7.827527e-02 5.864480e-02 5.580017e-02) (7.853141e-03 1.457795e-04 -5.137202e-04))
275           	((4.043639e-02 2.055508e+00 2.293084e+01) (-2.518462e-03 2.655597e-02 6.095420e-01)) ((-7.724736e-02 5.833600e-02 5.514706e-02) (7.852956e-03 1.274883e-04 -4.998771e-04))
276           	((4.223948e-02 2.064636e+00 2.294267e+01) (-2.568834e-03 2.662045e-02 6.095053e-01)) ((-7.618890e-02 5.805657e-02 5.462886e-02) (7.858758e-03 1.058493e-04 -4.794347e-04))
277           	((4.390169e-02 2.071434e+00 2.295432e+01) (-2.619016e-03 2.666481e-02 6.094813e-01)) ((-7.513621e-02 5.780288e-02 5.428669e-02) (7.853405e-03 8.021545e-05 -4.630702e-04))
278           	((4.564386e-02 2.075642e+00 2.296543e+01) (-2.680957e-03 2.671999e-02 6.094338e-01)) ((-7.420999e-02 5.759284e-02 5.405205e-02) (7.846530e-03 5.967154e-05 -4.462680e-04))
279           	((4.722055e-02 2.077336e+00 2.297642e+01) (-2.719529e-03 2.678736e-02 6.094164e-01)) ((-7.345409e-02 5.745904e-02 5.386405e-02) (7.837160e-03 3.479945e-05 -4.295311e-04))
280           	((4.848365e-02 2.076898e+00 2.298688e+01) (-2.752487e-03 2.683966e-02 6.093839e-01)) ((-7.285792e-02 5.748542e-02 5.363623e-02) (7.822176e-03 1.132979e-05 -4.171765e-04))
281           	((5.008947e-02 2.075015e+00 2.299645e+01) (-2.778092e-03 2.694138e-02 6.093320e-01)) ((-7.240254e-02 5.760733e-02 5.337199e-02) (7.810076e-03 -1.166581e-05 -4.009246e-04))
282           	((5.174712e-02 2.072908e+00 2.300528e+01) (-2.792850e-03 2.699874e-02 6.092999e-01)) ((-7.207527e-02 5.779695e-02 5.314064e-02) (7.788600e-03 -3.498170e-05 -3.915994e-04))
283           	((5.348955e-02 2.070918e+00 2.301340e+01) (-2.798304e-03 2.706989e-02 6.092357e-01)) ((-7.190553e-02 5.799705e-02 5.291442e-02) (7.767390e-03 -4.891313e-05 -3.820972e-04))
284           	((5.501652e-02 2.069506e+00 2.302142e+01) (-2.778049e-03 2.713688e-02 6.091843e-01)) ((-7.188846e-02 5.814553e-02 5.273840e-02) (7.741634e-03 -6.417792e-05 -3.744223e-04))
285           	((5.643961e-02 2.068756e+00 2.302871e+01) (-2.744949e-03 2.718278e-02 6.091193e-01)) ((-7.204837e-02 5.830195e-02 5.263152e-02) (7.712042e-03 -7.268961e-05 -3.721192e-04))
286           	((5.803012e-02 2.068560e+00 2.303534e+01) (-2.688435e-03 2.722941e-02 6.090622e-01)) ((-7.240306e-02 5.841337e-02 5.262245e-02) (7.685731e-03 -7.763393e-05 -3.690721e-04))
287           	((5.936141e-02 2.068684e+00 2.304138e+01) (-2.640086e-03 2.722825e-02 6.089925e-01)) ((-7.292206e-02 5.861295e-02 5.267338e-02) (7.650053e-03 -7.820542e-05 -3.733813e-04))
288           	((6.063512e-02 2.068619e+00 2.304637e+01) (-2.557662e-03 2.725623e-02 6.089015e-01)) ((-7.353915e-02 5.893504e-02 5.277846e-02) (7.621108e-03 -7.553057e-05 -3.750093e-04))
289           	((6.177233e-02 2.067585e+00 2.305003e+01) (-2.459561e-03 2.723736e-02 6.088383e-01)) ((-7.419152e-02 5.931392e-02 5.303970e-02) (7.585238e-03 -7.552501e-05 -3.823301e-04))
290           	((6.258843e-02 2.064204e+00 2.305228e+01) (-2.366513e-03 2.719303e-02 6.087418e-01)) ((-7.493570e-02 5.977008e-02 5.336408e-02) (7.546175e-03 -6.854311e-05 -3.932645e-04))
291           	((6.326330e-02 2.058486e+00 2.305332e+01) (-2.243523e-03 2.715079e-02 6.086492e-01)) ((-7.576861e-02 6.026116e-02 5.365790e-02) (7.510707e-03 -6.416716e-05 -4.030205e-04))
292           	((6.386954e-02 2.050863e+00 2.305294e+01) (-2.113523e-03 2.706959e-02 6.085300e-01)) ((-7.667761e-02 6.079749e-02 5.391012e-02) (7.470549e-03 -5.430819e-05 -4.183245e-04))
293           	((6.521469e-02 2.042172e+00 2.305046e+01) (-1.971286e-03 2.701642e-02 6.083787e-01)) ((-7.765389e-02 6.129234e-02 5.416113e-02) (7.438181e-03 -4.058016e-05 -4.296419e-04))
294           	((6.713374e-02 2.033193e+00 2.304615e+01) (-1.828542e-03 2.691562e-02 6.082412e-01)) ((-7.868846e-02 6.173704e-02 5.447357e-02) (7.401474e-03 -2.821902e-05 -4.460007e-04))
295           	((6.957815e-02 2.023792e+00 2.303982e+01) (-1.688053e-03 2.681156e-02 6.080506e-01)) ((-7.983039e-02 6.218896e-02 5.476289e-02) (7.369022e-03 -9.265814e-06 -4.623492e-04))
296           	((7.255643e-02 2.014193e+00 2.303177e+01) (-1.537387e-03 2.672205e-02 6.078371e-01)) ((-8.104189e-02 6.265006e-02 5.501106e-02) (7.341360e-03 5.682965e-06 -4.769544e-04))
297           	((7.591689e-02 2.004655e+00 2.302180e+01) (-1.406356e-03 2.660474e-02 6.075959e-01)) ((-8.226914e-02 6.319047e-02 5.522599e-02) (7.312553e-03 2.161316e-05 -4.950621e-04))
298           	((7.979633e-02 1.995618e+00 2.301017e+01) (-1.270614e-03 2.652070e-02 6.073130e-01)) ((-8.346452e-02 6.375394e-02 5.536404e-02) (7.293325e-03 3.868363e-05 -5.096829e-04))
299           	((8.386529e-02 1.987737e+00 2.299729e+01) (-1.150133e-03 2.640990e-02 6.070211e-01)) ((-8.459049e-02 6.436199e-02 5.540872e-02) (7.270334e-03 5.332563e-05 -5.284013e-04))
300           	((8.844838e-02 1.981451e+00 2.298281e+01) (-1.042294e-03 2.633154e-02 6.066921e-01)) ((-8.562801e-02 6.501914e-02 5.530972e-02) (7.255831e-03 6.777984e-05 -5.418045e-04))
301           	((9.351378e-02 1.977042e+00 2.296688e+01) (-9.314446e-04 2.624722e-02 6.063641e-01)) ((-8.653493e-02 6.568131e-02 5.510680e-02) (7.238987e-03 7.670408e-05 -5.557486e-04))
302           	((9.845578e-02 1.973915e+00 2.294966e+01) (-8.676006e-04 2.614936e-02 6.060162e-01)) ((-8.742892e-02 6.637006e-02 5.479530e-02) (7.221980e-03 9.165502e-05 -5.699507e-04))
303           	((1.021756e-01 1.971739e+00 2.293225e+01) (-7.864293e-04 2.609678e-02 6.057038e-01)) ((-8.849485e-02 6.707997e-02 5.438831e-02) (7.211822e-03 9.576849e-05 -5.776364e-04))
304           	((1.047008e-01 1.970921e+00 2.291473e+01) (-7.210284e-04 2.601397e-02 6.053954e-01)) ((-8.979332e-02 6.777471e-02 5.398522e-02) (7.196886e-03 9.927569e-05 -5.874736e-04))
305           	((1.063471e-01 1.971706e+00 2.289737e+01) (-6.851977e-04 2.596126e-02 6.050814e-01)) ((-9.142632e-02 6.833992e-02 5.365248e-02) (7.188338e-03 1.055756e-04 -5.902459e-04))
306           	((1.070190e-01 1.974871e+00 2.288095e+01) (-6.534033e-04 2.588569e-02 6.048097e-01)) ((-9.339318e-02 6.871678e-02 5.349911e-02) (7.175817e-03 1.043946e-04 -5.949999e-04))
307           	((1.068710e-01 1.980847e+00 2.286573e+01) (-6.435189e-04 2.582456e-02 6.045498e-01)) ((-9.566129e-02 6.895225e-02 5.345949e-02) (7.164957e-03 1.057552e-04 -5.986645e-04))
308           	((1.060308e-01 1.989998e+00 2.285247e+01) (-6.417486e-04 2.580534e-02 6.043274e-01)) ((-9.806575e-02 6.905723e-02 5.352258e-02) (7.160189e-03 1.027087e-04 -5.966067e-04))
309           	((1.042083e-01 2.001710e+00 2.284148e+01) (-6.557266e-04 2.577765e-02 6.041500e-01)) ((-1.003983e-01 6.913080e-02 5.368035e-02) (7.152425e-03 9.695617e-05 -5.984899e-04))
310           	((1.014535e-01 2.015274e+00 2.283294e+01) (-6.813716e-04 2.580131e-02 6.039993e-01)) ((-1.024683e-01 6.914200e-02 5.390636e-02) (7.152428e-03 9.300363e-05 -5.947788e-04))
311           	((9.736587e-02 2.030242e+00 2.282711e+01) (-7.178612e-04 2.583161e-02 6.039103e-01)) ((-1.041570e-01 6.908533e-02 5.420667e-02) (7.147779e-03 8.284140e-05 -5.930213e-04))
312           	((9.197668e-02 2.045691e+00 2.282360e+01) (-7.551761e-04 2.589192e-02 6.038556e-01)) ((-1.055018e-01 6.900527e-02 5.453649e-02) (7.146985e-03 7.407623e-05 -5.898751e-04))
313           	((8.550258e-02 2.061782e+00 2.282267e+01) (-7.918209e-04 2.599893e-02 6.038683e-01)) ((-1.065847e-01 6.884037e-02 5.485843e-02) (7.148065e-03 5.968596e-05 -5.846846e-04))
314           	((7.793135e-02 2.078805e+00 2.282388e+01) (-8.428400e-04 2.611727e-02 6.039368e-01)) ((-1.075796e-01 6.864711e-02 5.516715e-02) (7.147847e-03 4.812289e-05 -5.823146e-04))
315           	((7.029392e-02 2.097093e+00 2.282679e+01) (-8.958243e-04 2.630167e-02 6.040350e-01)) ((-1.086268e-01 6.838734e-02 5.540330e-02) (7.153551e-03 3.669910e-05 -5.748118e-04))
316           	((6.248331e-02 2.116783e+00 2.283144e+01) (-9.672240e-04 2.646775e-02 6.041960e-01)) ((-1.098540e-01 6.810750e-02 5.547259e-02) (7.153643e-03 2.687581e-05 -5.727667e-04))
317           	((5.455543e-02 2.137308e+00 2.283732e+01) (-1.033745e-03 2.669140e-02 6.043584e-01)) ((-1.113203e-01 6.784479e-02 5.542085e-02) (7.160984e-03 2.035661e-05 -5.674922e-04))
318           	((4.667997e-02 2.158096e+00 2.284447e+01) (-1.090371e-03 2.691876e-02 6.045582e-01)) ((-1.129772e-01 6.755703e-02 5.527274e-02) (7.164653e-03 1.139315e-05 -5.666963e-04))
319           	((3.885937e-02 2.177989e+00 2.285211e+01) (-1.154350e-03 2.714860e-02 6.047478e-01)) ((-1.147555e-01 6.725188e-02 5.513139e-02) (7.166552e-03 8.083032e-06 -5.682810e-04))
320           	((3.137480e-02 2.196582e+00 2.286017e+01) (-1.204144e-03 2.741332e-02 6.049469e-01)) ((-1.165598e-01 6.685774e-02 5.507855e-02) (7.173153e-03 5.713073e-06 -5.672662e-04))
321           	((2.420791e-02 2.213397e+00 2.286833e+01) (-1.260436e-03 2.764982e-02 6.051615e-01)) ((-1.183328e-01 6.646058e-02 5.504599e-02) (7.171217e-03 4.550186e-06 -5.719423e-04))
322           	((1.797438e-02 2.228071e+00 2.287606e+01) (-1.299074e-03 2.791080e-02 6.053654e-01)) ((-1.200003e-01 6.610557e-02 5.491686e-02) (7.176567e-03 7.978230e-06 -5.729884e-04))
323           	((1.308136e-02 2.240624e+00 2.288342e+01) (-1.322340e-03 2.814187e-02 6.056018e-01)) ((-1.215221e-01 6.584144e-02 5.460528e-02) (7.175636e-03 8.190848e-06 -5.769972e-04))
324           	((1.002608e-02 2.250919e+00 2.288981e+01) (-1.334246e-03 2.834698e-02 6.058235e-01)) ((-1.229663e-01 6.572399e-02 5.402841e-02) (7.174212e-03 1.501981e-05 -5.807886e-04))
325           	((9.100062e-03 2.259061e+00 2.289548e+01) (-1.323048e-03 2.854015e-02 6.060488e-01)) ((-1.244085e-01 6.572114e-02 5.316489e-02) (7.172063e-03 2.218730e-05 -5.822545e-04))
326           	((9.910471e-03 2.264985e+00 2.290066e+01) (-1.308185e-03 2.867788e-02 6.062890e-01)) ((-1.259164e-01 6.588175e-02 5.205346e-02) (7.166234e-03 3.485789e-05 -5.858300e-04))
327           	((1.259676e-02 2.269057e+00 2.290534e+01) (-1.274663e-03 2.881709e-02 6.065178e-01)) ((-1.274892e-01 6.617646e-02 5.074001e-02) (7.166782e-03 5.108928e-05 -5.832159e-04))
328           	((1.686671e-02 2.271679e+00 2.290984e+01) (-1.224464e-03 2.888540e-02 6.067609e-01)) ((-1.291022e-01 6.658075e-02 4.931483e-02) (7.161582e-03 6.679589e-05 -5.836985e-04))
329           	((2.227817e-02 2.272287e+00 2.291379e+01) (-1.176844e-03 2.891908e-02 6.069821e-01)) ((-1.306936e-01 6.708980e-02 4.793653e-02) (7.158642e-03 8.856744e-05 -5.816911e-04))
330           	((2.776576e-02 2.269841e+00 2.291744e+01) (-1.102156e-03 2.891113e-02 6.072138e-01)) ((-1.321898e-01 6.765549e-02 4.675110e-02) (7.157491e-03 1.063503e-04 -5.772878e-04))
331           	((3.261021e-02 2.263426e+00 2.292014e+01) (-1.027251e-03 2.884436e-02 6.074121e-01)) ((-1.335371e-01 6.831544e-02 4.584323e-02) (7.154500e-03 1.292813e-04 -5.741492e-04))
332           	((3.731505e-02 2.252797e+00 2.292127e+01) (-9.359804e-04 2.877672e-02 6.075803e-01)) ((-1.346646e-01 6.898470e-02 4.525698e-02) (7.159488e-03 1.523780e-04 -5.657615e-04))
333           	((4.178678e-02 2.237901e+00 2.292099e+01) (-8.507669e-04 2.864081e-02 6.077334e-01)) ((-1.355392e-01 6.967573e-02 4.493961e-02) (7.158329e-03 1.736871e-04 -5.619560e-04))
334           	((4.634310e-02 2.218744e+00 2.291908e+01) (-7.745228e-04 2.850790e-02 6.078161e-01)) ((-1.361066e-01 7.038732e-02 4.478385e-02) (7.165195e-03 1.996885e-04 -5.543109e-04))
335           	((5.138247e-02 2.196303e+00 2.291559e+01) (-6.947528e-04 2.834268e-02 6.078883e-01)) ((-1.362581e-01 7.109434e-02 4.475264e-02) (7.173411e-03 2.181691e-04 -5.460399e-04))
336           	((5.721166e-02 2.171251e+00 2.291010e+01) (-6.383544e-04 2.813839e-02 6.079021e-01)) ((-1.359444e-01 7.182410e-02 4.480819e-02) (7.183046e-03 2.389154e-04 -5.393899e-04))
337           	((6.393680e-02 2.143909e+00 2.290313e+01) (-5.954208e-04 2.794076e-02 6.078648e-01)) ((-1.351684e-01 7.251966e-02 4.496048e-02) (7.200093e-03 2.583024e-04 -5.284846e-04))
338           	((7.077348e-02 2.114126e+00 2.289511e+01) (-5.653220e-04 2.770337e-02 6.078033e-01)) ((-1.339112e-01 7.330014e-02 4.528474e-02) (7.215917e-03 2.710109e-04 -5.212711e-04))
339           	((7.791744e-02 2.081305e+00 2.288582e+01) (-5.510031e-04 2.748654e-02 6.076630e-01)) ((-1.321481e-01 7.414130e-02 4.581717e-02) (7.238877e-03 2.848318e-04 -5.096460e-04))
340           	((8.485926e-02 2.045631e+00 2.287587e+01) (-5.379389e-04 2.722967e-02 6.075182e-01)) ((-1.299109e-01 7.497600e-02 4.653208e-02) (7.258711e-03 2.931980e-04 -5.009126e-04))
341           	((9.118039e-02 2.006825e+00 2.286563e+01) (-5.515569e-04 2.695627e-02 6.073041e-01)) ((-1.273188e-01 7.583568e-02 4.737611e-02) (7.279656e-03 3.029597e-04 -4.930266e-04))
342           	((9.674215e-02 1.965256e+00 2.285573e+01) (-5.400625e-04 2.671231e-02 6.070806e-01)) ((-1.243897e-01 7.672518e-02 4.832881e-02) (7.306652e-03 3.057436e-04 -4.826937e-04))
343           	((1.016525e-01 1.922399e+00 2.284609e+01) (-5.383146e-04 2.644930e-02 6.068419e-01)) ((-1.211818e-01 7.767983e-02 4.930664e-02) (7.331215e-03 3.080787e-04 -4.771229e-04))
344           	((1.066550e-01 1.879626e+00 2.283632e+01) (-5.269181e-04 2.622812e-02 6.065709e-01)) ((-1.177549e-01 7.861558e-02 5.030502e-02) (7.362189e-03 3.098052e-04 -4.685619e-04))
345           	((1.114395e-01 1.838420e+00 2.282690e+01) (-5.164353e-04 2.598120e-02 6.063269e-01)) ((-1.142808e-01 7.947720e-02 5.132389e-02) (7.387369e-03 3.065990e-04 -4.665671e-04))
346           	((1.154936e-01 1.799555e+00 2.281794e+01) (-5.072818e-04 2.575191e-02 6.060602e-01)) ((-1.109243e-01 8.025008e-02 5.233661e-02) (7.415352e-03 3.067505e-04 -4.656925e-04))
347           	((1.186421e-01 1.764122e+00 2.280985e+01) (-4.818286e-04 2.555095e-02 6.058165e-01)) ((-1.077236e-01 8.087071e-02 5.340849e-02) (7.444615e-03 3.007589e-04 -4.639343e-04))
348           	((1.208150e-01 1.732640e+00 2.280256e+01) (-4.621251e-04 2.535259e-02 6.055913e-01)) ((-1.046811e-01 8.137187e-02 5.456229e-02) (7.468280e-03 2.948057e-04 -4.680055e-04))
349           	((1.223815e-01 1.705603e+00 2.279673e+01) (-4.396384e-04 2.520906e-02 6.053742e-01)) ((-1.018197e-01 8.169228e-02 5.574497e-02) (7.495361e-03 2.893758e-04 -4.690829e-04))
350           	((1.233168e-01 1.683487e+00 2.279309e+01) (-4.201345e-04 2.506325e-02 6.051662e-01)) ((-9.911814e-02 8.189380e-02 5.689920e-02) (7.512030e-03 2.815972e-04 -4.757801e-04))
351           	((1.241324e-01 1.666707e+00 2.279145e+01) (-3.896744e-04 2.499225e-02 6.049840e-01)) ((-9.653943e-02 8.204132e-02 5.794172e-02) (7.534818e-03 2.733486e-04 -4.792099e-04))
352           	((1.247863e-01 1.656136e+00 2.279199e+01) (-3.592880e-04 2.493335e-02 6.048454e-01)) ((-9.398158e-02 8.211184e-02 5.885539e-02) (7.550171e-03 2.611919e-04 -4.851513e-04))
353           	((1.242923e-01 1.651145e+00 2.279489e+01) (-3.522136e-04 2.489140e-02 6.047340e-01)) ((-9.152727e-02 8.216575e-02 5.959106e-02) (7.560221e-03 2.516977e-04 -4.940114e-04))
354           	((1.223799e-01 1.651634e+00 2.280027e+01) (-3.272343e-04 2.491831e-02 6.046730e-01)) ((-8.921319e-02 8.213133e-02 6.019782e-02) (7.572992e-03 2.380699e-04 -4.985866e-04))
355           	((1.186232e-01 1.657004e+00 2.280766e+01) (-3.215579e-04 2.494950e-02 6.046548e-01)) ((-8.712168e-02 8.198070e-02 6.077296e-02) (7.576850e-03 2.247983e-04 -5.071557e-04))
356           	((1.137519e-01 1.666793e+00 2.281592e+01) (-3.129652e-04 2.506556e-02 6.046457e-01)) ((-8.538109e-02 8.166438e-02 6.134271e-02) (7.584571e-03 2.141809e-04 -5.115278e-04))
357           	((1.079344e-01 1.680015e+00 2.282493e+01) (-3.038284e-04 2.518199e-02 6.047128e-01)) ((-8.411147e-02 8.117126e-02 6.184099e-02) (7.585523e-03 2.002841e-04 -5.201712e-04))
358           	((1.013149e-01 1.695763e+00 2.283408e+01) (-3.147818e-04 2.533087e-02 6.047844e-01)) ((-8.344566e-02 8.061126e-02 6.215351e-02) (7.586113e-03 1.914823e-04 -5.290988e-04))
359           	((9.412296e-02 1.713756e+00 2.284309e+01) (-3.201884e-04 2.553496e-02 6.048880e-01)) ((-8.338682e-02 7.997213e-02 6.232080e-02) (7.590213e-03 1.792311e-04 -5.338574e-04))
360           	((8.652558e-02 1.733304e+00 2.285138e+01) (-3.302391e-04 2.573329e-02 6.050072e-01)) ((-8.387673e-02 7.934107e-02 6.237394e-02) (7.587102e-03 1.671585e-04 -5.444331e-04))
361           	((7.901186e-02 1.753513e+00 2.285883e+01) (-3.545260e-04 2.597823e-02 6.051195e-01)) ((-8.489404e-02 7.868203e-02 6.227183e-02) (7.585204e-03 1.576471e-04 -5.512635e-04))
362           	((7.137654e-02 1.774707e+00 2.286603e+01) (-3.930989e-04 2.621697e-02 6.052309e-01)) ((-8.639674e-02 7.800866e-02 6.202215e-02) (7.573523e-03 1.449417e-04 -5.616097e-04))
363           	((6.393885e-02 1.796991e+00 2.287265e+01) (-4.307094e-04 2.649022e-02 6.053331e-01)) ((-8.830696e-02 7.738175e-02 6.159511e-02) (7.562490e-03 1.334640e-04 -5.698723e-04))
364           	((5.724781e-02 1.820407e+00 2.287866e+01) (-4.602605e-04 2.676989e-02 6.054391e-01)) ((-9.046495e-02 7.676501e-02 6.103547e-02) (7.547273e-03 1.185124e-04 -5.762542e-04))
365           	((5.146776e-02 1.844875e+00 2.288415e+01) (-5.256818e-04 2.702297e-02 6.055253e-01)) ((-9.286893e-02 7.624325e-02 6.025771e-02) (7.522669e-03 1.103911e-04 -5.855794e-04))
366           	((4.621787e-02 1.868750e+00 2.289031e+01) (-5.659869e-04 2.729569e-02 6.056270e-01)) ((-9.551859e-02 7.596697e-02 5.927918e-02) (7.500138e-03 9.546328e-05 -5.894084e-04))
367           	((4.215200e-02 1.892018e+00 2.289699e+01) (-6.048845e-04 2.752551e-02 6.057172e-01)) ((-9.830489e-02 7.595959e-02 5.823134e-02) (7.467069e-03 8.056578e-05 -5.967479e-04))
368           	((3.978216e-02 1.913817e+00 2.290382e+01) (-6.369806e-04 2.776317e-02 6.057710e-01)) ((-1.011836e-01 7.620800e-02 5.720095e-02) (7.433814e-03 7.154149e-05 -6.011194e-04))
369           	((3.888053e-02 1.933549e+00 2.291118e+01) (-6.625246e-04 2.797060e-02 6.058587e-01)) ((-1.040594e-01 7.663915e-02 5.629864e-02) (7.392620e-03 5.993304e-05 -6.058681e-04))
370           	((3.902668e-02 1.950173e+00 2.291871e+01) (-6.915102e-04 2.814422e-02 6.059218e-01)) ((-1.069005e-01 7.726781e-02 5.552921e-02) (7.347407e-03 5.436019e-05 -6.115673e-04))
371           	((4.012050e-02 1.963007e+00 2.292649e+01) (-7.110026e-04 2.834274e-02 6.059676e-01)) ((-1.095706e-01 7.798752e-02 5.486588e-02) (7.307147e-03 4.933202e-05 -6.112922e-04))
372           	((4.136245e-02 1.971302e+00 2.293432e+01) (-7.242972e-04 2.849089e-02 6.060089e-01)) ((-1.119817e-01 7.880531e-02 5.432752e-02) (7.257745e-03 4.430433e-05 -6.164045e-04))
373           	((4.234051e-02 1.974753e+00 2.294161e+01) (-7.390963e-04 2.865571e-02 6.060057e-01)) ((-1.141079e-01 7.962774e-02 5.394136e-02) (7.212772e-03 4.554671e-05 -6.189778e-04))
374           	((4.250617e-02 1.973532e+00 2.294834e+01) (-7.416408e-04 2.878775e-02 6.060052e-01)) ((-1.159261e-01 8.039230e-02 5.370182e-02) (7.163733e-03 4.382238e-05 -6.242412e-04))
375           	((4.177070e-02 1.968330e+00 2.295373e+01) (-7.341246e-04 2.890879e-02 6.059663e-01)) ((-1.174583e-01 8.109804e-02 5.354282e-02) (7.117822e-03 4.699154e-05 -6.311271e-04))
376           	((4.052966e-02 1.960618e+00 2.295763e+01) (-7.199728e-04 2.902972e-02 6.059190e-01)) ((-1.187046e-01 8.166524e-02 5.343976e-02) (7.078259e-03 4.877654e-05 -6.355593e-04))
377           	((3.856460e-02 1.951059e+00 2.296000e+01) (-7.127890e-04 2.909385e-02 6.058616e-01)) ((-1.196752e-01 8.213133e-02 5.328018e-02) (7.037804e-03 5.276026e-05 -6.451653e-04))
378           	((3.652693e-02 1.940191e+00 2.296051e+01) (-6.950095e-04 2.917863e-02 6.057723e-01)) ((-1.202879e-01 8.244049e-02 5.301570e-02) (7.011718e-03 6.017006e-05 -6.509268e-04))
379           	((3.453176e-02 1.928271e+00 2.295917e+01) (-6.766335e-04 2.920751e-02 6.057033e-01)) ((-1.204320e-01 8.259411e-02 5.268895e-02) (6.987846e-03 6.822450e-05 -6.602348e-04))
380           	((3.250133e-02 1.914348e+00 2.295571e+01) (-6.661547e-04 2.921670e-02 6.056223e-01)) ((-1.200476e-01 8.260446e-02 5.234907e-02) (6.974879e-03 8.331974e-05 -6.698888e-04))
381           	((3.005686e-02 1.897523e+00 2.295077e+01) (-6.480019e-04 2.920724e-02 6.055507e-01)) ((-1.191149e-01 8.239387e-02 5.208791e-02) (6.971300e-03 1.007480e-04 -6.795751e-04))
382           	((2.670518e-02 1.877001e+00 2.294435e+01) (-6.391241e-04 2.915838e-02 6.054799e-01)) ((-1.177000e-01 8.202203e-02 5.192980e-02) (6.975177e-03 1.218840e-04 -6.907178e-04))
383           	((2.275632e-02 1.852609e+00 2.293628e+01) (-6.205605e-04 2.911785e-02 6.053965e-01)) ((-1.158915e-01 8.144925e-02 5.194621e-02) (6.994019e-03 1.445372e-04 -6.973162e-04))
384           	((1.811298e-02 1.824735e+00 2.292692e+01) (-6.160066e-04 2.901429e-02 6.053526e-01)) ((-1.138538e-01 8.076754e-02 5.213909e-02) (7.014181e-03 1.676421e-04 -7.077726e-04))
385           	((1.322138e-02 1.794160e+00 2.291591e+01) (-6.063262e-04 2.892259e-02 6.052633e-01)) ((-1.117893e-01 8.005006e-02 5.244747e-02) (7.045613e-03 1.969304e-04 -7.139504e-04))
386           	((8.574504e-03 1.762712e+00 2.290325e+01) (-5.706786e-04 2.880486e-02 6.052156e-01)) ((-1.098410e-01 7.936485e-02 5.284348e-02) (7.080756e-03 2.202417e-04 -7.199282e-04))
387           	((4.976334e-03 1.732070e+00 2.288878e+01) (-5.455863e-04 2.864649e-02 6.051424e-01)) ((-1.081510e-01 7.876636e-02 5.328636e-02) (7.117519e-03 2.472190e-04 -7.267745e-04))
388           	((2.867506e-03 1.703250e+00 2.287376e+01) (-5.244821e-04 2.848867e-02 6.050771e-01)) ((-1.067468e-01 7.822250e-02 5.376288e-02) (7.162078e-03 2.719249e-04 -7.281852e-04))
389           	((1.580430e-03 1.677019e+00 2.285958e+01) (-5.015285e-04 2.828209e-02 6.050434e-01)) ((-1.056199e-01 7.781347e-02 5.426303e-02) (7.201552e-03 2.935276e-04 -7.338309e-04))
390           	((1.445891e-03 1.654384e+00 2.284714e+01) (-4.937369e-04 2.810204e-02 6.049790e-01)) ((-1.047352e-01 7.743749e-02 5.477625e-02) (7.247821e-03 3.169095e-04 -7.324791e-04))
391           	((2.836096e-03 1.637152e+00 2.283765e+01) (-4.833493e-04 2.789063e-02 6.049588e-01)) ((-1.040239e-01 7.707466e-02 5.528898e-02) (7.290027e-03 3.340071e-04 -7.320831e-04))
392           	((5.827986e-03 1.626199e+00 2.283165e+01) (-4.928892e-04 2.768326e-02 6.049539e-01)) ((-1.034351e-01 7.677572e-02 5.571278e-02) (7.330042e-03 3.529538e-04 -7.317207e-04))
393           	((1.078400e-02 1.622207e+00 2.282985e+01) (-4.908555e-04 2.751243e-02 6.049794e-01)) ((-1.028713e-01 7.656734e-02 5.597166e-02) (7.371693e-03 3.696644e-04 -7.272641e-04))
394           	((1.744548e-02 1.625321e+00 2.283204e+01) (-5.000101e-04 2.734197e-02 6.050523e-01)) ((-1.022853e-01 7.653900e-02 5.601510e-02) (7.406646e-03 3.847649e-04 -7.245380e-04))
395           	((2.593598e-02 1.635645e+00 2.283712e+01) (-5.056021e-04 2.723554e-02 6.051350e-01)) ((-1.016898e-01 7.668561e-02 5.583031e-02) (7.443918e-03 4.012268e-04 -7.177083e-04))
396           	((3.524151e-02 1.652654e+00 2.284491e+01) (-5.129787e-04 2.713330e-02 6.052802e-01)) ((-1.011906e-01 7.702091e-02 5.550892e-02) (7.473198e-03 4.136905e-04 -7.136374e-04))
397           	((4.435074e-02 1.675225e+00 2.285449e+01) (-5.337312e-04 2.706337e-02 6.054102e-01)) ((-1.009585e-01 7.753892e-02 5.513418e-02) (7.500839e-03 4.292270e-04 -7.086858e-04))
398           	((5.275560e-02 1.702774e+00 2.286538e+01) (-5.300697e-04 2.704014e-02 6.055850e-01)) ((-1.010685e-01 7.811712e-02 5.479999e-02) (7.525917e-03 4.385092e-04 -7.030315e-04))
399           	((6.025251e-02 1.734905e+00 2.287641e+01) (-5.375957e-04 2.702006e-02 6.057845e-01)) ((-1.015344e-01 7.870318e-02 5.452753e-02) (7.544897e-03 4.462446e-04 -6.996314e-04))
400           	((6.688938e-02 1.771304e+00 2.288722e+01) (-5.541557e-04 2.705622e-02 6.059727e-01)) ((-1.023171e-01 7.915045e-02 5.432238e-02) (7.566264e-03 4.533230e-04 -6.922797e-04))
401           	((7.192861e-02 1.810775e+00 2.289840e+01) (-5.857374e-04 2.707821e-02 6.062014e-01)) ((-1.034363e-01 7.946186e-02 5.416090e-02) (7.580316e-03 4.567413e-04 -6.892959e-04))
402           	((7.565229e-02 1.852504e+00 2.290964e+01) (-6.126071e-04 2.715498e-02 6.064184e-01)) ((-1.048048e-01 7.967177e-02 5.400308e-02) (7.596523e-03 4.572891e-04 -6.832153e-04))
403           	((7.826772e-02 1.895525e+00 2.292083e+01) (-6.410827e-04 2.723676e-02 6.066608e-01)) ((-1.062998e-01 7.974303e-02 5.390669e-02) (7.608224e-03 4.521042e-04 -6.785775e-04))
404           	((8.010452e-02 1.938475e+00 2.293128e+01) (-6.949204e-04 2.731084e-02 6.068873e-01)) ((-1.078609e-01 7.976868e-02 5.377365e-02) (7.613443e-03 4.473468e-04 -6.759975e-04))
405           	((8.138651e-02 1.980147e+00 2.294096e+01) (-7.462253e-04 2.742791e-02 6.071102e-01)) ((-1.094612e-01 7.976243e-02 5.358095e-02) (7.620505e-03 4.395202e-04 -6.684113e-04))
406           	((8.167338e-02 2.020470e+00 2.294997e+01) (-8.081605e-04 2.750909e-02 6.073338e-01)) ((-1.110803e-01 7.979155e-02 5.343783e-02) (7.616722e-03 4.249862e-04 -6.654362e-04))
407           	((8.178460e-02 2.058825e+00 2.295792e+01) (-8.742265e-04 2.761804e-02 6.075038e-01)) ((-1.126600e-01 7.980912e-02 5.331406e-02) (7.615949e-03 4.131056e-04 -6.571690e-04))
408           	((8.190499e-02 2.093596e+00 2.296494e+01) (-9.341108e-04 2.769764e-02 6.076838e-01)) ((-1.140733e-01 7.980449e-02 5.329296e-02) (7.605884e-03 3.920603e-04 -6.524592e-04))
409           	((8.211748e-02 2.122739e+00 2.297064e+01) (-1.010761e-03 2.775647e-02 6.078151e-01)) ((-1.152445e-01 7.979353e-02 5.333168e-02) (7.588937e-03 3.732898e-04 -6.484780e-04))
410           	((8.249366e-02 2.144781e+00 2.297531e+01) (-1.074613e-03 2.782769e-02 6.079162e-01)) ((-1.161054e-01 7.976587e-02 5.345428e-02) (7.570299e-03 3.507629e-04 -6.409903e-04))
411           	((8.290181e-02 2.159198e+00 2.297861e+01) (-1.136331e-03 2.786552e-02 6.079984e-01)) ((-1.166077e-01 7.978474e-02 5.365244e-02) (7.543817e-03 3.278222e-04 -6.372268e-04))
412           	((8.390697e-02 2.165800e+00 2.298026e+01) (-1.196426e-03 2.790787e-02 6.080384e-01)) ((-1.167118e-01 7.979641e-02 5.392880e-02) (7.520049e-03 3.064503e-04 -6.288103e-04))
413           	((8.511203e-02 2.164576e+00 2.298095e+01) (-1.259023e-03 2.789577e-02 6.080617e-01)) ((-1.164465e-01 7.979370e-02 5.430018e-02) (7.488568e-03 2.828139e-04 -6.229181e-04))
414           	((8.624832e-02 2.156075e+00 2.298060e+01) (-1.325475e-03 2.787509e-02 6.080256e-01)) ((-1.158859e-01 7.981452e-02 5.476033e-02) (7.460585e-03 2.653925e-04 -6.134889e-04))
415           	((8.723337e-02 2.142139e+00 2.297923e+01) (-1.376587e-03 2.784529e-02 6.079716e-01)) ((-1.150352e-01 7.982520e-02 5.536273e-02) (7.434972e-03 2.426768e-04 -6.000131e-04))
416           	((8.788391e-02 2.124069e+00 2.297659e+01) (-1.440020e-03 2.777327e-02 6.078556e-01)) ((-1.139186e-01 7.988536e-02 5.611294e-02) (7.404759e-03 2.242681e-04 -5.902803e-04))
417           	((8.820288e-02 2.103026e+00 2.297322e+01) (-1.493869e-03 2.771480e-02 6.076926e-01)) ((-1.126795e-01 7.998170e-02 5.689293e-02) (7.380039e-03 2.061427e-04 -5.764500e-04))
418           	((8.839186e-02 2.080643e+00 2.296944e+01) (-1.531226e-03 2.760955e-02 6.074949e-01)) ((-1.114195e-01 8.013392e-02 5.764934e-02) (7.349688e-03 1.854780e-04 -5.683633e-04))
419           	((8.924964e-02 2.058075e+00 2.296485e+01) (-1.565820e-03 2.751604e-02 6.072058e-01)) ((-1.102588e-01 8.031001e-02 5.829186e-02) (7.324197e-03 1.726710e-04 -5.578153e-04))
420           	((9.119767e-02 2.036423e+00 2.295932e+01) (-1.580463e-03 2.740269e-02 6.069072e-01)) ((-1.091956e-01 8.041534e-02 5.882359e-02) (7.299100e-03 1.549407e-04 -5.491506e-04))
421           	((9.374141e-02 2.015746e+00 2.295271e+01) (-1.612534e-03 2.725589e-02 6.065610e-01)) ((-1.082346e-01 8.044062e-02 5.920216e-02) (7.273519e-03 1.430564e-04 -5.444487e-04))
422           	((9.620027e-02 1.995910e+00 2.294544e+01) (-1.635606e-03 2.714072e-02 6.061743e-01)) ((-1.072752e-01 8.029182e-02 5.943788e-02) (7.256443e-03 1.333861e-04 -5.357924e-04))
423           	((9.752548e-02 1.976681e+00 2.293739e+01) (-1.661288e-03 2.699171e-02 6.057723e-01)) ((-1.061758e-01 7.999079e-02 5.964702e-02) (7.236947e-03 1.230763e-04 -5.326615e-04))
424           	((9.757419e-02 1.958052e+00 2.292811e+01) (-1.676453e-03 2.687193e-02 6.053216e-01)) ((-1.048410e-01 7.949475e-02 5.999016e-02) (7.227216e-03 1.166112e-04 -5.264928e-04))
425           	((9.599310e-02 1.940215e+00 2.291823e+01) (-1.682549e-03 2.672594e-02 6.048831e-01)) ((-1.032796e-01 7.879842e-02 6.053830e-02) (7.214730e-03 1.088018e-04 -5.253294e-04))
426           	((9.291777e-02 1.922998e+00 2.290798e+01) (-1.685045e-03 2.658382e-02 6.044063e-01)) ((-1.016125e-01 7.799050e-02 6.123190e-02) (7.206789e-03 1.070942e-04 -5.246092e-04))
427           	((8.913161e-02 1.907375e+00 2.289751e+01) (-1.646632e-03 2.647531e-02 6.039509e-01)) ((-9.994652e-02 7.710574e-02 6.206536e-02) (7.207484e-03 9.864238e-05 -5.212046e-04))
428           	((8.515061e-02 1.893874e+00 2.288656e+01) (-1.606219e-03 2.632823e-02 6.034981e-01)) ((-9.843523e-02 7.625495e-02 6.304166e-02) (7.204596e-03 9.015907e-05 -5.234743e-04))
429           	((8.121444e-02 1.882268e+00 2.287549e+01) (-1.573289e-03 2.620664e-02 6.030495e-01)) ((-9.725553e-02 7.542948e-02 6.405274e-02) (7.207344e-03 8.460382e-05 -5.219106e-04))
430           	((7.723858e-02 1.872825e+00 2.286489e+01) (-1.518481e-03 2.605607e-02 6.026538e-01)) ((-9.644674e-02 7.466846e-02 6.497196e-02) (7.206518e-03 7.470474e-05 -5.238612e-04))
431           	((7.376674e-02 1.865687e+00 2.285477e+01) (-1.476216e-03 2.592981e-02 6.022455e-01)) ((-9.594363e-02 7.397979e-02 6.570198e-02) (7.208771e-03 7.144154e-05 -5.243100e-04))
432           	((7.149499e-02 1.861580e+00 2.284558e+01) (-1.419998e-03 2.582324e-02 6.018789e-01)) ((-9.558393e-02 7.332786e-02 6.624264e-02) (7.212591e-03 6.262629e-05 -5.238008e-04))
433           	((7.030304e-02 1.860526e+00 2.283800e+01) (-1.387746e-03 2.571301e-02 6.015620e-01)) ((-9.524255e-02 7.276057e-02 6.656803e-02) (7.210688e-03 5.607863e-05 -5.280215e-04))
434           	((7.046572e-02 1.862336e+00 2.283292e+01) (-1.356338e-03 2.567656e-02 6.012660e-01)) ((-9.479255e-02 7.229315e-02 6.663726e-02) (7.213531e-03 5.123234e-05 -5.263767e-04))
435           	((7.173092e-02 1.867043e+00 2.283083e+01) (-1.335437e-03 2.564971e-02 6.010416e-01)) ((-9.413411e-02 7.201265e-02 6.646558e-02) (7.209981e-03 4.311719e-05 -5.282349e-04))
436           	((7.457305e-02 1.874788e+00 2.283148e+01) (-1.319954e-03 2.568878e-02 6.008516e-01)) ((-9.329661e-02 7.193938e-02 6.604987e-02) (7.210000e-03 4.008286e-05 -5.274105e-04))
437           	((7.838280e-02 1.885637e+00 2.283522e+01) (-1.313793e-03 2.575598e-02 6.007483e-01)) ((-9.238545e-02 7.202508e-02 6.543943e-02) (7.204758e-03 3.428499e-05 -5.293395e-04))
438           	((8.220658e-02 1.899068e+00 2.284154e+01) (-1.321091e-03 2.586062e-02 6.006732e-01)) ((-9.159656e-02 7.228850e-02 6.461899e-02) (7.195752e-03 3.334469e-05 -5.347326e-04))
439           	((8.569428e-02 1.915359e+00 2.284980e+01) (-1.313885e-03 2.604987e-02 6.006593e-01)) ((-9.101556e-02 7.263622e-02 6.363922e-02) (7.191769e-03 3.129592e-05 -5.353353e-04))
440           	((8.842489e-02 1.934996e+00 2.285900e+01) (-1.321123e-03 2.624053e-02 6.007065e-01)) ((-9.070470e-02 7.306916e-02 6.258568e-02) (7.178963e-03 2.765212e-05 -5.410740e-04))
441           	((9.043822e-02 1.957685e+00 2.286804e+01) (-1.351197e-03 2.649368e-02 6.007453e-01)) ((-9.077810e-02 7.342835e-02 6.147131e-02) (7.167556e-03 3.560472e-05 -5.453769e-04))
442           	((9.036739e-02 1.982928e+00 2.287752e+01) (-1.360389e-03 2.676198e-02 6.009028e-01)) ((-9.137650e-02 7.377060e-02 6.030379e-02) (7.150403e-03 2.973108e-05 -5.523658e-04))
443           	((8.869026e-02 2.010711e+00 2.288596e+01) (-1.377621e-03 2.706162e-02 6.010677e-01)) ((-9.245641e-02 7.405398e-02 5.915114e-02) (7.133772e-03 3.104247e-05 -5.591495e-04))
444           	((8.582624e-02 2.040059e+00 2.289316e+01) (-1.395128e-03 2.739683e-02 6.012548e-01)) ((-9.399559e-02 7.413775e-02 5.802403e-02) (7.118608e-03 3.251845e-05 -5.648042e-04))
445           	((8.169864e-02 2.070069e+00 2.289904e+01) (-1.427199e-03 2.771438e-02 6.014753e-01)) ((-9.602930e-02 7.403907e-02 5.689266e-02) (7.097457e-03 3.736948e-05 -5.747713e-04))
446           	((7.701815e-02 2.099819e+00 2.290391e+01) (-1.458494e-03 2.807207e-02 6.016926e-01)) ((-9.852747e-02 7.375307e-02 5.576768e-02) (7.081498e-03 4.658497e-05 -5.798733e-04))
447           	((7.199358e-02 2.128663e+00 2.290859e+01) (-1.495093e-03 2.839981e-02 6.019403e-01)) ((-1.014074e-01 7.334812e-02 5.465238e-02) (7.059933e-03 5.247928e-05 -5.884512e-04))
448           	((6.703178e-02 2.155824e+00 2.291335e+01) (-1.549127e-03 2.871906e-02 6.021764e-01)) ((-1.045747e-01 7.289974e-02 5.353273e-02) (7.040323e-03 6.318847e-05 -5.948858e-04))
449           	((6.208139e-02 2.180693e+00 2.291855e+01) (-1.598592e-03 2.902535e-02 6.024330e-01)) ((-1.078472e-01 7.238158e-02 5.248360e-02) (7.019540e-03 7.094283e-05 -5.982928e-04))
450           	((5.706821e-02 2.201954e+00 2.292370e+01) (-1.660447e-03 2.928040e-02 6.026976e-01)) ((-1.110922e-01 7.187448e-02 5.146128e-02) (6.993807e-03 7.944141e-05 -6.038575e-04))
451           	((5.240238e-02 2.217195e+00 2.292863e+01) (-1.719936e-03 2.953835e-02 6.029477e-01)) ((-1.141565e-01 7.135788e-02 5.049906e-02) (6.971374e-03 8.740490e-05 -6.033924e-04))
452           	((4.792084e-02 2.225076e+00 2.293317e+01) (-1.775427e-03 2.972966e-02 6.031951e-01)) ((-1.169346e-01 7.088941e-02 4.963660e-02) (6.940018e-03 9.218294e-05 -6.044084e-04))
453           	((4.427608e-02 2.225502e+00 2.293666e+01) (-1.830538e-03 2.990492e-02 6.034006e-01)) ((-1.193870e-01 7.047893e-02 4.887808e-02) (6.910505e-03 1.015330e-04 -6.014034e-04))
454           	((4.147310e-02 2.218637e+00 2.293957e+01) (-1.877321e-03 3.001491e-02 6.036027e-01)) ((-1.214981e-01 7.011829e-02 4.823125e-02) (6.875435e-03 1.064892e-04 -5.984426e-04))
455           	((3.927002e-02 2.204754e+00 2.294197e+01) (-1.941221e-03 3.007353e-02 6.037683e-01)) ((-1.233040e-01 6.988187e-02 4.767048e-02) (6.840616e-03 1.173562e-04 -5.934848e-04))
456           	((3.788478e-02 2.184811e+00 2.294415e+01) (-1.975274e-03 3.013369e-02 6.039120e-01)) ((-1.247809e-01 6.974126e-02 4.722405e-02) (6.814111e-03 1.235976e-04 -5.805178e-04))
457           	((3.732458e-02 2.160159e+00 2.294631e+01) (-2.020303e-03 3.010659e-02 6.040219e-01)) ((-1.259057e-01 6.971912e-02 4.690117e-02) (6.780858e-03 1.300581e-04 -5.714759e-04))
458           	((3.781773e-02 2.131720e+00 2.294834e+01) (-2.064455e-03 3.006768e-02 6.040647e-01)) ((-1.267266e-01 6.979194e-02 4.666363e-02) (6.755257e-03 1.396701e-04 -5.564176e-04))
459           	((3.898396e-02 2.100488e+00 2.295043e+01) (-2.098844e-03 2.996213e-02 6.040849e-01)) ((-1.272606e-01 6.995914e-02 4.646315e-02) (6.727830e-03 1.431558e-04 -5.430348e-04))
460           	((4.132790e-02 2.067345e+00 2.295158e+01) (-2.137017e-03 2.982553e-02 6.040112e-01)) ((-1.275376e-01 7.024495e-02 4.621064e-02) (6.703884e-03 1.491226e-04 -5.288462e-04))
461           	((4.576857e-02 2.033600e+00 2.295109e+01) (-2.166145e-03 2.968352e-02 6.038949e-01)) ((-1.275301e-01 7.059050e-02 4.586832e-02) (6.685597e-03 1.522980e-04 -5.123338e-04))
462           	((5.202238e-02 1.999724e+00 2.294871e+01) (-2.211637e-03 2.947321e-02 6.037421e-01)) ((-1.272977e-01 7.102620e-02 4.540114e-02) (6.665175e-03 1.578288e-04 -5.008837e-04))
463           	((6.008004e-02 1.965844e+00 2.294450e+01) (-2.260424e-03 2.927166e-02 6.035198e-01)) ((-1.268337e-01 7.149461e-02 4.482663e-02) (6.656170e-03 1.669313e-04 -4.849366e-04))
464           	((6.952271e-02 1.932138e+00 2.293893e+01) (-2.298031e-03 2.902910e-02 6.032920e-01)) ((-1.260320e-01 7.198654e-02 4.422901e-02) (6.648662e-03 1.718806e-04 -4.719026e-04))
465           	((8.001979e-02 1.897939e+00 2.293205e+01) (-2.342821e-03 2.876881e-02 6.030222e-01)) ((-1.247548e-01 7.249621e-02 4.372571e-02) (6.648816e-03 1.816918e-04 -4.588718e-04))
466           	((9.077797e-02 1.862664e+00 2.292502e+01) (-2.388397e-03 2.849247e-02 6.027429e-01)) ((-1.229411e-01 7.299031e-02 4.346051e-02) (6.654872e-03 1.899132e-04 -4.457628e-04))
467           	((1.007088e-01 1.825906e+00 2.291833e+01) (-2.436601e-03 2.818371e-02 6.024501e-01)) ((-1.206047e-01 7.355884e-02 4.350379e-02) (6.664997e-03 1.989731e-04 -4.348888e-04))
468           	((1.101936e-01 1.788084e+00 2.291182e+01) (-2.458827e-03 2.789957e-02 6.021335e-01)) ((-1.177693e-01 7.419766e-02 4.388356e-02) (6.689317e-03 2.062880e-04 -4.179927e-04))
469           	((1.191008e-01 1.749994e+00 2.290522e+01) (-2.481036e-03 2.755645e-02 6.018364e-01)) ((-1.145403e-01 7.489953e-02 4.457484e-02) (6.711235e-03 2.117235e-04 -4.057997e-04))
470           	((1.274562e-01 1.712113e+00 2.289838e+01) (-2.508224e-03 2.721897e-02 6.015109e-01)) ((-1.112162e-01 7.565389e-02 4.538631e-02) (6.742854e-03 2.214990e-04 -3.906485e-04))
471           	((1.352027e-01 1.675318e+00 2.289161e+01) (-2.508291e-03 2.686293e-02 6.012429e-01)) ((-1.080128e-01 7.648613e-02 4.619406e-02) (6.776564e-03 2.228026e-04 -3.781400e-04))
472           	((1.428828e-01 1.640463e+00 2.288451e+01) (-2.507596e-03 2.649478e-02 6.009676e-01)) ((-1.050487e-01 7.744315e-02 4.694222e-02) (6.812400e-03 2.276459e-04 -3.677633e-04))
473           	((1.512767e-01 1.608773e+00 2.287738e+01) (-2.488943e-03 2.615983e-02 6.007132e-01)) ((-1.023044e-01 7.845513e-02 4.770885e-02) (6.855928e-03 2.282393e-04 -3.540716e-04))
474           	((1.600371e-01 1.581076e+00 2.287114e+01) (-2.479848e-03 2.578923e-02 6.004884e-01)) ((-9.977179e-02 7.956533e-02 4.849233e-02) (6.892124e-03 2.265743e-04 -3.473430e-04))
475           	((1.691259e-01 1.558208e+00 2.286683e+01) (-2.469102e-03 2.547713e-02 6.002499e-01)) ((-9.745016e-02 8.076270e-02 4.923479e-02) (6.934770e-03 2.283701e-04 -3.380442e-04))
476           	((1.780270e-01 1.541250e+00 2.286549e+01) (-2.437891e-03 2.517557e-02 6.000776e-01)) ((-9.531222e-02 8.197874e-02 4.993170e-02) (6.973704e-03 2.256438e-04 -3.319204e-04))
477           	((1.867085e-01 1.531337e+00 2.286716e+01) (-2.403566e-03 2.492082e-02 5.999227e-01)) ((-9.334486e-02 8.321285e-02 5.047519e-02) (7.011312e-03 2.259876e-04 -3.293790e-04))
478           	((1.949841e-01 1.529259e+00 2.287194e+01) (-2.347500e-03 2.472643e-02 5.998159e-01)) ((-9.154832e-02 8.441939e-02 5.085110e-02) (7.048092e-03 2.243076e-04 -3.272528e-04))
479           	((2.018338e-01 1.535129e+00 2.287910e+01) (-2.289152e-03 2.454732e-02 5.997441e-01)) ((-8.996120e-02 8.564009e-02 5.108184e-02) (7.076719e-03 2.254069e-04 -3.310497e-04))
480           	((2.071031e-01 1.549032e+00 2.288738e+01) (-2.210244e-03 2.446728e-02 5.996988e-01)) ((-8.862168e-02 8.684680e-02 5.117464e-02) (7.111024e-03 2.251040e-04 -3.314219e-04))
481           	((2.103744e-01 1.570787e+00 2.289578e+01) (-2.117763e-03 2.439961e-02 5.996956e-01)) ((-8.754195e-02 8.800448e-02 5.120530e-02) (7.135468e-03 2.219184e-04 -3.389611e-04))
482           	((2.111052e-01 1.598882e+00 2.290354e+01) (-2.030280e-03 2.437371e-02 5.997139e-01)) ((-8.692383e-02 8.914225e-02 5.118074e-02) (7.158325e-03 2.216123e-04 -3.487856e-04))
483           	((2.090997e-01 1.632590e+00 2.291071e+01) (-1.920282e-03 2.440311e-02 5.997710e-01)) ((-8.686012e-02 9.019619e-02 5.119493e-02) (7.176935e-03 2.150458e-04 -3.605892e-04))
484           	((2.044929e-01 1.671470e+00 2.291721e+01) (-1.814589e-03 2.445477e-02 5.998339e-01)) ((-8.740896e-02 9.115825e-02 5.124729e-02) (7.188498e-03 2.123321e-04 -3.778355e-04))
485           	((1.981741e-01 1.715268e+00 2.292312e+01) (-1.696907e-03 2.459001e-02 5.999002e-01)) ((-8.857032e-02 9.192125e-02 5.135495e-02) (7.201869e-03 2.090077e-04 -3.928255e-04))
486           	((1.899203e-01 1.763024e+00 2.292884e+01) (-1.584180e-03 2.472126e-02 6.000176e-01)) ((-9.029466e-02 9.244976e-02 5.146371e-02) (7.204694e-03 2.042337e-04 -4.159686e-04))
487           	((1.796335e-01 1.813363e+00 2.293439e+01) (-1.488975e-03 2.491584e-02 6.001262e-01)) ((-9.257070e-02 9.270661e-02 5.153966e-02) (7.208051e-03 2.035376e-04 -4.376077e-04))
488           	((1.674071e-01 1.865329e+00 2.294015e+01) (-1.380121e-03 2.513828e-02 6.002780e-01)) ((-9.532491e-02 9.270321e-02 5.161379e-02) (7.207114e-03 1.966612e-04 -4.617230e-04))
489           	((1.537767e-01 1.918235e+00 2.294536e+01) (-1.287561e-03 2.537533e-02 6.004362e-01)) ((-9.848801e-02 9.257192e-02 5.167555e-02) (7.200216e-03 1.927323e-04 -4.886649e-04))
490           	((1.392616e-01 1.971856e+00 2.294975e+01) (-1.192485e-03 2.565833e-02 6.006075e-01)) ((-1.019667e-01 9.227864e-02 5.172703e-02) (7.194058e-03 1.866888e-04 -5.129996e-04))
491           	((1.238768e-01 2.025552e+00 2.295321e+01) (-1.116099e-03 2.591443e-02 6.007977e-01)) ((-1.057025e-01 9.190687e-02 5.170464e-02) (7.177050e-03 1.818807e-04 -5.425673e-04))
492           	((1.083163e-01 2.078531e+00 2.295545e+01) (-1.036380e-03 2.621875e-02 6.009834e-01)) ((-1.096257e-01 9.146011e-02 5.167682e-02) (7.164443e-03 1.778790e-04 -5.650904e-04))
493           	((9.333844e-02 2.130129e+00 2.295626e+01) (-9.402118e-04 2.648547e-02 6.012016e-01)) ((-1.135931e-01 9.092888e-02 5.176910e-02) (7.143083e-03 1.688139e-04 -5.895861e-04))
494           	((7.961522e-02 2.178608e+00 2.295536e+01) (-8.734923e-04 2.674213e-02 6.013907e-01)) ((-1.175597e-01 9.032564e-02 5.190802e-02) (7.117080e-03 1.687983e-04 -6.135927e-04))
495           	((6.617491e-02 2.222421e+00 2.295374e+01) (-7.750920e-04 2.700051e-02 6.016355e-01)) ((-1.215547e-01 8.976234e-02 5.201126e-02) (7.091182e-03 1.590048e-04 -6.331641e-04))
496           	((5.351726e-02 2.260642e+00 2.295070e+01) (-6.867778e-04 2.720697e-02 6.018644e-01)) ((-1.254000e-01 8.927588e-02 5.214826e-02) (7.059315e-03 1.505196e-04 -6.538563e-04))
497           	((4.186725e-02 2.292318e+00 2.294638e+01) (-6.024473e-04 2.741867e-02 6.020678e-01)) ((-1.290765e-01 8.883308e-02 5.231951e-02) (7.030996e-03 1.458170e-04 -6.679620e-04))
498           	((3.086059e-02 2.317345e+00 2.294138e+01) (-5.103342e-04 2.758196e-02 6.022942e-01)) ((-1.325134e-01 8.846351e-02 5.258932e-02) (6.999620e-03 1.389151e-04 -6.830219e-04))
499           	((2.070010e-02 2.335891e+00 2.293572e+01) (-4.273875e-04 2.772914e-02 6.024844e-01)) ((-1.357084e-01 8.820558e-02 5.296917e-02) (6.971383e-03 1.376046e-04 -6.949430e-04))
500           	((1.141708e-02 2.348186e+00 2.292974e+01) (-3.345829e-04 2.786749e-02 6.026655e-01)) ((-1.386480e-01 8.803441e-02 5.345591e-02) (6.946076e-03 1.352026e-04 -7.031126e-04))
