# Forces      
# CofR        : (2.875000e-01 1.270000e-01 2.286000e-01)
# Time        forces(pressure viscous)	moments(pressure viscous)
500           	((1.250167e-02 1.228672e+00 1.233692e+01) (9.396219e-05 1.369756e-02 4.000381e-01)) ((-5.109969e-02 4.516285e-02 1.096242e-02) (4.331479e-03 -2.682110e-04 1.003472e-04))
501           	((1.219271e-02 1.225129e+00 1.233848e+01) (9.803502e-05 1.372712e-02 3.999534e-01)) ((-5.023218e-02 4.550449e-02 1.068107e-02) (4.310580e-03 -2.611897e-04 9.377339e-05))
502           	((1.180170e-02 1.219346e+00 1.234110e+01) (1.048560e-04 1.375024e-02 3.998560e-01)) ((-4.913682e-02 4.589562e-02 1.033309e-02) (4.290211e-03 -2.561795e-04 8.739247e-05))
503           	((1.123063e-02 1.211273e+00 1.234465e+01) (1.170119e-04 1.376217e-02 3.997400e-01)) ((-4.785346e-02 4.634931e-02 9.942365e-03) (4.270138e-03 -2.484250e-04 8.012917e-05))
504           	((1.056371e-02 1.200959e+00 1.234923e+01) (1.182354e-04 1.376369e-02 3.996060e-01)) ((-4.641194e-02 4.686524e-02 9.504254e-03) (4.250132e-03 -2.414351e-04 7.399059e-05))
505           	((1.012012e-02 1.188615e+00 1.235485e+01) (1.220774e-04 1.376422e-02 3.994610e-01)) ((-4.483510e-02 4.743661e-02 9.007354e-03) (4.231767e-03 -2.359485e-04 6.834498e-05))
506           	((1.016408e-02 1.174530e+00 1.236162e+01) (1.205408e-04 1.376781e-02 3.993083e-01)) ((-4.315209e-02 4.807108e-02 8.455403e-03) (4.213903e-03 -2.277101e-04 6.283808e-05))
507           	((1.069087e-02 1.159331e+00 1.236934e+01) (1.136667e-04 1.376370e-02 3.991448e-01)) ((-4.138983e-02 4.873633e-02 7.880113e-03) (4.197506e-03 -2.227245e-04 5.930365e-05))
508           	((1.193861e-02 1.143254e+00 1.237754e+01) (1.018033e-04 1.375498e-02 3.989754e-01)) ((-3.956433e-02 4.936837e-02 7.336929e-03) (4.182552e-03 -2.170993e-04 5.900694e-05))
509           	((1.411897e-02 1.126481e+00 1.238594e+01) (8.738323e-05 1.374018e-02 3.988149e-01)) ((-3.768139e-02 4.991527e-02 6.880697e-03) (4.171567e-03 -2.115915e-04 5.740218e-05))
510           	((1.741026e-02 1.109062e+00 1.239422e+01) (5.923753e-05 1.371641e-02 3.986550e-01)) ((-3.574833e-02 5.033412e-02 6.529184e-03) (4.160342e-03 -2.069333e-04 5.924521e-05))
511           	((2.187490e-02 1.091023e+00 1.240218e+01) (3.146770e-05 1.369247e-02 3.985175e-01)) ((-3.375956e-02 5.063516e-02 6.236172e-03) (4.152683e-03 -2.026172e-04 6.097535e-05))
512           	((2.732561e-02 1.072443e+00 1.240976e+01) (2.234397e-06 1.367234e-02 3.983951e-01)) ((-3.174199e-02 5.084981e-02 5.956660e-03) (4.146849e-03 -1.994573e-04 6.381539e-05))
513           	((3.327324e-02 1.053245e+00 1.241670e+01) (-3.618412e-05 1.364584e-02 3.982746e-01)) ((-2.974765e-02 5.098290e-02 5.660170e-03) (4.141794e-03 -1.975733e-04 6.759650e-05))
514           	((3.916737e-02 1.033305e+00 1.242294e+01) (-7.588305e-05 1.361380e-02 3.981827e-01)) ((-2.781848e-02 5.100890e-02 5.357588e-03) (4.137597e-03 -1.972001e-04 7.109888e-05))
515           	((4.451104e-02 1.012433e+00 1.242841e+01) (-1.201699e-04 1.357787e-02 3.981145e-01)) ((-2.599576e-02 5.093844e-02 5.071020e-03) (4.136356e-03 -1.949529e-04 7.400928e-05))
516           	((4.889341e-02 9.905986e-01 1.243309e+01) (-1.716082e-04 1.353354e-02 3.980669e-01)) ((-2.430498e-02 5.081777e-02 4.809230e-03) (4.136664e-03 -1.945942e-04 7.779212e-05))
517           	((5.218728e-02 9.679632e-01 1.243681e+01) (-2.244615e-04 1.349200e-02 3.980386e-01)) ((-2.275357e-02 5.068984e-02 4.595757e-03) (4.140438e-03 -1.952401e-04 8.245004e-05))
518           	((5.456170e-02 9.447409e-01 1.243949e+01) (-2.773907e-04 1.343629e-02 3.980374e-01)) ((-2.131949e-02 5.059708e-02 4.467021e-03) (4.146456e-03 -1.978639e-04 8.683599e-05))
519           	((5.648856e-02 9.215003e-01 1.244126e+01) (-3.318294e-04 1.338058e-02 3.980606e-01)) ((-1.997189e-02 5.054765e-02 4.448476e-03) (4.154432e-03 -1.996635e-04 9.174289e-05))
520           	((5.837648e-02 8.987252e-01 1.244222e+01) (-3.887256e-04 1.332877e-02 3.981201e-01)) ((-1.869183e-02 5.054419e-02 4.552194e-03) (4.164223e-03 -2.049718e-04 9.705354e-05))
521           	((6.032568e-02 8.768140e-01 1.244265e+01) (-4.509862e-04 1.327708e-02 3.981944e-01)) ((-1.746262e-02 5.060596e-02 4.750804e-03) (4.176365e-03 -2.089748e-04 1.005772e-04))
522           	((6.242608e-02 8.558733e-01 1.244255e+01) (-5.161052e-04 1.321689e-02 3.982865e-01)) ((-1.629066e-02 5.073575e-02 5.022455e-03) (4.186964e-03 -2.162701e-04 1.046301e-04))
523           	((6.468236e-02 8.360467e-01 1.244195e+01) (-5.822466e-04 1.314544e-02 3.984009e-01)) ((-1.518458e-02 5.092838e-02 5.353925e-03) (4.200015e-03 -2.238404e-04 1.088737e-04))
524           	((6.707499e-02 8.176278e-01 1.244105e+01) (-6.474830e-04 1.307128e-02 3.985348e-01)) ((-1.419038e-02 5.116718e-02 5.727291e-03) (4.213503e-03 -2.322199e-04 1.122421e-04))
525           	((6.940817e-02 8.011171e-01 1.244009e+01) (-7.198873e-04 1.299328e-02 3.986838e-01)) ((-1.336559e-02 5.144259e-02 6.123050e-03) (4.227575e-03 -2.407242e-04 1.152017e-04))
526           	((7.121981e-02 7.870373e-01 1.243929e+01) (-7.896672e-04 1.290599e-02 3.988366e-01)) ((-1.277389e-02 5.177435e-02 6.513020e-03) (4.241227e-03 -2.518971e-04 1.175241e-04))
527           	((7.231548e-02 7.755645e-01 1.243854e+01) (-8.574594e-04 1.281856e-02 3.989974e-01)) ((-1.246054e-02 5.213183e-02 6.886975e-03) (4.255144e-03 -2.623665e-04 1.196228e-04))
528           	((7.286572e-02 7.672955e-01 1.243783e+01) (-9.220204e-04 1.272299e-02 3.991466e-01)) ((-1.242510e-02 5.251844e-02 7.225950e-03) (4.267141e-03 -2.758513e-04 1.212779e-04))
529           	((7.309915e-02 7.627252e-01 1.243687e+01) (-9.767319e-04 1.262899e-02 3.992720e-01)) ((-1.263106e-02 5.293007e-02 7.540738e-03) (4.278152e-03 -2.871436e-04 1.222588e-04))
530           	((7.305230e-02 7.621166e-01 1.243567e+01) (-1.018547e-03 1.253923e-02 3.993914e-01)) ((-1.305859e-02 5.336930e-02 7.830187e-03) (4.289028e-03 -2.974852e-04 1.217861e-04))
531           	((7.252435e-02 7.655754e-01 1.243435e+01) (-1.055176e-03 1.244490e-02 3.994761e-01)) ((-1.367045e-02 5.382167e-02 8.101972e-03) (4.297610e-03 -3.077840e-04 1.209876e-04))
532           	((7.149093e-02 7.728526e-01 1.243293e+01) (-1.078616e-03 1.235828e-02 3.995446e-01)) ((-1.443196e-02 5.424741e-02 8.385457e-03) (4.304798e-03 -3.190478e-04 1.204606e-04))
533           	((7.023529e-02 7.833840e-01 1.243172e+01) (-1.093995e-03 1.228046e-02 3.995984e-01)) ((-1.532444e-02 5.462733e-02 8.670126e-03) (4.313760e-03 -3.281006e-04 1.196020e-04))
534           	((6.912709e-02 7.965055e-01 1.243091e+01) (-1.094912e-03 1.220697e-02 3.996257e-01)) ((-1.632192e-02 5.494902e-02 8.939437e-03) (4.318608e-03 -3.365843e-04 1.184436e-04))
535           	((6.854501e-02 8.114401e-01 1.243073e+01) (-1.085328e-03 1.215383e-02 3.996459e-01)) ((-1.739446e-02 5.523348e-02 9.161234e-03) (4.325060e-03 -3.427346e-04 1.176454e-04))
536           	((6.860033e-02 8.273465e-01 1.243111e+01) (-1.067756e-03 1.210584e-02 3.996513e-01)) ((-1.852659e-02 5.548770e-02 9.325781e-03) (4.331501e-03 -3.485358e-04 1.161945e-04))
537           	((6.936643e-02 8.434498e-01 1.243167e+01) (-1.042705e-03 1.206529e-02 3.996194e-01)) ((-1.971400e-02 5.569974e-02 9.442049e-03) (4.335746e-03 -3.533632e-04 1.161353e-04))
538           	((7.083178e-02 8.592375e-01 1.243216e+01) (-1.010839e-03 1.202339e-02 3.995835e-01)) ((-2.093635e-02 5.586087e-02 9.523631e-03) (4.340218e-03 -3.598351e-04 1.148721e-04))
539           	((7.303911e-02 8.744514e-01 1.243237e+01) (-9.780314e-04 1.198636e-02 3.995374e-01)) ((-2.217445e-02 5.595260e-02 9.562747e-03) (4.345406e-03 -3.638018e-04 1.140712e-04))
540           	((7.579580e-02 8.890848e-01 1.243235e+01) (-9.501491e-04 1.195652e-02 3.994961e-01)) ((-2.343043e-02 5.599035e-02 9.529671e-03) (4.349790e-03 -3.710584e-04 1.131186e-04))
541           	((7.885951e-02 9.031634e-01 1.243227e+01) (-9.206003e-04 1.193714e-02 3.994378e-01)) ((-2.470733e-02 5.599985e-02 9.392294e-03) (4.353528e-03 -3.760488e-04 1.124690e-04))
542           	((8.201949e-02 9.164662e-01 1.243208e+01) (-8.838108e-04 1.192712e-02 3.993755e-01)) ((-2.600547e-02 5.596921e-02 9.113800e-03) (4.356517e-03 -3.821187e-04 1.122163e-04))
543           	((8.493965e-02 9.289033e-01 1.243176e+01) (-8.523398e-04 1.191712e-02 3.992941e-01)) ((-2.729389e-02 5.588976e-02 8.706754e-03) (4.357443e-03 -3.873356e-04 1.124600e-04))
544           	((8.726708e-02 9.405132e-01 1.243131e+01) (-8.118279e-04 1.191877e-02 3.992242e-01)) ((-2.852719e-02 5.574964e-02 8.218188e-03) (4.358293e-03 -3.918436e-04 1.124001e-04))
545           	((8.862154e-02 9.512260e-01 1.243074e+01) (-7.745552e-04 1.193581e-02 3.991501e-01)) ((-2.967156e-02 5.554713e-02 7.704098e-03) (4.359923e-03 -3.965036e-04 1.120106e-04))
546           	((8.868482e-02 9.608257e-01 1.242992e+01) (-7.382070e-04 1.194843e-02 3.990691e-01)) ((-3.071327e-02 5.525667e-02 7.228585e-03) (4.359152e-03 -4.016166e-04 1.113031e-04))
547           	((8.738340e-02 9.691775e-01 1.242876e+01) (-7.062216e-04 1.196403e-02 3.989886e-01)) ((-3.165692e-02 5.486331e-02 6.826227e-03) (4.359131e-03 -4.061612e-04 1.122549e-04))
548           	((8.483842e-02 9.759327e-01 1.242733e+01) (-6.749203e-04 1.198674e-02 3.989303e-01)) ((-3.249299e-02 5.438564e-02 6.502811e-03) (4.359913e-03 -4.109233e-04 1.115945e-04))
549           	((8.115987e-02 9.807852e-01 1.242562e+01) (-6.528539e-04 1.200964e-02 3.988679e-01)) ((-3.321821e-02 5.384040e-02 6.262742e-03) (4.360129e-03 -4.142687e-04 1.110146e-04))
550           	((7.630736e-02 9.836920e-01 1.242380e+01) (-6.326950e-04 1.203542e-02 3.988205e-01)) ((-3.380996e-02 5.328106e-02 6.088808e-03) (4.360490e-03 -4.181390e-04 1.098650e-04))
551           	((7.037278e-02 9.847738e-01 1.242178e+01) (-6.175115e-04 1.205776e-02 3.987663e-01)) ((-3.425724e-02 5.272089e-02 5.974718e-03) (4.360625e-03 -4.199119e-04 1.072386e-04))
552           	((6.358125e-02 9.844037e-01 1.241963e+01) (-6.093113e-04 1.207790e-02 3.987165e-01)) ((-3.455848e-02 5.217034e-02 5.893992e-03) (4.358345e-03 -4.234732e-04 1.052834e-04))
553           	((5.622837e-02 9.829700e-01 1.241753e+01) (-6.019792e-04 1.210540e-02 3.986698e-01)) ((-3.472031e-02 5.163964e-02 5.802380e-03) (4.354731e-03 -4.252533e-04 1.030546e-04))
554           	((4.853081e-02 9.806717e-01 1.241575e+01) (-5.942376e-04 1.212963e-02 3.986407e-01)) ((-3.476493e-02 5.114569e-02 5.652731e-03) (4.352117e-03 -4.263240e-04 9.890568e-05))
555           	((4.052584e-02 9.776101e-01 1.241443e+01) (-5.886412e-04 1.215539e-02 3.986064e-01)) ((-3.468241e-02 5.071474e-02 5.415518e-03) (4.348198e-03 -4.266194e-04 9.536914e-05))
556           	((3.233565e-02 9.737881e-01 1.241344e+01) (-5.787599e-04 1.217851e-02 3.985708e-01)) ((-3.448812e-02 5.032729e-02 5.107361e-03) (4.342443e-03 -4.276853e-04 9.225773e-05))
557           	((2.420544e-02 9.691521e-01 1.241283e+01) (-5.687798e-04 1.220064e-02 3.985506e-01)) ((-3.417888e-02 4.997057e-02 4.737584e-03) (4.338964e-03 -4.282357e-04 8.739486e-05))
558           	((1.644358e-02 9.636727e-01 1.241262e+01) (-5.619661e-04 1.221019e-02 3.985176e-01)) ((-3.375312e-02 4.963213e-02 4.322675e-03) (4.333104e-03 -4.288267e-04 8.417942e-05))
559           	((9.348037e-03 9.574746e-01 1.241286e+01) (-5.438228e-04 1.222290e-02 3.985085e-01)) ((-3.321187e-02 4.932581e-02 3.889050e-03) (4.329126e-03 -4.278698e-04 7.830064e-05))
560           	((3.040151e-03 9.504574e-01 1.241366e+01) (-5.290397e-04 1.222938e-02 3.984985e-01)) ((-3.255095e-02 4.907148e-02 3.459585e-03) (4.326660e-03 -4.259272e-04 7.178563e-05))
561           	((-2.306777e-03 9.426797e-01 1.241478e+01) (-5.136735e-04 1.222210e-02 3.984839e-01)) ((-3.179654e-02 4.883080e-02 3.048322e-03) (4.323039e-03 -4.258889e-04 6.662458e-05))
562           	((-6.568961e-03 9.343709e-01 1.241619e+01) (-4.944929e-04 1.221365e-02 3.984748e-01)) ((-3.096953e-02 4.856745e-02 2.650865e-03) (4.318795e-03 -4.239726e-04 6.105934e-05))
563           	((-9.666971e-03 9.259316e-01 1.241776e+01) (-4.711152e-04 1.219000e-02 3.984804e-01)) ((-3.008499e-02 4.824471e-02 2.268973e-03) (4.315814e-03 -4.218980e-04 5.463398e-05))
564           	((-1.170197e-02 9.179059e-01 1.241964e+01) (-4.468523e-04 1.216850e-02 3.984964e-01)) ((-2.915286e-02 4.788475e-02 1.895650e-03) (4.313414e-03 -4.201084e-04 4.881036e-05))
565           	((-1.297869e-02 9.107080e-01 1.242181e+01) (-4.113769e-04 1.214169e-02 3.985127e-01)) ((-2.817562e-02 4.751819e-02 1.551285e-03) (4.312568e-03 -4.179064e-04 4.278251e-05))
566           	((-1.353917e-02 9.045138e-01 1.242401e+01) (-3.733291e-04 1.209566e-02 3.985323e-01)) ((-2.716245e-02 4.714805e-02 1.239117e-03) (4.312848e-03 -4.148305e-04 3.586402e-05))
567           	((-1.343365e-02 8.994210e-01 1.242613e+01) (-3.397957e-04 1.203462e-02 3.985352e-01)) ((-2.612198e-02 4.677624e-02 9.473807e-04) (4.313579e-03 -4.116500e-04 3.078561e-05))
568           	((-1.282214e-02 8.953335e-01 1.242807e+01) (-3.014793e-04 1.196543e-02 3.985538e-01)) ((-2.506899e-02 4.640480e-02 6.802158e-04) (4.315169e-03 -4.085027e-04 2.557968e-05))
569           	((-1.181664e-02 8.921719e-01 1.242980e+01) (-2.650632e-04 1.189152e-02 3.985793e-01)) ((-2.400906e-02 4.607211e-02 4.172263e-04) (4.321329e-03 -4.038291e-04 1.869354e-05))
570           	((-1.051345e-02 8.900484e-01 1.243134e+01) (-2.380784e-04 1.180787e-02 3.985971e-01)) ((-2.294943e-02 4.582829e-02 1.543271e-04) (4.326743e-03 -3.993852e-04 1.502860e-05))
571           	((-8.903092e-03 8.889883e-01 1.243247e+01) (-2.143127e-04 1.171440e-02 3.986151e-01)) ((-2.190207e-02 4.567338e-02 -1.090676e-04) (4.334065e-03 -3.960879e-04 1.056394e-05))
572           	((-6.814300e-03 8.892269e-01 1.243307e+01) (-1.884190e-04 1.161754e-02 3.986304e-01)) ((-2.089365e-02 4.560921e-02 -3.941409e-04) (4.341744e-03 -3.901013e-04 7.103513e-06))
573           	((-4.254672e-03 8.909099e-01 1.243316e+01) (-1.666015e-04 1.152124e-02 3.986491e-01)) ((-1.997134e-02 4.560981e-02 -7.148653e-04) (4.348941e-03 -3.859894e-04 5.028194e-06))
574           	((-1.504359e-03 8.938265e-01 1.243274e+01) (-1.518453e-04 1.142363e-02 3.986696e-01)) ((-1.918809e-02 4.567005e-02 -1.048801e-03) (4.356322e-03 -3.817521e-04 2.564634e-06))
575           	((1.222842e-03 8.977169e-01 1.243162e+01) (-1.403434e-04 1.132283e-02 3.986784e-01)) ((-1.858497e-02 4.575060e-02 -1.369271e-03) (4.365430e-03 -3.776014e-04 2.265709e-08))
576           	((3.815720e-03 9.025580e-01 1.242970e+01) (-1.381601e-04 1.122060e-02 3.986781e-01)) ((-1.816233e-02 4.579978e-02 -1.659823e-03) (4.371969e-03 -3.745333e-04 -7.318863e-07))
577           	((6.372920e-03 9.083756e-01 1.242709e+01) (-1.451668e-04 1.112979e-02 3.986701e-01)) ((-1.791083e-02 4.578460e-02 -1.919456e-03) (4.379698e-03 -3.714516e-04 -1.217498e-06))
578           	((8.870923e-03 9.151793e-01 1.242388e+01) (-1.565955e-04 1.103988e-02 3.986750e-01)) ((-1.782627e-02 4.569696e-02 -2.137622e-03) (4.387472e-03 -3.685062e-04 -1.180714e-06))
579           	((1.110960e-02 9.230939e-01 1.242037e+01) (-1.835842e-04 1.095717e-02 3.986685e-01)) ((-1.789920e-02 4.558578e-02 -2.304783e-03) (4.394401e-03 -3.642054e-04 -1.809534e-06))
580           	((1.304095e-02 9.319606e-01 1.241665e+01) (-2.124094e-04 1.088587e-02 3.986642e-01)) ((-1.812810e-02 4.547631e-02 -2.409473e-03) (4.399597e-03 -3.615769e-04 -1.377952e-06))
581           	((1.470217e-02 9.416700e-01 1.241288e+01) (-2.583809e-04 1.081737e-02 3.986592e-01)) ((-1.850688e-02 4.539338e-02 -2.447846e-03) (4.405569e-03 -3.591617e-04 -7.890697e-07))
582           	((1.624045e-02 9.521889e-01 1.240924e+01) (-3.139754e-04 1.075910e-02 3.986446e-01)) ((-1.902970e-02 4.534626e-02 -2.415789e-03) (4.408164e-03 -3.570705e-04 8.734520e-07))
583           	((1.769677e-02 9.636019e-01 1.240587e+01) (-3.773950e-04 1.071326e-02 3.986360e-01)) ((-1.967296e-02 4.535655e-02 -2.321967e-03) (4.410073e-03 -3.559310e-04 2.632635e-06))
584           	((1.883213e-02 9.759692e-01 1.240282e+01) (-4.546953e-04 1.068194e-02 3.986222e-01)) ((-2.039849e-02 4.545433e-02 -2.178777e-03) (4.411458e-03 -3.553166e-04 4.633665e-06))
585           	((1.973828e-02 9.890053e-01 1.239993e+01) (-5.414944e-04 1.065371e-02 3.985998e-01)) ((-2.119960e-02 4.562786e-02 -1.976918e-03) (4.411428e-03 -3.558961e-04 7.756774e-06))
586           	((2.049905e-02 1.002442e+00 1.239727e+01) (-6.349351e-04 1.064071e-02 3.985606e-01)) ((-2.208360e-02 4.585650e-02 -1.727908e-03) (4.407219e-03 -3.565504e-04 1.103180e-05))
587           	((2.116163e-02 1.016002e+00 1.239479e+01) (-7.392942e-04 1.063079e-02 3.985306e-01)) ((-2.306821e-02 4.609904e-02 -1.443735e-03) (4.403479e-03 -3.591774e-04 1.306650e-05))
588           	((2.147073e-02 1.029507e+00 1.239259e+01) (-8.483087e-04 1.064352e-02 3.984872e-01)) ((-2.414915e-02 4.633457e-02 -1.099927e-03) (4.396262e-03 -3.608260e-04 1.538901e-05))
589           	((2.117888e-02 1.042834e+00 1.239071e+01) (-9.587505e-04 1.066910e-02 3.984356e-01)) ((-2.529702e-02 4.655680e-02 -6.588894e-04) (4.387842e-03 -3.631417e-04 1.782733e-05))
590           	((2.034565e-02 1.055818e+00 1.238902e+01) (-1.068622e-03 1.069856e-02 3.983641e-01)) ((-2.649742e-02 4.671707e-02 -1.049444e-04) (4.377853e-03 -3.647206e-04 1.861692e-05))
591           	((1.919673e-02 1.068246e+00 1.238752e+01) (-1.175989e-03 1.073027e-02 3.982808e-01)) ((-2.770786e-02 4.678056e-02 5.550574e-04) (4.365434e-03 -3.671859e-04 1.958257e-05))
592           	((1.811916e-02 1.079903e+00 1.238626e+01) (-1.273553e-03 1.077432e-02 3.981955e-01)) ((-2.887378e-02 4.673737e-02 1.276131e-03) (4.351739e-03 -3.682424e-04 2.172305e-05))
593           	((1.724352e-02 1.090627e+00 1.238546e+01) (-1.363705e-03 1.083332e-02 3.981102e-01)) ((-2.995517e-02 4.663735e-02 2.029943e-03) (4.340965e-03 -3.688779e-04 2.118318e-05))
594           	((1.646437e-02 1.100135e+00 1.238517e+01) (-1.447558e-03 1.090175e-02 3.980075e-01)) ((-3.092419e-02 4.652491e-02 2.791498e-03) (4.326843e-03 -3.692483e-04 2.281739e-05))
595           	((1.572387e-02 1.108079e+00 1.238523e+01) (-1.518642e-03 1.097353e-02 3.979140e-01)) ((-3.175495e-02 4.641254e-02 3.566165e-03) (4.314086e-03 -3.700309e-04 2.457189e-05))
596           	((1.500231e-02 1.114181e+00 1.238566e+01) (-1.576369e-03 1.104967e-02 3.978182e-01)) ((-3.240223e-02 4.633508e-02 4.358587e-03) (4.301631e-03 -3.685229e-04 2.557707e-05))
597           	((1.440440e-02 1.118271e+00 1.238644e+01) (-1.630527e-03 1.113015e-02 3.977187e-01)) ((-3.284417e-02 4.630982e-02 5.142442e-03) (4.287464e-03 -3.662585e-04 2.789905e-05))
598           	((1.407928e-02 1.120485e+00 1.238753e+01) (-1.670617e-03 1.122092e-02 3.976541e-01)) ((-3.306984e-02 4.634819e-02 5.876427e-03) (4.273518e-03 -3.649454e-04 2.972106e-05))
599           	((1.419353e-02 1.120953e+00 1.238890e+01) (-1.702658e-03 1.131274e-02 3.975941e-01)) ((-3.308330e-02 4.646137e-02 6.501722e-03) (4.260635e-03 -3.602842e-04 3.043140e-05))
600           	((1.490354e-02 1.119860e+00 1.239041e+01) (-1.722202e-03 1.139758e-02 3.975397e-01)) ((-3.291491e-02 4.663797e-02 6.989508e-03) (4.246439e-03 -3.582057e-04 3.156488e-05))
601           	((1.637952e-02 1.117537e+00 1.239206e+01) (-1.732838e-03 1.148052e-02 3.974849e-01)) ((-3.260482e-02 4.685820e-02 7.345200e-03) (4.232296e-03 -3.535164e-04 3.170672e-05))
602           	((1.864428e-02 1.114374e+00 1.239390e+01) (-1.731554e-03 1.155255e-02 3.974389e-01)) ((-3.220328e-02 4.709343e-02 7.584002e-03) (4.220412e-03 -3.493030e-04 3.165103e-05))
603           	((2.132809e-02 1.110866e+00 1.239597e+01) (-1.722184e-03 1.161237e-02 3.973906e-01)) ((-3.176041e-02 4.732739e-02 7.730361e-03) (4.208415e-03 -3.436011e-04 3.024066e-05))
604           	((2.409376e-02 1.107293e+00 1.239815e+01) (-1.700586e-03 1.167147e-02 3.973539e-01)) ((-3.130511e-02 4.751465e-02 7.803746e-03) (4.197663e-03 -3.382632e-04 2.920736e-05))
605           	((2.675618e-02 1.103840e+00 1.240032e+01) (-1.666873e-03 1.171577e-02 3.973314e-01)) ((-3.083603e-02 4.759387e-02 7.817614e-03) (4.190319e-03 -3.322725e-04 2.659269e-05))
606           	((2.920798e-02 1.100261e+00 1.240254e+01) (-1.630818e-03 1.174518e-02 3.973054e-01)) ((-3.035338e-02 4.754697e-02 7.813447e-03) (4.183458e-03 -3.261458e-04 2.404994e-05))
607           	((3.127060e-02 1.096256e+00 1.240483e+01) (-1.587314e-03 1.176662e-02 3.972893e-01)) ((-2.983509e-02 4.738198e-02 7.821169e-03) (4.177597e-03 -3.217572e-04 2.081017e-05))
608           	((3.266172e-02 1.091602e+00 1.240735e+01) (-1.534008e-03 1.177662e-02 3.972756e-01)) ((-2.926649e-02 4.713449e-02 7.814795e-03) (4.174010e-03 -3.151361e-04 1.787175e-05))
609           	((3.320301e-02 1.086125e+00 1.241005e+01) (-1.479243e-03 1.177643e-02 3.972498e-01)) ((-2.864409e-02 4.680803e-02 7.762685e-03) (4.170418e-03 -3.094632e-04 1.374575e-05))
610           	((3.291840e-02 1.079784e+00 1.241300e+01) (-1.420677e-03 1.175722e-02 3.972348e-01)) ((-2.796961e-02 4.640411e-02 7.652020e-03) (4.168610e-03 -3.061589e-04 1.075378e-05))
611           	((3.194452e-02 1.072620e+00 1.241618e+01) (-1.361517e-03 1.172970e-02 3.972212e-01)) ((-2.727006e-02 4.592972e-02 7.471948e-03) (4.167557e-03 -3.008575e-04 6.734745e-06))
612           	((3.043762e-02 1.064829e+00 1.241970e+01) (-1.303220e-03 1.169350e-02 3.972199e-01)) ((-2.656516e-02 4.542701e-02 7.230246e-03) (4.167179e-03 -2.974272e-04 3.090129e-06))
613           	((2.835710e-02 1.056785e+00 1.242364e+01) (-1.246763e-03 1.166318e-02 3.972125e-01)) ((-2.588540e-02 4.495440e-02 6.943593e-03) (4.167426e-03 -2.939873e-04 -5.053483e-07))
614           	((2.590807e-02 1.048619e+00 1.242779e+01) (-1.189081e-03 1.162029e-02 3.972028e-01)) ((-2.528352e-02 4.452942e-02 6.619669e-03) (4.167565e-03 -2.894996e-04 -3.454462e-06))
615           	((2.342092e-02 1.040529e+00 1.243214e+01) (-1.137908e-03 1.156687e-02 3.971958e-01)) ((-2.480496e-02 4.417548e-02 6.246182e-03) (4.168700e-03 -2.865664e-04 -7.613070e-06))
616           	((2.121960e-02 1.032636e+00 1.243656e+01) (-1.090075e-03 1.151255e-02 3.971831e-01)) ((-2.448561e-02 4.389584e-02 5.821204e-03) (4.168574e-03 -2.833578e-04 -1.019848e-05))
617           	((1.939387e-02 1.025208e+00 1.244096e+01) (-1.042722e-03 1.147476e-02 3.971807e-01)) ((-2.430949e-02 4.370790e-02 5.345813e-03) (4.169987e-03 -2.792807e-04 -1.445804e-05))
618           	((1.792668e-02 1.018332e+00 1.244527e+01) (-9.988959e-04 1.142594e-02 3.971880e-01)) ((-2.425460e-02 4.362550e-02 4.840928e-03) (4.171857e-03 -2.770235e-04 -1.792218e-05))
619           	((1.665430e-02 1.012025e+00 1.244918e+01) (-9.612662e-04 1.138834e-02 3.971809e-01)) ((-2.430407e-02 4.361406e-02 4.357871e-03) (4.172426e-03 -2.744998e-04 -2.158389e-05))
620           	((1.552995e-02 1.006471e+00 1.245262e+01) (-9.287209e-04 1.135933e-02 3.971863e-01)) ((-2.444414e-02 4.364652e-02 3.944070e-03) (4.174583e-03 -2.728976e-04 -2.466967e-05))
621           	((1.451232e-02 1.001625e+00 1.245551e+01) (-9.097025e-04 1.133175e-02 3.971914e-01)) ((-2.465866e-02 4.370345e-02 3.605902e-03) (4.176761e-03 -2.726573e-04 -2.907855e-05))
622           	((1.339353e-02 9.972437e-01 1.245798e+01) (-8.950526e-04 1.131861e-02 3.972045e-01)) ((-2.495561e-02 4.380551e-02 3.335371e-03) (4.179114e-03 -2.722392e-04 -3.186071e-05))
623           	((1.211415e-02 9.931122e-01 1.245991e+01) (-8.829785e-04 1.130747e-02 3.972142e-01)) ((-2.536692e-02 4.395895e-02 3.097011e-03) (4.181674e-03 -2.717640e-04 -3.656185e-05))
624           	((1.083470e-02 9.892872e-01 1.246116e+01) (-8.789696e-04 1.129689e-02 3.972093e-01)) ((-2.590951e-02 4.414172e-02 2.861375e-03) (4.182653e-03 -2.719144e-04 -4.045149e-05))
625           	((9.715371e-03 9.859490e-01 1.246192e+01) (-8.803458e-04 1.130725e-02 3.971870e-01)) ((-2.657033e-02 4.435125e-02 2.627400e-03) (4.182469e-03 -2.721964e-04 -4.551249e-05))
626           	((9.038860e-03 9.832313e-01 1.246236e+01) (-8.866797e-04 1.131561e-02 3.971500e-01)) ((-2.733423e-02 4.458648e-02 2.385659e-03) (4.180561e-03 -2.717131e-04 -4.942511e-05))
627           	((8.830656e-03 9.812687e-01 1.246270e+01) (-9.033407e-04 1.133196e-02 3.971058e-01)) ((-2.818407e-02 4.487200e-02 2.127661e-03) (4.177615e-03 -2.714137e-04 -5.563442e-05))
628           	((8.923158e-03 9.799466e-01 1.246317e+01) (-9.180852e-04 1.135884e-02 3.970560e-01)) ((-2.909632e-02 4.522785e-02 1.852944e-03) (4.173886e-03 -2.708999e-04 -6.046589e-05))
629           	((9.291473e-03 9.789227e-01 1.246372e+01) (-9.381338e-04 1.139236e-02 3.969908e-01)) ((-3.004801e-02 4.563004e-02 1.576592e-03) (4.169391e-03 -2.711779e-04 -6.665128e-05))
630           	((1.000434e-02 9.779866e-01 1.246436e+01) (-9.627691e-04 1.142719e-02 3.969375e-01)) ((-3.102506e-02 4.604149e-02 1.294914e-03) (4.163995e-03 -2.723522e-04 -7.153208e-05))
631           	((1.106884e-02 9.771390e-01 1.246501e+01) (-9.897442e-04 1.147115e-02 3.968713e-01)) ((-3.201763e-02 4.642695e-02 1.037908e-03) (4.155470e-03 -2.728855e-04 -7.751236e-05))
632           	((1.241403e-02 9.764721e-01 1.246572e+01) (-1.022508e-03 1.152141e-02 3.968137e-01)) ((-3.302501e-02 4.679793e-02 8.074082e-04) (4.147421e-03 -2.734355e-04 -8.261368e-05))
633           	((1.378345e-02 9.762315e-01 1.246647e+01) (-1.058649e-03 1.157284e-02 3.967494e-01)) ((-3.403813e-02 4.716376e-02 6.209794e-04) (4.137877e-03 -2.758824e-04 -8.820394e-05))
634           	((1.516319e-02 9.764407e-01 1.246710e+01) (-1.094602e-03 1.162132e-02 3.966772e-01)) ((-3.504322e-02 4.749608e-02 5.025454e-04) (4.126915e-03 -2.781704e-04 -9.150085e-05))
635           	((1.674810e-02 9.773220e-01 1.246768e+01) (-1.135029e-03 1.166283e-02 3.966168e-01)) ((-3.604928e-02 4.777705e-02 4.286607e-04) (4.117424e-03 -2.808616e-04 -9.611424e-05))
636           	((1.875133e-02 9.789429e-01 1.246819e+01) (-1.177457e-03 1.170007e-02 3.965550e-01)) ((-3.704088e-02 4.798972e-02 3.669526e-04) (4.106139e-03 -2.820772e-04 -9.925244e-05))
637           	((2.127652e-02 9.816857e-01 1.246862e+01) (-1.214614e-03 1.174465e-02 3.965030e-01)) ((-3.798507e-02 4.816139e-02 2.800627e-04) (4.095497e-03 -2.844508e-04 -1.018757e-04))
638           	((2.418598e-02 9.853926e-01 1.246890e+01) (-1.244261e-03 1.177924e-02 3.964720e-01)) ((-3.883198e-02 4.833656e-02 1.789978e-04) (4.085992e-03 -2.867384e-04 -1.040747e-04))
639           	((2.731078e-02 9.896010e-01 1.246866e+01) (-1.265255e-03 1.180036e-02 3.964389e-01)) ((-3.953335e-02 4.851201e-02 1.282280e-04) (4.076904e-03 -2.876467e-04 -1.057132e-04))
640           	((3.061317e-02 9.938286e-01 1.246768e+01) (-1.272197e-03 1.182168e-02 3.964245e-01)) ((-4.003323e-02 4.869228e-02 1.816725e-04) (4.068359e-03 -2.904536e-04 -1.059843e-04))
641           	((3.406313e-02 9.974816e-01 1.246585e+01) (-1.273154e-03 1.183843e-02 3.964214e-01)) ((-4.028638e-02 4.887574e-02 3.629548e-04) (4.061494e-03 -2.910688e-04 -1.065122e-04))
642           	((3.729937e-02 1.000054e+00 1.246342e+01) (-1.268185e-03 1.184724e-02 3.964403e-01)) ((-4.029137e-02 4.907209e-02 6.927897e-04) (4.054713e-03 -2.931081e-04 -1.050246e-04))
643           	((3.991835e-02 1.001050e+00 1.246048e+01) (-1.259234e-03 1.185280e-02 3.964758e-01)) ((-4.006350e-02 4.927006e-02 1.190327e-03) (4.048596e-03 -2.945055e-04 -1.025803e-04))
644           	((4.191100e-02 1.000410e+00 1.245718e+01) (-1.249362e-03 1.184719e-02 3.965442e-01)) ((-3.961674e-02 4.942687e-02 1.815640e-03) (4.045576e-03 -2.962752e-04 -1.002390e-04))
645           	((4.316760e-02 9.983404e-01 1.245375e+01) (-1.234704e-03 1.184616e-02 3.966214e-01)) ((-3.898703e-02 4.951260e-02 2.518123e-03) (4.043643e-03 -2.950246e-04 -9.773141e-05))
646           	((4.342046e-02 9.949038e-01 1.245037e+01) (-1.213998e-03 1.184048e-02 3.967441e-01)) ((-3.821483e-02 4.949111e-02 3.248602e-03) (4.044876e-03 -2.938015e-04 -9.460560e-05))
647           	((4.236861e-02 9.903094e-01 1.244724e+01) (-1.192388e-03 1.182482e-02 3.968773e-01)) ((-3.733907e-02 4.937170e-02 3.951558e-03) (4.049283e-03 -2.917009e-04 -9.346010e-05))
648           	((4.008641e-02 9.845530e-01 1.244432e+01) (-1.171253e-03 1.180187e-02 3.970141e-01)) ((-3.639560e-02 4.913429e-02 4.579805e-03) (4.053095e-03 -2.902525e-04 -9.021222e-05))
649           	((3.682047e-02 9.777509e-01 1.244162e+01) (-1.147283e-03 1.177689e-02 3.971551e-01)) ((-3.540626e-02 4.880399e-02 5.135140e-03) (4.058550e-03 -2.896109e-04 -8.881303e-05))
650           	((3.311517e-02 9.698906e-01 1.243919e+01) (-1.119172e-03 1.174077e-02 3.973029e-01)) ((-3.439491e-02 4.840760e-02 5.618191e-03) (4.065089e-03 -2.868362e-04 -8.659768e-05))
651           	((2.939134e-02 9.610220e-01 1.243713e+01) (-1.096774e-03 1.170166e-02 3.974531e-01)) ((-3.336586e-02 4.797391e-02 6.030284e-03) (4.071040e-03 -2.853006e-04 -8.525880e-05))
652           	((2.592307e-02 9.515086e-01 1.243545e+01) (-1.066305e-03 1.166110e-02 3.976013e-01)) ((-3.228873e-02 4.755406e-02 6.343465e-03) (4.077515e-03 -2.819534e-04 -8.357198e-05))
653           	((2.300075e-02 9.416985e-01 1.243383e+01) (-1.047935e-03 1.160802e-02 3.977310e-01)) ((-3.111955e-02 4.711011e-02 6.526965e-03) (4.085158e-03 -2.804644e-04 -8.312460e-05))
654           	((2.071811e-02 9.319490e-01 1.243217e+01) (-1.034634e-03 1.155399e-02 3.978578e-01)) ((-2.980893e-02 4.662240e-02 6.555667e-03) (4.092737e-03 -2.788656e-04 -8.046275e-05))
655           	((1.897126e-02 9.227123e-01 1.243026e+01) (-1.027303e-03 1.149366e-02 3.979627e-01)) ((-2.833818e-02 4.609351e-02 6.429699e-03) (4.100297e-03 -2.760904e-04 -7.810016e-05))
656           	((1.750423e-02 9.142606e-01 1.242811e+01) (-1.015008e-03 1.143479e-02 3.980612e-01)) ((-2.671346e-02 4.555379e-02 6.164162e-03) (4.109285e-03 -2.722774e-04 -7.769524e-05))
657           	((1.607567e-02 9.066722e-01 1.242578e+01) (-1.011548e-03 1.137559e-02 3.981323e-01)) ((-2.497535e-02 4.502199e-02 5.757821e-03) (4.116542e-03 -2.675170e-04 -7.656049e-05))
658           	((1.464844e-02 8.994643e-01 1.242314e+01) (-9.999037e-04 1.130745e-02 3.981818e-01)) ((-2.319094e-02 4.448757e-02 5.230155e-03) (4.122819e-03 -2.642680e-04 -7.570934e-05))
659           	((1.325196e-02 8.922107e-01 1.242024e+01) (-9.932815e-04 1.123642e-02 3.982032e-01)) ((-2.142932e-02 4.393187e-02 4.576152e-03) (4.128708e-03 -2.583736e-04 -7.586212e-05))
660           	((1.180419e-02 8.846334e-01 1.241721e+01) (-9.881489e-04 1.116454e-02 3.982080e-01)) ((-1.977083e-02 4.335526e-02 3.851031e-03) (4.131887e-03 -2.520776e-04 -7.546748e-05))
661           	((1.024423e-02 8.767465e-01 1.241432e+01) (-9.871999e-04 1.110434e-02 3.982022e-01)) ((-1.828082e-02 4.279945e-02 3.085469e-03) (4.135344e-03 -2.457698e-04 -7.698222e-05))
662           	((8.522068e-03 8.688385e-01 1.241170e+01) (-9.864124e-04 1.103986e-02 3.981774e-01)) ((-1.697370e-02 4.227911e-02 2.251330e-03) (4.137461e-03 -2.389289e-04 -7.755876e-05))
663           	((6.754640e-03 8.609361e-01 1.240947e+01) (-9.907774e-04 1.096167e-02 3.981397e-01)) ((-1.587708e-02 4.180797e-02 1.351171e-03) (4.139078e-03 -2.340674e-04 -7.951253e-05))
664           	((5.173810e-03 8.534243e-01 1.240785e+01) (-9.952871e-04 1.089622e-02 3.980924e-01)) ((-1.499642e-02 4.141364e-02 3.563396e-04) (4.141041e-03 -2.273600e-04 -8.117116e-05))
665           	((3.900555e-03 8.467699e-01 1.240686e+01) (-1.010949e-03 1.083170e-02 3.980316e-01)) ((-1.435490e-02 4.111639e-02 -7.062167e-04) (4.143742e-03 -2.220973e-04 -8.352303e-05))
666           	((3.000152e-03 8.416348e-01 1.240659e+01) (-1.031853e-03 1.077467e-02 3.979616e-01)) ((-1.397700e-02 4.094709e-02 -1.801585e-03) (4.144682e-03 -2.171293e-04 -8.552417e-05))
667           	((2.429204e-03 8.388938e-01 1.240696e+01) (-1.059805e-03 1.072885e-02 3.978925e-01)) ((-1.386488e-02 4.092390e-02 -2.896622e-03) (4.147092e-03 -2.128678e-04 -8.712063e-05))
668           	((2.328829e-03 8.393310e-01 1.240760e+01) (-1.088157e-03 1.068549e-02 3.978082e-01)) ((-1.400397e-02 4.101892e-02 -3.957748e-03) (4.147531e-03 -2.090249e-04 -8.911900e-05))
669           	((3.008091e-03 8.432906e-01 1.240828e+01) (-1.125688e-03 1.065778e-02 3.977244e-01)) ((-1.437320e-02 4.120559e-02 -4.961365e-03) (4.148202e-03 -2.036410e-04 -9.130515e-05))
670           	((4.630760e-03 8.506907e-01 1.240884e+01) (-1.160485e-03 1.063822e-02 3.976504e-01)) ((-1.496394e-02 4.145214e-02 -5.894705e-03) (4.149003e-03 -1.995074e-04 -9.282776e-05))
671           	((7.059410e-03 8.612334e-01 1.240928e+01) (-1.200374e-03 1.062898e-02 3.975762e-01)) ((-1.576703e-02 4.175667e-02 -6.724847e-03) (4.150149e-03 -1.948006e-04 -9.592322e-05))
672           	((1.021305e-02 8.740782e-01 1.240942e+01) (-1.241242e-03 1.062553e-02 3.974933e-01)) ((-1.677333e-02 4.210298e-02 -7.443228e-03) (4.149987e-03 -1.911043e-04 -9.836455e-05))
673           	((1.412246e-02 8.885021e-01 1.240904e+01) (-1.276436e-03 1.063376e-02 3.974199e-01)) ((-1.794671e-02 4.246121e-02 -8.058197e-03) (4.150116e-03 -1.887266e-04 -1.008359e-04))
674           	((1.880361e-02 9.036325e-01 1.240819e+01) (-1.313712e-03 1.064427e-02 3.973601e-01)) ((-1.924999e-02 4.283076e-02 -8.579887e-03) (4.149744e-03 -1.875823e-04 -1.023973e-04))
675           	((2.410275e-02 9.188343e-01 1.240686e+01) (-1.352806e-03 1.065857e-02 3.973090e-01)) ((-2.065089e-02 4.319530e-02 -8.989354e-03) (4.148360e-03 -1.864985e-04 -1.041126e-04))
676           	((2.977637e-02 9.335681e-01 1.240517e+01) (-1.385690e-03 1.068374e-02 3.972840e-01)) ((-2.212141e-02 4.357101e-02 -9.292530e-03) (4.146980e-03 -1.864707e-04 -1.057950e-04))
677           	((3.554700e-02 9.472719e-01 1.240323e+01) (-1.415956e-03 1.072026e-02 3.972615e-01)) ((-2.362294e-02 4.398093e-02 -9.509515e-03) (4.145218e-03 -1.848826e-04 -1.073857e-04))
678           	((4.124768e-02 9.596806e-01 1.240097e+01) (-1.444384e-03 1.075198e-02 3.972502e-01)) ((-2.511448e-02 4.441778e-02 -9.637849e-03) (4.142332e-03 -1.858626e-04 -1.077047e-04))
679           	((4.688946e-02 9.707210e-01 1.239849e+01) (-1.468331e-03 1.079276e-02 3.972510e-01)) ((-2.658091e-02 4.488397e-02 -9.691701e-03) (4.139659e-03 -1.867012e-04 -1.088349e-04))
680           	((5.253609e-02 9.807469e-01 1.239592e+01) (-1.488024e-03 1.083238e-02 3.972506e-01)) ((-2.802492e-02 4.537614e-02 -9.694387e-03) (4.135513e-03 -1.859452e-04 -1.093428e-04))
681           	((5.792449e-02 9.904718e-01 1.239351e+01) (-1.502895e-03 1.088541e-02 3.972631e-01)) ((-2.945851e-02 4.589977e-02 -9.665687e-03) (4.132220e-03 -1.876506e-04 -1.099627e-04))
682           	((6.287440e-02 1.000456e+00 1.239129e+01) (-1.508740e-03 1.093736e-02 3.972714e-01)) ((-3.088307e-02 4.643177e-02 -9.625193e-03) (4.127354e-03 -1.870021e-04 -1.094506e-04))
683           	((6.745533e-02 1.011022e+00 1.238911e+01) (-1.500463e-03 1.099203e-02 3.972842e-01)) ((-3.228596e-02 4.693189e-02 -9.576662e-03) (4.122122e-03 -1.868209e-04 -1.090071e-04))
684           	((7.178575e-02 1.022322e+00 1.238707e+01) (-1.486864e-03 1.104382e-02 3.973113e-01)) ((-3.364987e-02 4.738689e-02 -9.502176e-03) (4.116914e-03 -1.849330e-04 -1.083618e-04))
685           	((7.596699e-02 1.034223e+00 1.238520e+01) (-1.464914e-03 1.110522e-02 3.973620e-01)) ((-3.496274e-02 4.778830e-02 -9.385881e-03) (4.111383e-03 -1.829022e-04 -1.074034e-04))
686           	((7.978301e-02 1.046464e+00 1.238362e+01) (-1.442722e-03 1.116246e-02 3.974355e-01)) ((-3.619185e-02 4.814853e-02 -9.205363e-03) (4.106582e-03 -1.814822e-04 -1.061246e-04))
687           	((8.294937e-02 1.058591e+00 1.238246e+01) (-1.415793e-03 1.122344e-02 3.975116e-01)) ((-3.730160e-02 4.847441e-02 -8.948828e-03) (4.100291e-03 -1.785632e-04 -1.050531e-04))
688           	((8.527985e-02 1.069911e+00 1.238158e+01) (-1.385282e-03 1.127108e-02 3.975894e-01)) ((-3.827158e-02 4.873212e-02 -8.617615e-03) (4.095269e-03 -1.773780e-04 -1.026237e-04))
689           	((8.675525e-02 1.079870e+00 1.238102e+01) (-1.350528e-03 1.131864e-02 3.976609e-01)) ((-3.908606e-02 4.889731e-02 -8.226043e-03) (4.090621e-03 -1.733334e-04 -1.007365e-04))
690           	((8.734814e-02 1.088160e+00 1.238085e+01) (-1.321183e-03 1.135598e-02 3.977265e-01)) ((-3.975174e-02 4.895285e-02 -7.775656e-03) (4.085306e-03 -1.700320e-04 -9.756144e-05))
691           	((8.692811e-02 1.094653e+00 1.238131e+01) (-1.294104e-03 1.139272e-02 3.978049e-01)) ((-4.025282e-02 4.894552e-02 -7.301472e-03) (4.081607e-03 -1.667639e-04 -9.612460e-05))
692           	((8.541193e-02 1.099247e+00 1.238256e+01) (-1.266811e-03 1.142155e-02 3.978684e-01)) ((-4.058849e-02 4.891840e-02 -6.826399e-03) (4.078752e-03 -1.627694e-04 -9.350710e-05))
693           	((8.294056e-02 1.101920e+00 1.238464e+01) (-1.248810e-03 1.144270e-02 3.979298e-01)) ((-4.077492e-02 4.888771e-02 -6.381091e-03) (4.076657e-03 -1.608081e-04 -8.987628e-05))
694           	((7.981494e-02 1.102789e+00 1.238763e+01) (-1.232985e-03 1.146123e-02 3.979945e-01)) ((-4.083421e-02 4.886620e-02 -5.976343e-03) (4.075709e-03 -1.572103e-04 -8.667644e-05))
695           	((7.636576e-02 1.102046e+00 1.239149e+01) (-1.225042e-03 1.147285e-02 3.980487e-01)) ((-4.078725e-02 4.884072e-02 -5.626869e-03) (4.075236e-03 -1.552167e-04 -8.308425e-05))
696           	((7.271359e-02 1.100084e+00 1.239623e+01) (-1.224476e-03 1.148453e-02 3.981012e-01)) ((-4.064560e-02 4.881136e-02 -5.314246e-03) (4.075442e-03 -1.519122e-04 -7.785825e-05))
697           	((6.896524e-02 1.097307e+00 1.240176e+01) (-1.218151e-03 1.148911e-02 3.981470e-01)) ((-4.040546e-02 4.879017e-02 -5.015822e-03) (4.078975e-03 -1.491463e-04 -7.440181e-05))
698           	((6.527785e-02 1.093936e+00 1.240780e+01) (-1.211578e-03 1.148405e-02 3.981818e-01)) ((-4.006440e-02 4.876892e-02 -4.707861e-03) (4.081853e-03 -1.478569e-04 -6.893740e-05))
699           	((6.188782e-02 1.089960e+00 1.241413e+01) (-1.209962e-03 1.147312e-02 3.982068e-01)) ((-3.961625e-02 4.874090e-02 -4.390132e-03) (4.084259e-03 -1.468598e-04 -6.306678e-05))
700           	((5.879788e-02 1.085290e+00 1.242054e+01) (-1.205790e-03 1.145011e-02 3.982272e-01)) ((-3.907540e-02 4.868283e-02 -4.074004e-03) (4.088349e-03 -1.467230e-04 -5.780935e-05))
701           	((5.578101e-02 1.079786e+00 1.242693e+01) (-1.203328e-03 1.143464e-02 3.982367e-01)) ((-3.846283e-02 4.860485e-02 -3.765578e-03) (4.093435e-03 -1.448901e-04 -5.231443e-05))
702           	((5.264060e-02 1.073361e+00 1.243314e+01) (-1.204796e-03 1.140774e-02 3.982362e-01)) ((-3.779380e-02 4.849372e-02 -3.489521e-03) (4.096270e-03 -1.483825e-04 -4.662577e-05))
703           	((4.930338e-02 1.065838e+00 1.243895e+01) (-1.211741e-03 1.137597e-02 3.982181e-01)) ((-3.709199e-02 4.833766e-02 -3.238541e-03) (4.098563e-03 -1.518830e-04 -4.231143e-05))
704           	((4.574642e-02 1.057109e+00 1.244433e+01) (-1.224324e-03 1.133938e-02 3.982018e-01)) ((-3.637015e-02 4.813591e-02 -3.018987e-03) (4.101378e-03 -1.564167e-04 -3.740338e-05))
705           	((4.200938e-02 1.047154e+00 1.244918e+01) (-1.238371e-03 1.129913e-02 3.981762e-01)) ((-3.562671e-02 4.791196e-02 -2.841613e-03) (4.104477e-03 -1.614354e-04 -3.398342e-05))
706           	((3.801087e-02 1.035792e+00 1.245351e+01) (-1.249308e-03 1.126679e-02 3.981509e-01)) ((-3.487667e-02 4.771431e-02 -2.693332e-03) (4.106701e-03 -1.668569e-04 -3.013727e-05))
707           	((3.368962e-02 1.022918e+00 1.245728e+01) (-1.254757e-03 1.123361e-02 3.981231e-01)) ((-3.414097e-02 4.756667e-02 -2.574232e-03) (4.109344e-03 -1.721356e-04 -2.767539e-05))
708           	((2.908778e-02 1.008735e+00 1.246032e+01) (-1.261482e-03 1.119044e-02 3.980915e-01)) ((-3.344298e-02 4.744280e-02 -2.472989e-03) (4.110983e-03 -1.783745e-04 -2.371322e-05))
709           	((2.431383e-02 9.939807e-01 1.246273e+01) (-1.262420e-03 1.115745e-02 3.980638e-01)) ((-3.279677e-02 4.732478e-02 -2.383993e-03) (4.113063e-03 -1.855260e-04 -2.049099e-05))
710           	((1.947659e-02 9.794791e-01 1.246459e+01) (-1.265222e-03 1.112293e-02 3.980326e-01)) ((-3.220516e-02 4.719097e-02 -2.273360e-03) (4.113546e-03 -1.906068e-04 -1.769674e-05))
711           	((1.469137e-02 9.657909e-01 1.246608e+01) (-1.272075e-03 1.109090e-02 3.980101e-01)) ((-3.165846e-02 4.705574e-02 -2.135710e-03) (4.115011e-03 -1.967367e-04 -1.652268e-05))
712           	((9.935808e-03 9.531906e-01 1.246723e+01) (-1.276934e-03 1.106258e-02 3.979935e-01)) ((-3.114013e-02 4.693310e-02 -1.962821e-03) (4.115996e-03 -2.048464e-04 -1.500044e-05))
713           	((5.292530e-03 9.417630e-01 1.246784e+01) (-1.286082e-03 1.103192e-02 3.979764e-01)) ((-3.062599e-02 4.682749e-02 -1.712809e-03) (4.117301e-03 -2.118708e-04 -1.341776e-05))
714           	((1.036066e-03 9.314074e-01 1.246802e+01) (-1.292051e-03 1.099994e-02 3.979692e-01)) ((-3.010122e-02 4.675797e-02 -1.388215e-03) (4.117244e-03 -2.216512e-04 -1.273236e-05))
715           	((-2.526516e-03 9.218010e-01 1.246783e+01) (-1.300252e-03 1.096922e-02 3.979612e-01)) ((-2.957352e-02 4.674684e-02 -9.883533e-04) (4.116334e-03 -2.298160e-04 -1.246892e-05))
716           	((-5.207160e-03 9.129397e-01 1.246739e+01) (-1.311416e-03 1.094194e-02 3.979779e-01)) ((-2.904582e-02 4.682451e-02 -5.317136e-04) (4.116136e-03 -2.395442e-04 -1.207978e-05))
717           	((-7.026462e-03 9.048975e-01 1.246689e+01) (-1.321387e-03 1.090737e-02 3.979955e-01)) ((-2.850770e-02 4.701908e-02 -4.377585e-05) (4.117996e-03 -2.471533e-04 -1.282692e-05))
718           	((-7.962663e-03 8.978507e-01 1.246630e+01) (-1.331707e-03 1.087047e-02 3.980133e-01)) ((-2.796077e-02 4.731750e-02 4.373586e-04) (4.117892e-03 -2.571694e-04 -1.265214e-05))
719           	((-7.967051e-03 8.918617e-01 1.246563e+01) (-1.337295e-03 1.083472e-02 3.980431e-01)) ((-2.741106e-02 4.768809e-02 8.927591e-04) (4.118725e-03 -2.663758e-04 -1.296012e-05))
720           	((-7.138799e-03 8.869460e-01 1.246494e+01) (-1.345711e-03 1.079416e-02 3.980732e-01)) ((-2.687691e-02 4.810053e-02 1.318265e-03) (4.120257e-03 -2.760088e-04 -1.251060e-05))
721           	((-5.638317e-03 8.829783e-01 1.246429e+01) (-1.350849e-03 1.075939e-02 3.981102e-01)) ((-2.638227e-02 4.855350e-02 1.725381e-03) (4.123658e-03 -2.860646e-04 -1.247420e-05))
722           	((-3.625115e-03 8.797033e-01 1.246352e+01) (-1.356720e-03 1.072697e-02 3.981415e-01)) ((-2.594440e-02 4.901528e-02 2.120072e-03) (4.127860e-03 -2.960674e-04 -1.128248e-05))
723           	((-1.225293e-03 8.769784e-01 1.246253e+01) (-1.366201e-03 1.068594e-02 3.981684e-01)) ((-2.555262e-02 4.946361e-02 2.500642e-03) (4.132138e-03 -3.068231e-04 -1.006177e-05))
724           	((1.732143e-03 8.745111e-01 1.246136e+01) (-1.370400e-03 1.064809e-02 3.981952e-01)) ((-2.518616e-02 4.989172e-02 2.886377e-03) (4.137678e-03 -3.147937e-04 -7.912009e-06))
725           	((5.461314e-03 8.720664e-01 1.246006e+01) (-1.370448e-03 1.061147e-02 3.982271e-01)) ((-2.481888e-02 5.029706e-02 3.272256e-03) (4.145193e-03 -3.213300e-04 -7.518226e-06))
726           	((9.935901e-03 8.697247e-01 1.245873e+01) (-1.367607e-03 1.057158e-02 3.982539e-01)) ((-2.443199e-02 5.070708e-02 3.649847e-03) (4.151788e-03 -3.281907e-04 -6.021576e-06))
727           	((1.514323e-02 8.673770e-01 1.245719e+01) (-1.355436e-03 1.053788e-02 3.982638e-01)) ((-2.403879e-02 5.110208e-02 4.022795e-03) (4.158384e-03 -3.332415e-04 -5.208617e-06))
728           	((2.100544e-02 8.651582e-01 1.245545e+01) (-1.333814e-03 1.049742e-02 3.982666e-01)) ((-2.366697e-02 5.147458e-02 4.403250e-03) (4.165032e-03 -3.367970e-04 -3.711394e-06))
729           	((2.752271e-02 8.629716e-01 1.245361e+01) (-1.314409e-03 1.046653e-02 3.982475e-01)) ((-2.333770e-02 5.182471e-02 4.799389e-03) (4.171141e-03 -3.384526e-04 -2.201195e-06))
730           	((3.454076e-02 8.608482e-01 1.245186e+01) (-1.287126e-03 1.044245e-02 3.982232e-01)) ((-2.306681e-02 5.216228e-02 5.192849e-03) (4.175980e-03 -3.376691e-04 -4.791911e-08))
731           	((4.154947e-02 8.586191e-01 1.245025e+01) (-1.253651e-03 1.042767e-02 3.982011e-01)) ((-2.285967e-02 5.250692e-02 5.583552e-03) (4.181749e-03 -3.357390e-04 1.109286e-07))
732           	((4.832671e-02 8.562060e-01 1.244855e+01) (-1.222106e-03 1.041315e-02 3.981724e-01)) ((-2.272708e-02 5.280953e-02 5.976668e-03) (4.185443e-03 -3.340374e-04 3.027473e-06))
733           	((5.477510e-02 8.537079e-01 1.244665e+01) (-1.191302e-03 1.040667e-02 3.981436e-01)) ((-2.266299e-02 5.304670e-02 6.358056e-03) (4.189095e-03 -3.330787e-04 5.227788e-06))
734           	((6.095256e-02 8.513291e-01 1.244443e+01) (-1.162814e-03 1.040280e-02 3.981046e-01)) ((-2.264595e-02 5.319803e-02 6.732711e-03) (4.191844e-03 -3.278228e-04 7.230580e-06))
735           	((6.689158e-02 8.493315e-01 1.244191e+01) (-1.138427e-03 1.041020e-02 3.980611e-01)) ((-2.265737e-02 5.328453e-02 7.080345e-03) (4.193104e-03 -3.225974e-04 9.359782e-06))
736           	((7.245183e-02 8.478880e-01 1.243915e+01) (-1.114528e-03 1.041704e-02 3.980086e-01)) ((-2.268362e-02 5.333873e-02 7.387316e-03) (4.193253e-03 -3.155935e-04 1.125253e-05))
737           	((7.744501e-02 8.470489e-01 1.243607e+01) (-1.092642e-03 1.042369e-02 3.979535e-01)) ((-2.269965e-02 5.332771e-02 7.635294e-03) (4.195327e-03 -3.078987e-04 1.233864e-05))
738           	((8.175020e-02 8.469652e-01 1.243273e+01) (-1.084274e-03 1.043005e-02 3.979012e-01)) ((-2.269335e-02 5.322284e-02 7.806514e-03) (4.193935e-03 -3.027777e-04 1.428120e-05))
739           	((8.533114e-02 8.478137e-01 1.242922e+01) (-1.076969e-03 1.043249e-02 3.978628e-01)) ((-2.266776e-02 5.300004e-02 7.892402e-03) (4.194069e-03 -2.972581e-04 1.370292e-05))
740           	((8.806237e-02 8.495812e-01 1.242573e+01) (-1.078319e-03 1.044309e-02 3.978501e-01)) ((-2.263059e-02 5.265183e-02 7.884841e-03) (4.195628e-03 -2.920302e-04 1.360668e-05))
741           	((8.976753e-02 8.520172e-01 1.242228e+01) (-1.090117e-03 1.045185e-02 3.978192e-01)) ((-2.258389e-02 5.217599e-02 7.813779e-03) (4.196282e-03 -2.882710e-04 1.333441e-05))
742           	((9.028585e-02 8.548402e-01 1.241886e+01) (-1.100088e-03 1.044275e-02 3.977986e-01)) ((-2.252779e-02 5.155969e-02 7.705759e-03) (4.198413e-03 -2.865943e-04 1.091714e-05))
743           	((8.969036e-02 8.576820e-01 1.241562e+01) (-1.113317e-03 1.044025e-02 3.977764e-01)) ((-2.246828e-02 5.080537e-02 7.569307e-03) (4.200752e-03 -2.832053e-04 7.890943e-06))
744           	((8.815155e-02 8.603790e-01 1.241269e+01) (-1.135114e-03 1.043177e-02 3.977732e-01)) ((-2.241327e-02 4.993882e-02 7.383252e-03) (4.202686e-03 -2.828019e-04 5.134374e-06))
745           	((8.570557e-02 8.630436e-01 1.241027e+01) (-1.160560e-03 1.043479e-02 3.977675e-01)) ((-2.236021e-02 4.900902e-02 7.115698e-03) (4.206623e-03 -2.825301e-04 -2.924882e-07))
746           	((8.243350e-02 8.658106e-01 1.240840e+01) (-1.183287e-03 1.042941e-02 3.977802e-01)) ((-2.232468e-02 4.805259e-02 6.730513e-03) (4.211165e-03 -2.828030e-04 -5.426853e-06))
747           	((7.848974e-02 8.689288e-01 1.240692e+01) (-1.207865e-03 1.042559e-02 3.977673e-01)) ((-2.232737e-02 4.707109e-02 6.216147e-03) (4.213734e-03 -2.838420e-04 -1.091783e-05))
748           	((7.416007e-02 8.725663e-01 1.240572e+01) (-1.234684e-03 1.041555e-02 3.977607e-01)) ((-2.238627e-02 4.608701e-02 5.580170e-03) (4.217511e-03 -2.870805e-04 -1.664529e-05))
749           	((6.959086e-02 8.766950e-01 1.240459e+01) (-1.261886e-03 1.041387e-02 3.977531e-01)) ((-2.252594e-02 4.511460e-02 4.841525e-03) (4.221939e-03 -2.897237e-04 -2.292442e-05))
750           	((6.475939e-02 8.813033e-01 1.240354e+01) (-1.294848e-03 1.041446e-02 3.977496e-01)) ((-2.277723e-02 4.418507e-02 3.999186e-03) (4.225508e-03 -2.922619e-04 -2.877522e-05))
751           	((5.974520e-02 8.864097e-01 1.240260e+01) (-1.322730e-03 1.041197e-02 3.977526e-01)) ((-2.315834e-02 4.334194e-02 3.065612e-03) (4.230476e-03 -2.961834e-04 -3.658391e-05))
752           	((5.478471e-02 8.918369e-01 1.240166e+01) (-1.353516e-03 1.040981e-02 3.977465e-01)) ((-2.366857e-02 4.259159e-02 2.067622e-03) (4.235793e-03 -2.997794e-04 -4.226229e-05))
753           	((5.011479e-02 8.973638e-01 1.240073e+01) (-1.379167e-03 1.040930e-02 3.977553e-01)) ((-2.428874e-02 4.194355e-02 1.033780e-03) (4.241068e-03 -3.059131e-04 -4.800814e-05))
754           	((4.607755e-02 9.029275e-01 1.239983e+01) (-1.401934e-03 1.040651e-02 3.977559e-01)) ((-2.501192e-02 4.139198e-02 -1.679680e-06) (4.245376e-03 -3.107976e-04 -5.308014e-05))
755           	((4.291327e-02 9.086099e-01 1.239905e+01) (-1.421075e-03 1.040793e-02 3.977854e-01)) ((-2.583696e-02 4.094396e-02 -1.029292e-03) (4.251787e-03 -3.155770e-04 -5.929130e-05))
756           	((4.061278e-02 9.146047e-01 1.239845e+01) (-1.445013e-03 1.040646e-02 3.977980e-01)) ((-2.676687e-02 4.059797e-02 -2.038273e-03) (4.255690e-03 -3.210418e-04 -6.329803e-05))
757           	((3.910452e-02 9.209900e-01 1.239786e+01) (-1.462509e-03 1.040210e-02 3.978107e-01)) ((-2.781553e-02 4.031661e-02 -3.011999e-03) (4.260624e-03 -3.286325e-04 -6.810920e-05))
758           	((3.823008e-02 9.278891e-01 1.239733e+01) (-1.476903e-03 1.039613e-02 3.978241e-01)) ((-2.898041e-02 4.008928e-02 -3.921552e-03) (4.264167e-03 -3.357692e-04 -7.232356e-05))
759           	((3.801117e-02 9.353368e-01 1.239681e+01) (-1.494394e-03 1.038845e-02 3.978327e-01)) ((-3.022191e-02 3.992254e-02 -4.758926e-03) (4.266119e-03 -3.426873e-04 -7.528451e-05))
760           	((3.818184e-02 9.435806e-01 1.239630e+01) (-1.506587e-03 1.038076e-02 3.978376e-01)) ((-3.151523e-02 3.983801e-02 -5.508413e-03) (4.268429e-03 -3.489904e-04 -7.930082e-05))
761           	((3.850858e-02 9.528501e-01 1.239580e+01) (-1.517076e-03 1.038567e-02 3.978315e-01)) ((-3.282342e-02 3.986192e-02 -6.180573e-03) (4.270212e-03 -3.539214e-04 -8.344426e-05))
762           	((3.902280e-02 9.631415e-01 1.239521e+01) (-1.522052e-03 1.038328e-02 3.978052e-01)) ((-3.410766e-02 3.999521e-02 -6.794617e-03) (4.269306e-03 -3.596172e-04 -8.718626e-05))
763           	((3.980882e-02 9.744148e-01 1.239454e+01) (-1.530161e-03 1.038682e-02 3.977641e-01)) ((-3.532013e-02 4.024116e-02 -7.341193e-03) (4.266828e-03 -3.638767e-04 -8.977274e-05))
764           	((4.099020e-02 9.865278e-01 1.239385e+01) (-1.538101e-03 1.039910e-02 3.977326e-01)) ((-3.642566e-02 4.059396e-02 -7.803940e-03) (4.263839e-03 -3.674166e-04 -9.150749e-05))
765           	((4.248277e-02 9.991834e-01 1.239325e+01) (-1.551744e-03 1.042404e-02 3.976823e-01)) ((-3.739934e-02 4.104819e-02 -8.185769e-03) (4.259113e-03 -3.703764e-04 -9.358292e-05))
766           	((4.420187e-02 1.011870e+00 1.239261e+01) (-1.563509e-03 1.045042e-02 3.976296e-01)) ((-3.822516e-02 4.158751e-02 -8.492549e-03) (4.252524e-03 -3.734847e-04 -9.386693e-05))
767           	((4.615692e-02 1.023919e+00 1.239168e+01) (-1.581229e-03 1.048284e-02 3.975854e-01)) ((-3.888958e-02 4.217514e-02 -8.730965e-03) (4.245355e-03 -3.765301e-04 -9.333999e-05))
768           	((4.853835e-02 1.034671e+00 1.239049e+01) (-1.604381e-03 1.052271e-02 3.975272e-01)) ((-3.938075e-02 4.280130e-02 -8.908866e-03) (4.234307e-03 -3.795449e-04 -9.055755e-05))
769           	((5.146962e-02 1.043400e+00 1.238906e+01) (-1.625049e-03 1.056215e-02 3.974777e-01)) ((-3.969293e-02 4.346353e-02 -9.011264e-03) (4.224540e-03 -3.817315e-04 -8.847982e-05))
770           	((5.497957e-02 1.049698e+00 1.238766e+01) (-1.645810e-03 1.061910e-02 3.974252e-01)) ((-3.983390e-02 4.417872e-02 -9.042015e-03) (4.212187e-03 -3.815107e-04 -8.486751e-05))
771           	((5.896197e-02 1.053268e+00 1.238655e+01) (-1.669093e-03 1.066633e-02 3.973615e-01)) ((-3.982398e-02 4.494439e-02 -9.000160e-03) (4.199090e-03 -3.818381e-04 -8.124182e-05))
772           	((6.331062e-02 1.053851e+00 1.238580e+01) (-1.687919e-03 1.072182e-02 3.972838e-01)) ((-3.969802e-02 4.571295e-02 -8.898983e-03) (4.182981e-03 -3.808007e-04 -7.660337e-05))
773           	((6.804801e-02 1.051577e+00 1.238565e+01) (-1.705484e-03 1.078235e-02 3.972004e-01)) ((-3.947027e-02 4.645568e-02 -8.752607e-03) (4.167171e-03 -3.803160e-04 -7.158467e-05))
774           	((7.311229e-02 1.046656e+00 1.238624e+01) (-1.731003e-03 1.083576e-02 3.971090e-01)) ((-3.914707e-02 4.712767e-02 -8.575453e-03) (4.148673e-03 -3.777273e-04 -6.467901e-05))
775           	((7.829953e-02 1.039722e+00 1.238772e+01) (-1.745686e-03 1.090421e-02 3.970219e-01)) ((-3.872576e-02 4.772263e-02 -8.389185e-03) (4.130282e-03 -3.739762e-04 -5.887883e-05))
776           	((8.334018e-02 1.031368e+00 1.239012e+01) (-1.757869e-03 1.097931e-02 3.969504e-01)) ((-3.819072e-02 4.825886e-02 -8.185278e-03) (4.110855e-03 -3.694132e-04 -5.248535e-05))
777           	((8.805758e-02 1.022040e+00 1.239311e+01) (-1.770678e-03 1.104584e-02 3.968653e-01)) ((-3.752926e-02 4.872275e-02 -7.962499e-03) (4.091989e-03 -3.655683e-04 -4.579645e-05))
778           	((9.229265e-02 1.012046e+00 1.239654e+01) (-1.780544e-03 1.110618e-02 3.967876e-01)) ((-3.672860e-02 4.910704e-02 -7.726299e-03) (4.072690e-03 -3.614999e-04 -3.963887e-05))
779           	((9.607432e-02 1.001570e+00 1.240021e+01) (-1.790998e-03 1.116345e-02 3.967041e-01)) ((-3.579348e-02 4.939616e-02 -7.467954e-03) (4.054467e-03 -3.550381e-04 -3.394139e-05))
780           	((9.934454e-02 9.907591e-01 1.240410e+01) (-1.800643e-03 1.121560e-02 3.966185e-01)) ((-3.474152e-02 4.958788e-02 -7.184882e-03) (4.035626e-03 -3.489997e-04 -2.831213e-05))
781           	((1.019811e-01 9.797182e-01 1.240819e+01) (-1.810331e-03 1.125738e-02 3.965276e-01)) ((-3.359508e-02 4.968291e-02 -6.868790e-03) (4.019310e-03 -3.426661e-04 -2.327192e-05))
782           	((1.039272e-01 9.685072e-01 1.241234e+01) (-1.816213e-03 1.128983e-02 3.964505e-01)) ((-3.238358e-02 4.964754e-02 -6.523889e-03) (4.003159e-03 -3.357989e-04 -1.878262e-05))
783           	((1.051177e-01 9.573836e-01 1.241649e+01) (-1.823943e-03 1.130000e-02 3.963704e-01)) ((-3.115004e-02 4.945010e-02 -6.162241e-03) (3.988695e-03 -3.303606e-04 -1.487656e-05))
784           	((1.055069e-01 9.466994e-01 1.242057e+01) (-1.829213e-03 1.130095e-02 3.963023e-01)) ((-2.994172e-02 4.907990e-02 -5.783085e-03) (3.975206e-03 -3.236729e-04 -1.156078e-05))
785           	((1.050056e-01 9.365722e-01 1.242460e+01) (-1.832784e-03 1.130071e-02 3.962396e-01)) ((-2.878234e-02 4.857653e-02 -5.401183e-03) (3.966007e-03 -3.173874e-04 -1.020215e-05))
786           	((1.033844e-01 9.269883e-01 1.242845e+01) (-1.837474e-03 1.127697e-02 3.961692e-01)) ((-2.767734e-02 4.797692e-02 -5.021563e-03) (3.956761e-03 -3.104745e-04 -8.356305e-06))
787           	((1.006166e-01 9.178153e-01 1.243196e+01) (-1.834723e-03 1.124035e-02 3.961070e-01)) ((-2.661045e-02 4.729978e-02 -4.652226e-03) (3.950829e-03 -3.056340e-04 -8.167673e-06))
788           	((9.675749e-02 9.087407e-01 1.243508e+01) (-1.829667e-03 1.119528e-02 3.960371e-01)) ((-2.555815e-02 4.655413e-02 -4.307601e-03) (3.946252e-03 -2.986158e-04 -9.088211e-06))
789           	((9.182948e-02 8.995917e-01 1.243767e+01) (-1.825278e-03 1.114458e-02 3.959707e-01)) ((-2.450058e-02 4.573680e-02 -4.008173e-03) (3.943332e-03 -2.947770e-04 -9.973705e-06))
790           	((8.572447e-02 8.903958e-01 1.243968e+01) (-1.825097e-03 1.108574e-02 3.959122e-01)) ((-2.343643e-02 4.484217e-02 -3.777769e-03) (3.941597e-03 -2.895544e-04 -1.109700e-05))
791           	((7.834909e-02 8.812629e-01 1.244104e+01) (-1.822518e-03 1.102650e-02 3.958712e-01)) ((-2.238731e-02 4.388181e-02 -3.622485e-03) (3.943435e-03 -2.851354e-04 -1.414903e-05))
792           	((6.982282e-02 8.724480e-01 1.244160e+01) (-1.821277e-03 1.096308e-02 3.958355e-01)) ((-2.139988e-02 4.285457e-02 -3.512174e-03) (3.944748e-03 -2.818599e-04 -1.468038e-05))
793           	((6.045435e-02 8.643525e-01 1.244128e+01) (-1.820948e-03 1.089428e-02 3.958087e-01)) ((-2.052129e-02 4.178855e-02 -3.411543e-03) (3.949130e-03 -2.822102e-04 -1.695562e-05))
794           	((5.059838e-02 8.573348e-01 1.244013e+01) (-1.819310e-03 1.082919e-02 3.957947e-01)) ((-1.978719e-02 4.072330e-02 -3.290121e-03) (3.954757e-03 -2.806181e-04 -1.917754e-05))
795           	((4.053490e-02 8.517381e-01 1.243841e+01) (-1.811729e-03 1.076449e-02 3.957997e-01)) ((-1.922046e-02 3.970786e-02 -3.135423e-03) (3.962042e-03 -2.809000e-04 -2.239085e-05))
796           	((3.048047e-02 8.477336e-01 1.243616e+01) (-1.804906e-03 1.070270e-02 3.957972e-01)) ((-1.884244e-02 3.878059e-02 -2.932021e-03) (3.967932e-03 -2.824080e-04 -2.556274e-05))
797           	((2.056367e-02 8.452829e-01 1.243342e+01) (-1.795387e-03 1.064298e-02 3.958102e-01)) ((-1.865467e-02 3.794920e-02 -2.680253e-03) (3.977263e-03 -2.858703e-04 -2.986642e-05))
798           	((1.099487e-02 8.441926e-01 1.243034e+01) (-1.782206e-03 1.057667e-02 3.958215e-01)) ((-1.865789e-02 3.720497e-02 -2.395399e-03) (3.984256e-03 -2.887040e-04 -3.310912e-05))
799           	((1.958908e-03 8.442559e-01 1.242697e+01) (-1.764641e-03 1.051249e-02 3.958363e-01)) ((-1.885855e-02 3.652919e-02 -2.092835e-03) (3.991977e-03 -2.942217e-04 -3.669210e-05))
800           	((-6.621501e-03 8.452165e-01 1.242348e+01) (-1.745091e-03 1.045707e-02 3.958585e-01)) ((-1.926332e-02 3.592362e-02 -1.790609e-03) (4.000395e-03 -2.974739e-04 -4.034481e-05))
801           	((-1.487445e-02 8.468961e-01 1.242009e+01) (-1.732270e-03 1.039534e-02 3.958740e-01)) ((-1.986818e-02 3.542523e-02 -1.499192e-03) (4.010116e-03 -3.028672e-04 -4.419812e-05))
802           	((-2.274529e-02 8.493062e-01 1.241674e+01) (-1.720437e-03 1.034037e-02 3.958796e-01)) ((-2.066137e-02 3.504471e-02 -1.191285e-03) (4.017612e-03 -3.090494e-04 -4.575872e-05))
803           	((-2.986521e-02 8.526153e-01 1.241347e+01) (-1.702953e-03 1.028811e-02 3.958818e-01)) ((-2.162326e-02 3.479881e-02 -8.554489e-04) (4.026183e-03 -3.144299e-04 -4.941611e-05))
804           	((-3.578167e-02 8.569310e-01 1.241029e+01) (-1.691736e-03 1.024122e-02 3.958769e-01)) ((-2.272735e-02 3.471152e-02 -4.968098e-04) (4.032514e-03 -3.197457e-04 -5.126730e-05))
805           	((-4.015253e-02 8.623585e-01 1.240734e+01) (-1.678750e-03 1.021304e-02 3.958686e-01)) ((-2.393596e-02 3.483739e-02 -1.275349e-04) (4.039585e-03 -3.240744e-04 -5.311494e-05))
806           	((-4.277507e-02 8.687613e-01 1.240465e+01) (-1.664768e-03 1.018689e-02 3.958612e-01)) ((-2.521463e-02 3.521379e-02 2.389820e-04) (4.046013e-03 -3.284873e-04 -5.526429e-05))
807           	((-4.347934e-02 8.758741e-01 1.240209e+01) (-1.654835e-03 1.016658e-02 3.958256e-01)) ((-2.653346e-02 3.581919e-02 5.931957e-04) (4.049452e-03 -3.317538e-04 -5.584169e-05))
808           	((-4.211050e-02 8.834396e-01 1.239974e+01) (-1.648803e-03 1.016316e-02 3.957965e-01)) ((-2.786573e-02 3.662920e-02 9.066834e-04) (4.050603e-03 -3.369354e-04 -5.556480e-05))
809           	((-3.861813e-02 8.914839e-01 1.239763e+01) (-1.642878e-03 1.016832e-02 3.957595e-01)) ((-2.917942e-02 3.759857e-02 1.138501e-03) (4.053260e-03 -3.387728e-04 -5.735816e-05))
810           	((-3.323181e-02 8.996547e-01 1.239582e+01) (-1.645914e-03 1.018150e-02 3.957252e-01)) ((-3.046222e-02 3.870493e-02 1.284059e-03) (4.051951e-03 -3.421798e-04 -5.636971e-05))
811           	((-2.622150e-02 9.074019e-01 1.239435e+01) (-1.654759e-03 1.020618e-02 3.956674e-01)) ((-3.168713e-02 3.993561e-02 1.348508e-03) (4.047814e-03 -3.452346e-04 -5.598829e-05))
812           	((-1.770439e-02 9.142835e-01 1.239313e+01) (-1.666019e-03 1.024231e-02 3.956161e-01)) ((-3.282370e-02 4.126105e-02 1.351089e-03) (4.043295e-03 -3.467170e-04 -5.500688e-05))
813           	((-7.913544e-03 9.201981e-01 1.239210e+01) (-1.683396e-03 1.028362e-02 3.955373e-01)) ((-3.384479e-02 4.262691e-02 1.300798e-03) (4.035894e-03 -3.504545e-04 -5.360025e-05))
814           	((2.945381e-03 9.251004e-01 1.239128e+01) (-1.711819e-03 1.033899e-02 3.954638e-01)) ((-3.471988e-02 4.398724e-02 1.207933e-03) (4.026613e-03 -3.527448e-04 -5.077649e-05))
815           	((1.431489e-02 9.289205e-01 1.239077e+01) (-1.739009e-03 1.040582e-02 3.953958e-01)) ((-3.542808e-02 4.531994e-02 1.105311e-03) (4.018637e-03 -3.531861e-04 -5.024615e-05))
816           	((2.575115e-02 9.313429e-01 1.239065e+01) (-1.778834e-03 1.047867e-02 3.953064e-01)) ((-3.595503e-02 4.661379e-02 1.009522e-03) (4.007243e-03 -3.535208e-04 -4.708611e-05))
817           	((3.726741e-02 9.318654e-01 1.239086e+01) (-1.817542e-03 1.055322e-02 3.952079e-01)) ((-3.628727e-02 4.785806e-02 9.185121e-04) (3.995637e-03 -3.543778e-04 -4.506342e-05))
818           	((4.871182e-02 9.302604e-01 1.239146e+01) (-1.857708e-03 1.063281e-02 3.951132e-01)) ((-3.645198e-02 4.902168e-02 8.359849e-04) (3.982265e-03 -3.530550e-04 -4.282233e-05))
819           	((5.983942e-02 9.265379e-01 1.239238e+01) (-1.898360e-03 1.071318e-02 3.950224e-01)) ((-3.648189e-02 5.007437e-02 7.696946e-04) (3.967493e-03 -3.533025e-04 -3.992052e-05))
820           	((7.029963e-02 9.211699e-01 1.239366e+01) (-1.937592e-03 1.080147e-02 3.949451e-01)) ((-3.639398e-02 5.100458e-02 7.041278e-04) (3.952486e-03 -3.505082e-04 -3.823718e-05))
821           	((7.981598e-02 9.145436e-01 1.239532e+01) (-1.977795e-03 1.089340e-02 3.948717e-01)) ((-3.619992e-02 5.180685e-02 6.166057e-04) (3.938634e-03 -3.485505e-04 -3.766905e-05))
822           	((8.842684e-02 9.071046e-01 1.239725e+01) (-2.021294e-03 1.098483e-02 3.948029e-01)) ((-3.591390e-02 5.244708e-02 4.884831e-04) (3.921375e-03 -3.473845e-04 -3.433816e-05))
823           	((9.620176e-02 8.994894e-01 1.239945e+01) (-2.061226e-03 1.107070e-02 3.947286e-01)) ((-3.554017e-02 5.289695e-02 2.892939e-04) (3.906092e-03 -3.450965e-04 -3.301547e-05))
824           	((1.032044e-01 8.920714e-01 1.240203e+01) (-2.105049e-03 1.115765e-02 3.946646e-01)) ((-3.509857e-02 5.313462e-02 8.553911e-07) (3.890607e-03 -3.436442e-04 -3.163508e-05))
825           	((1.093833e-01 8.852644e-01 1.240515e+01) (-2.150404e-03 1.124775e-02 3.945922e-01)) ((-3.461133e-02 5.318205e-02 -3.657281e-04) (3.875201e-03 -3.418640e-04 -2.855530e-05))
826           	((1.143315e-01 8.792426e-01 1.240885e+01) (-2.192328e-03 1.131623e-02 3.945278e-01)) ((-3.408730e-02 5.305120e-02 -7.751607e-04) (3.862902e-03 -3.426774e-04 -2.735739e-05))
827           	((1.178342e-01 8.738771e-01 1.241285e+01) (-2.234440e-03 1.137438e-02 3.944472e-01)) ((-3.351756e-02 5.273366e-02 -1.177653e-03) (3.850336e-03 -3.442283e-04 -2.625288e-05))
828           	((1.198871e-01 8.688390e-01 1.241702e+01) (-2.282310e-03 1.142379e-02 3.943806e-01)) ((-3.288365e-02 5.222260e-02 -1.537222e-03) (3.838583e-03 -3.481601e-04 -2.333698e-05))
829           	((1.205847e-01 8.637263e-01 1.242112e+01) (-2.324732e-03 1.144915e-02 3.943114e-01)) ((-3.214283e-02 5.151595e-02 -1.839213e-03) (3.831188e-03 -3.531121e-04 -2.273663e-05))
830           	((1.199886e-01 8.580750e-01 1.242503e+01) (-2.370279e-03 1.146940e-02 3.942582e-01)) ((-3.126205e-02 5.063765e-02 -2.085632e-03) (3.824865e-03 -3.593849e-04 -2.272273e-05))
831           	((1.181048e-01 8.515245e-01 1.242865e+01) (-2.417142e-03 1.147085e-02 3.942088e-01)) ((-3.019590e-02 4.961271e-02 -2.303568e-03) (3.819964e-03 -3.690354e-04 -2.163653e-05))
832           	((1.150721e-01 8.436456e-01 1.243176e+01) (-2.458605e-03 1.145084e-02 3.941638e-01)) ((-2.891558e-02 4.845052e-02 -2.519684e-03) (3.818359e-03 -3.777359e-04 -2.238586e-05))
833           	((1.110066e-01 8.343405e-01 1.243428e+01) (-2.501534e-03 1.141531e-02 3.941257e-01)) ((-2.742485e-02 4.717068e-02 -2.730464e-03) (3.820599e-03 -3.890729e-04 -2.331793e-05))
834           	((1.060489e-01 8.238144e-01 1.243624e+01) (-2.542058e-03 1.136031e-02 3.940915e-01)) ((-2.578169e-02 4.580121e-02 -2.960837e-03) (3.823517e-03 -4.006832e-04 -2.274063e-05))
835           	((1.004766e-01 8.125698e-01 1.243782e+01) (-2.577107e-03 1.129770e-02 3.940684e-01)) ((-2.403798e-02 4.438002e-02 -3.267617e-03) (3.831173e-03 -4.124049e-04 -2.523411e-05))
836           	((9.429650e-02 8.010634e-01 1.243907e+01) (-2.611778e-03 1.122799e-02 3.940532e-01)) ((-2.225862e-02 4.292862e-02 -3.689450e-03) (3.839857e-03 -4.253685e-04 -2.756630e-05))
837           	((8.751884e-02 7.894169e-01 1.243990e+01) (-2.642276e-03 1.114097e-02 3.940247e-01)) ((-2.054588e-02 4.143118e-02 -4.189337e-03) (3.850127e-03 -4.382964e-04 -2.842814e-05))
838           	((8.030958e-02 7.780779e-01 1.244040e+01) (-2.666169e-03 1.104225e-02 3.940060e-01)) ((-1.900407e-02 3.989204e-02 -4.701577e-03) (3.861576e-03 -4.538225e-04 -3.034529e-05))
839           	((7.299672e-02 7.678793e-01 1.244061e+01) (-2.691677e-03 1.094366e-02 3.939824e-01)) ((-1.769898e-02 3.834280e-02 -5.187475e-03) (3.874083e-03 -4.666120e-04 -3.337675e-05))
840           	((6.592256e-02 7.597127e-01 1.244047e+01) (-2.709995e-03 1.084196e-02 3.939785e-01)) ((-1.662388e-02 3.682762e-02 -5.658750e-03) (3.888577e-03 -4.794314e-04 -3.607479e-05))
841           	((5.926544e-02 7.542020e-01 1.243993e+01) (-2.727529e-03 1.074098e-02 3.939677e-01)) ((-1.574664e-02 3.538874e-02 -6.145180e-03) (3.904232e-03 -4.924275e-04 -4.042642e-05))
842           	((5.313931e-02 7.514776e-01 1.243877e+01) (-2.741116e-03 1.064698e-02 3.939611e-01)) ((-1.507048e-02 3.403700e-02 -6.671366e-03) (3.919721e-03 -5.049960e-04 -4.468431e-05))
843           	((4.749453e-02 7.516037e-01 1.243688e+01) (-2.753263e-03 1.054385e-02 3.939495e-01)) ((-1.460115e-02 3.276705e-02 -7.237916e-03) (3.935697e-03 -5.175012e-04 -4.923813e-05))
844           	((4.228803e-02 7.544223e-01 1.243431e+01) (-2.761216e-03 1.045396e-02 3.939386e-01)) ((-1.434580e-02 3.156746e-02 -7.840014e-03) (3.950343e-03 -5.285798e-04 -5.432428e-05))
845           	((3.739585e-02 7.595558e-01 1.243120e+01) (-2.767119e-03 1.037799e-02 3.939255e-01)) ((-1.432610e-02 3.045453e-02 -8.468920e-03) (3.965764e-03 -5.406915e-04 -5.973635e-05))
846           	((3.279840e-02 7.668900e-01 1.242762e+01) (-2.773080e-03 1.029968e-02 3.939011e-01)) ((-1.458518e-02 2.946336e-02 -9.110222e-03) (3.978624e-03 -5.504317e-04 -6.400629e-05))
847           	((2.854584e-02 7.762386e-01 1.242359e+01) (-2.773152e-03 1.023088e-02 3.938678e-01)) ((-1.516357e-02 2.861553e-02 -9.743360e-03) (3.990030e-03 -5.612122e-04 -6.920100e-05))
848           	((2.465654e-02 7.874049e-01 1.241934e+01) (-2.772483e-03 1.017989e-02 3.938354e-01)) ((-1.608670e-02 2.792516e-02 -1.036109e-02) (4.000002e-03 -5.702374e-04 -7.349687e-05))
849           	((2.118291e-02 8.003284e-01 1.241491e+01) (-2.769522e-03 1.012579e-02 3.937841e-01)) ((-1.735330e-02 2.738955e-02 -1.095630e-02) (4.008785e-03 -5.783702e-04 -7.813853e-05))
850           	((1.821166e-02 8.150311e-01 1.241044e+01) (-2.765977e-03 1.009706e-02 3.937402e-01)) ((-1.895715e-02 2.702288e-02 -1.153063e-02) (4.015456e-03 -5.846264e-04 -8.209159e-05))
851           	((1.588435e-02 8.315824e-01 1.240602e+01) (-2.760972e-03 1.007931e-02 3.936870e-01)) ((-2.085316e-02 2.685220e-02 -1.210871e-02) (4.020164e-03 -5.907815e-04 -8.670304e-05))
852           	((1.451333e-02 8.500252e-01 1.240159e+01) (-2.747603e-03 1.007047e-02 3.936132e-01)) ((-2.298247e-02 2.686789e-02 -1.270911e-02) (4.021231e-03 -5.946340e-04 -9.055484e-05))
853           	((1.425164e-02 8.703152e-01 1.239725e+01) (-2.736877e-03 1.007666e-02 3.935443e-01)) ((-2.527445e-02 2.705460e-02 -1.334399e-02) (4.022122e-03 -5.988103e-04 -9.393539e-05))
854           	((1.516038e-02 8.922296e-01 1.239304e+01) (-2.729442e-03 1.009170e-02 3.934664e-01)) ((-2.764268e-02 2.739909e-02 -1.401100e-02) (4.020191e-03 -6.009241e-04 -9.771608e-05))
855           	((1.723917e-02 9.154164e-01 1.238918e+01) (-2.724366e-03 1.011625e-02 3.933921e-01)) ((-2.999880e-02 2.789742e-02 -1.472275e-02) (4.016793e-03 -6.023266e-04 -9.995291e-05))
856           	((2.049824e-02 9.391807e-01 1.238578e+01) (-2.712982e-03 1.016556e-02 3.933160e-01)) ((-3.227972e-02 2.854906e-02 -1.547309e-02) (4.009895e-03 -6.021395e-04 -1.016025e-04))
857           	((2.507494e-02 9.628425e-01 1.238257e+01) (-2.703546e-03 1.021790e-02 3.932354e-01)) ((-3.444496e-02 2.931232e-02 -1.625323e-02) (4.003106e-03 -6.019533e-04 -1.032303e-04))
858           	((3.077836e-02 9.857280e-01 1.237941e+01) (-2.698922e-03 1.028031e-02 3.931623e-01)) ((-3.648386e-02 3.014053e-02 -1.703603e-02) (3.992308e-03 -6.026117e-04 -1.019069e-04))
859           	((3.724358e-02 1.007499e+00 1.237612e+01) (-2.696205e-03 1.035371e-02 3.930844e-01)) ((-3.841288e-02 3.098855e-02 -1.779513e-02) (3.979236e-03 -6.008952e-04 -1.010730e-04))
860           	((4.405207e-02 1.028027e+00 1.237278e+01) (-2.698293e-03 1.044165e-02 3.930203e-01)) ((-4.025255e-02 3.184904e-02 -1.852517e-02) (3.966218e-03 -5.993380e-04 -1.009072e-04))
861           	((5.090393e-02 1.047101e+00 1.236950e+01) (-2.708745e-03 1.053357e-02 3.929477e-01)) ((-4.202057e-02 3.272534e-02 -1.921352e-02) (3.951296e-03 -5.962637e-04 -9.796089e-05))
862           	((5.769852e-02 1.064355e+00 1.236621e+01) (-2.717057e-03 1.063092e-02 3.928927e-01)) ((-4.372528e-02 3.358991e-02 -1.982824e-02) (3.934909e-03 -5.950763e-04 -9.482943e-05))
863           	((6.416700e-02 1.079628e+00 1.236299e+01) (-2.733564e-03 1.073307e-02 3.928379e-01)) ((-4.534180e-02 3.440753e-02 -2.033533e-02) (3.917879e-03 -5.931999e-04 -9.101117e-05))
864           	((6.994762e-02 1.092879e+00 1.235994e+01) (-2.747484e-03 1.083259e-02 3.928052e-01)) ((-4.683189e-02 3.512605e-02 -2.072208e-02) (3.899610e-03 -5.906215e-04 -8.675048e-05))
865           	((7.480693e-02 1.104232e+00 1.235736e+01) (-2.763059e-03 1.094865e-02 3.927932e-01)) ((-4.814918e-02 3.575316e-02 -2.100168e-02) (3.882426e-03 -5.875792e-04 -8.189418e-05))
866           	((7.836466e-02 1.113781e+00 1.235546e+01) (-2.777665e-03 1.105773e-02 3.927833e-01)) ((-4.926491e-02 3.629874e-02 -2.118676e-02) (3.864279e-03 -5.840308e-04 -7.672942e-05))
867           	((8.061581e-02 1.121644e+00 1.235416e+01) (-2.793892e-03 1.115832e-02 3.927844e-01)) ((-5.017592e-02 3.673593e-02 -2.128623e-02) (3.845859e-03 -5.811413e-04 -7.104441e-05))
868           	((8.178266e-02 1.127863e+00 1.235351e+01) (-2.801417e-03 1.126193e-02 3.927921e-01)) ((-5.088467e-02 3.706921e-02 -2.129632e-02) (3.827410e-03 -5.765122e-04 -6.536148e-05))
869           	((8.196251e-02 1.132478e+00 1.235349e+01) (-2.815251e-03 1.136243e-02 3.928049e-01)) ((-5.138511e-02 3.729674e-02 -2.120600e-02) (3.810564e-03 -5.739468e-04 -5.929318e-05))
870           	((8.114390e-02 1.135384e+00 1.235417e+01) (-2.824344e-03 1.145463e-02 3.928400e-01)) ((-5.165692e-02 3.743594e-02 -2.099012e-02) (3.794337e-03 -5.696423e-04 -5.212073e-05))
871           	((7.934799e-02 1.136548e+00 1.235560e+01) (-2.826827e-03 1.153113e-02 3.928822e-01)) ((-5.166753e-02 3.752099e-02 -2.063702e-02) (3.780559e-03 -5.647335e-04 -4.702443e-05))
872           	((7.680078e-02 1.135800e+00 1.235764e+01) (-2.829546e-03 1.160161e-02 3.929195e-01)) ((-5.140790e-02 3.755257e-02 -2.014292e-02) (3.767516e-03 -5.599916e-04 -4.130637e-05))
873           	((7.372229e-02 1.133046e+00 1.236029e+01) (-2.831900e-03 1.165393e-02 3.929609e-01)) ((-5.086517e-02 3.751796e-02 -1.954579e-02) (3.756764e-03 -5.567933e-04 -3.540778e-05))
874           	((7.027628e-02 1.128276e+00 1.236356e+01) (-2.822791e-03 1.169780e-02 3.930047e-01)) ((-5.004009e-02 3.739820e-02 -1.889625e-02) (3.746750e-03 -5.531690e-04 -3.071343e-05))
875           	((6.648726e-02 1.121351e+00 1.236751e+01) (-2.815606e-03 1.173606e-02 3.930452e-01)) ((-4.894934e-02 3.720186e-02 -1.825514e-02) (3.739225e-03 -5.499357e-04 -2.699609e-05))
876           	((6.223699e-02 1.112149e+00 1.237200e+01) (-2.801356e-03 1.175962e-02 3.930808e-01)) ((-4.761845e-02 3.695149e-02 -1.766015e-02) (3.731697e-03 -5.485984e-04 -2.301987e-05))
877           	((5.741594e-02 1.100450e+00 1.237680e+01) (-2.780182e-03 1.176598e-02 3.931084e-01)) ((-4.607212e-02 3.664958e-02 -1.713705e-02) (3.727832e-03 -5.463140e-04 -2.070518e-05))
878           	((5.208809e-02 1.086112e+00 1.238177e+01) (-2.758411e-03 1.175850e-02 3.931466e-01)) ((-4.433449e-02 3.629919e-02 -1.669467e-02) (3.725056e-03 -5.472575e-04 -1.891444e-05))
879           	((4.634572e-02 1.069353e+00 1.238669e+01) (-2.735077e-03 1.173493e-02 3.931635e-01)) ((-4.243762e-02 3.589728e-02 -1.632432e-02) (3.723499e-03 -5.468297e-04 -1.763630e-05))
880           	((4.021443e-02 1.050696e+00 1.239149e+01) (-2.700845e-03 1.171281e-02 3.931962e-01)) ((-4.042433e-02 3.544944e-02 -1.602140e-02) (3.723522e-03 -5.470582e-04 -1.730030e-05))
881           	((3.372253e-02 1.030783e+00 1.239608e+01) (-2.670957e-03 1.167931e-02 3.932223e-01)) ((-3.834150e-02 3.497865e-02 -1.577031e-02) (3.726327e-03 -5.486302e-04 -1.811925e-05))
882           	((2.704400e-02 1.010080e+00 1.240024e+01) (-2.632344e-03 1.162837e-02 3.932436e-01)) ((-3.623656e-02 3.448543e-02 -1.553989e-02) (3.729628e-03 -5.499487e-04 -1.806061e-05))
883           	((2.048073e-02 9.890137e-01 1.240394e+01) (-2.589900e-03 1.156748e-02 3.932708e-01)) ((-3.414858e-02 3.398093e-02 -1.531455e-02) (3.734738e-03 -5.522904e-04 -1.908552e-05))
884           	((1.430764e-02 9.678657e-01 1.240717e+01) (-2.544652e-03 1.150901e-02 3.932905e-01)) ((-3.210231e-02 3.346184e-02 -1.507960e-02) (3.739420e-03 -5.536057e-04 -2.020586e-05))
885           	((8.678896e-03 9.469802e-01 1.241011e+01) (-2.496690e-03 1.144348e-02 3.933077e-01)) ((-3.012171e-02 3.295442e-02 -1.482322e-02) (3.747514e-03 -5.547405e-04 -2.232662e-05))
886           	((3.609084e-03 9.264810e-01 1.241277e+01) (-2.448308e-03 1.137354e-02 3.933198e-01)) ((-2.823083e-02 3.248790e-02 -1.453348e-02) (3.755069e-03 -5.582288e-04 -2.472027e-05))
887           	((-9.191593e-04 9.063679e-01 1.241503e+01) (-2.402181e-03 1.130407e-02 3.933213e-01)) ((-2.645126e-02 3.205084e-02 -1.420205e-02) (3.763030e-03 -5.618556e-04 -2.649431e-05))
888           	((-4.993690e-03 8.867328e-01 1.241692e+01) (-2.355318e-03 1.122592e-02 3.933167e-01)) ((-2.480287e-02 3.162335e-02 -1.382084e-02) (3.771376e-03 -5.666050e-04 -2.892936e-05))
889           	((-8.577065e-03 8.677512e-01 1.241838e+01) (-2.318153e-03 1.115322e-02 3.932977e-01)) ((-2.328994e-02 3.120148e-02 -1.338796e-02) (3.780296e-03 -5.713995e-04 -3.123897e-05))
890           	((-1.171541e-02 8.494641e-01 1.241936e+01) (-2.285027e-03 1.108437e-02 3.932857e-01)) ((-2.191608e-02 3.080301e-02 -1.289741e-02) (3.790408e-03 -5.770917e-04 -3.389973e-05))
891           	((-1.439555e-02 8.319446e-01 1.241989e+01) (-2.257070e-03 1.100855e-02 3.932539e-01)) ((-2.067512e-02 3.046752e-02 -1.234698e-02) (3.800010e-03 -5.829452e-04 -3.704315e-05))
892           	((-1.643534e-02 8.153131e-01 1.241988e+01) (-2.233374e-03 1.094233e-02 3.932155e-01)) ((-1.957517e-02 3.020378e-02 -1.173023e-02) (3.808597e-03 -5.900702e-04 -3.897238e-05))
893           	((-1.760268e-02 7.998429e-01 1.241937e+01) (-2.220009e-03 1.087393e-02 3.931616e-01)) ((-1.862032e-02 3.001883e-02 -1.105423e-02) (3.818411e-03 -5.987190e-04 -4.028800e-05))
894           	((-1.772829e-02 7.858430e-01 1.241850e+01) (-2.218392e-03 1.080689e-02 3.931017e-01)) ((-1.780526e-02 2.990826e-02 -1.033149e-02) (3.826834e-03 -6.073705e-04 -4.136685e-05))
895           	((-1.685288e-02 7.737148e-01 1.241746e+01) (-2.226589e-03 1.074889e-02 3.930393e-01)) ((-1.712800e-02 2.988510e-02 -9.585701e-03) (3.836026e-03 -6.183390e-04 -4.113056e-05))
896           	((-1.491849e-02 7.634420e-01 1.241627e+01) (-2.240459e-03 1.068985e-02 3.929673e-01)) ((-1.657871e-02 2.996917e-02 -8.836591e-03) (3.844906e-03 -6.279044e-04 -4.132142e-05))
897           	((-1.185088e-02 7.549346e-01 1.241484e+01) (-2.265964e-03 1.063529e-02 3.928965e-01)) ((-1.614752e-02 3.016475e-02 -8.101769e-03) (3.853506e-03 -6.392906e-04 -4.033029e-05))
898           	((-7.500408e-03 7.481353e-01 1.241317e+01) (-2.298329e-03 1.059048e-02 3.928231e-01)) ((-1.583142e-02 3.048149e-02 -7.401817e-03) (3.860046e-03 -6.506426e-04 -3.797104e-05))
899           	((-1.806337e-03 7.430550e-01 1.241116e+01) (-2.333698e-03 1.054335e-02 3.927527e-01)) ((-1.563582e-02 3.091042e-02 -6.749329e-03) (3.867634e-03 -6.623696e-04 -3.610018e-05))
900           	((5.127981e-03 7.397421e-01 1.240886e+01) (-2.374639e-03 1.051565e-02 3.926914e-01)) ((-1.556815e-02 3.145208e-02 -6.154401e-03) (3.873600e-03 -6.726671e-04 -3.351646e-05))
901           	((1.329209e-02 7.380787e-01 1.240632e+01) (-2.413568e-03 1.049803e-02 3.926298e-01)) ((-1.562524e-02 3.212735e-02 -5.627442e-03) (3.878416e-03 -6.840119e-04 -2.997598e-05))
902           	((2.271329e-02 7.377927e-01 1.240350e+01) (-2.454816e-03 1.048822e-02 3.925791e-01)) ((-1.581364e-02 3.291257e-02 -5.165739e-03) (3.881383e-03 -6.958955e-04 -2.759002e-05))
903           	((3.299388e-02 7.388667e-01 1.240052e+01) (-2.501608e-03 1.047474e-02 3.925336e-01)) ((-1.613101e-02 3.377171e-02 -4.772888e-03) (3.883148e-03 -7.086286e-04 -2.256889e-05))
904           	((4.364143e-02 7.411723e-01 1.239745e+01) (-2.547674e-03 1.047521e-02 3.924965e-01)) ((-1.656542e-02 3.468023e-02 -4.452154e-03) (3.882828e-03 -7.203199e-04 -1.777080e-05))
905           	((5.416233e-02 7.446771e-01 1.239441e+01) (-2.591202e-03 1.048070e-02 3.924746e-01)) ((-1.709384e-02 3.563689e-02 -4.223793e-03) (3.884081e-03 -7.315618e-04 -1.366432e-05))
906           	((6.418907e-02 7.493498e-01 1.239146e+01) (-2.632229e-03 1.049458e-02 3.924468e-01)) ((-1.769362e-02 3.664041e-02 -4.100026e-03) (3.881174e-03 -7.415386e-04 -8.970360e-06))
907           	((7.365752e-02 7.550725e-01 1.238839e+01) (-2.663941e-03 1.050277e-02 3.924351e-01)) ((-1.836002e-02 3.765512e-02 -4.068949e-03) (3.879319e-03 -7.515199e-04 -4.757050e-06))
908           	((8.258450e-02 7.620433e-01 1.238521e+01) (-2.693990e-03 1.051888e-02 3.924281e-01)) ((-1.909073e-02 3.864828e-02 -4.120205e-03) (3.875970e-03 -7.608956e-04 -8.792140e-08))
909           	((9.091805e-02 7.704826e-01 1.238192e+01) (-2.717821e-03 1.053401e-02 3.924162e-01)) ((-1.988108e-02 3.957909e-02 -4.241723e-03) (3.871881e-03 -7.687419e-04 4.071716e-06))
910           	((9.857597e-02 7.805267e-01 1.237871e+01) (-2.738369e-03 1.055935e-02 3.924242e-01)) ((-2.073190e-02 4.042388e-02 -4.424650e-03) (3.868445e-03 -7.766550e-04 6.959982e-06))
911           	((1.053938e-01 7.921281e-01 1.237578e+01) (-2.751299e-03 1.058350e-02 3.924093e-01)) ((-2.164533e-02 4.116436e-02 -4.660061e-03) (3.864247e-03 -7.810254e-04 9.476101e-06))
912           	((1.112837e-01 8.049994e-01 1.237314e+01) (-2.759673e-03 1.060729e-02 3.923972e-01)) ((-2.262901e-02 4.174639e-02 -4.931342e-03) (3.859124e-03 -7.866345e-04 1.153321e-05))
913           	((1.162642e-01 8.189967e-01 1.237103e+01) (-2.765889e-03 1.062713e-02 3.923787e-01)) ((-2.366067e-02 4.214982e-02 -5.229850e-03) (3.855251e-03 -7.917593e-04 1.371349e-05))
914           	((1.203712e-01 8.338853e-01 1.236949e+01) (-2.764513e-03 1.064321e-02 3.923632e-01)) ((-2.470617e-02 4.236095e-02 -5.547432e-03) (3.851194e-03 -7.964955e-04 1.353406e-05))
915           	((1.236187e-01 8.491713e-01 1.236856e+01) (-2.765655e-03 1.065412e-02 3.923489e-01)) ((-2.572740e-02 4.239810e-02 -5.882578e-03) (3.847193e-03 -7.989244e-04 1.373561e-05))
916           	((1.259189e-01 8.643935e-01 1.236820e+01) (-2.760724e-03 1.066519e-02 3.923283e-01)) ((-2.668097e-02 4.229709e-02 -6.229711e-03) (3.843977e-03 -8.022971e-04 1.232564e-05))
917           	((1.273277e-01 8.791374e-01 1.236819e+01) (-2.752999e-03 1.067117e-02 3.922844e-01)) ((-2.753842e-02 4.205804e-02 -6.580839e-03) (3.840837e-03 -8.043841e-04 1.040709e-05))
918           	((1.280160e-01 8.930710e-01 1.236848e+01) (-2.739756e-03 1.067053e-02 3.922392e-01)) ((-2.827956e-02 4.168551e-02 -6.939750e-03) (3.837110e-03 -8.058269e-04 8.534349e-06))
919           	((1.280942e-01 9.059118e-01 1.236899e+01) (-2.726093e-03 1.066539e-02 3.921969e-01)) ((-2.890547e-02 4.118083e-02 -7.318050e-03) (3.833742e-03 -8.054478e-04 6.268128e-06))
920           	((1.274023e-01 9.175579e-01 1.236989e+01) (-2.707791e-03 1.067143e-02 3.921590e-01)) ((-2.942078e-02 4.054782e-02 -7.742123e-03) (3.830018e-03 -8.037014e-04 2.409595e-06))
921           	((1.256577e-01 9.278665e-01 1.237127e+01) (-2.690453e-03 1.066500e-02 3.921046e-01)) ((-2.983057e-02 3.979821e-02 -8.229952e-03) (3.828041e-03 -8.023236e-04 -1.994012e-06))
922           	((1.228167e-01 9.367002e-01 1.237294e+01) (-2.662809e-03 1.066073e-02 3.920339e-01)) ((-3.015323e-02 3.890873e-02 -8.774951e-03) (3.824376e-03 -7.995540e-04 -6.112902e-06))
923           	((1.189921e-01 9.441350e-01 1.237483e+01) (-2.638960e-03 1.065094e-02 3.919544e-01)) ((-3.040696e-02 3.787208e-02 -9.377341e-03) (3.820255e-03 -7.982661e-04 -1.131160e-05))
924           	((1.144858e-01 9.503604e-01 1.237679e+01) (-2.612175e-03 1.064030e-02 3.918717e-01)) ((-3.059811e-02 3.669719e-02 -1.003376e-02) (3.815517e-03 -7.953121e-04 -1.701695e-05))
925           	((1.095519e-01 9.556083e-01 1.237873e+01) (-2.586122e-03 1.063501e-02 3.917855e-01)) ((-3.073334e-02 3.542036e-02 -1.074065e-02) (3.811616e-03 -7.929282e-04 -2.324976e-05))
926           	((1.043523e-01 9.599418e-01 1.238064e+01) (-2.559891e-03 1.063202e-02 3.917016e-01)) ((-3.082204e-02 3.408967e-02 -1.147847e-02) (3.806678e-03 -7.912352e-04 -2.928436e-05))
927           	((9.898828e-02 9.632637e-01 1.238228e+01) (-2.532958e-03 1.061475e-02 3.916035e-01)) ((-3.086758e-02 3.272230e-02 -1.222963e-02) (3.801804e-03 -7.892065e-04 -3.598731e-05))
928           	((9.357594e-02 9.655345e-01 1.238367e+01) (-2.507477e-03 1.060418e-02 3.915071e-01)) ((-3.086806e-02 3.132613e-02 -1.298569e-02) (3.795489e-03 -7.895230e-04 -4.183499e-05))
929           	((8.803781e-02 9.666037e-01 1.238490e+01) (-2.485442e-03 1.059819e-02 3.914142e-01)) ((-3.082784e-02 2.991549e-02 -1.373929e-02) (3.790438e-03 -7.878409e-04 -4.891652e-05))
930           	((8.240640e-02 9.664263e-01 1.238619e+01) (-2.465834e-03 1.059024e-02 3.913322e-01)) ((-3.074775e-02 2.852919e-02 -1.449976e-02) (3.784504e-03 -7.885727e-04 -5.566809e-05))
931           	((7.650355e-02 9.650392e-01 1.238756e+01) (-2.449957e-03 1.058134e-02 3.912479e-01)) ((-3.067472e-02 2.718734e-02 -1.525269e-02) (3.777741e-03 -7.889085e-04 -6.115512e-05))
932           	((7.035962e-02 9.625334e-01 1.238891e+01) (-2.436056e-03 1.057082e-02 3.911782e-01)) ((-3.065825e-02 2.591218e-02 -1.597112e-02) (3.771608e-03 -7.904097e-04 -6.758301e-05))
933           	((6.418408e-02 9.592531e-01 1.239019e+01) (-2.428400e-03 1.055864e-02 3.911107e-01)) ((-3.072126e-02 2.471527e-02 -1.664736e-02) (3.765289e-03 -7.933347e-04 -7.388925e-05))
934           	((5.836663e-02 9.555856e-01 1.239132e+01) (-2.424409e-03 1.054863e-02 3.910454e-01)) ((-3.087369e-02 2.361053e-02 -1.729240e-02) (3.757087e-03 -7.958658e-04 -7.921353e-05))
935           	((5.312278e-02 9.519104e-01 1.239241e+01) (-2.425719e-03 1.053678e-02 3.909840e-01)) ((-3.111212e-02 2.264111e-02 -1.792533e-02) (3.751281e-03 -7.998746e-04 -8.716814e-05))
936           	((4.861668e-02 9.484914e-01 1.239344e+01) (-2.432043e-03 1.053131e-02 3.909183e-01)) ((-3.142887e-02 2.183374e-02 -1.856671e-02) (3.743805e-03 -8.028031e-04 -9.395741e-05))
937           	((4.500539e-02 9.455912e-01 1.239409e+01) (-2.437623e-03 1.053009e-02 3.908475e-01)) ((-3.182914e-02 2.116616e-02 -1.922472e-02) (3.735656e-03 -8.073855e-04 -9.933845e-05))
938           	((4.241449e-02 9.432870e-01 1.239432e+01) (-2.448770e-03 1.052814e-02 3.907860e-01)) ((-3.230655e-02 2.062768e-02 -1.990246e-02) (3.727206e-03 -8.121274e-04 -1.052138e-04))
939           	((4.081756e-02 9.416497e-01 1.239405e+01) (-2.469441e-03 1.052426e-02 3.907294e-01)) ((-3.283649e-02 2.019050e-02 -2.059566e-02) (3.718728e-03 -8.160978e-04 -1.108521e-04))
940           	((4.002778e-02 9.407298e-01 1.239332e+01) (-2.489921e-03 1.053765e-02 3.906921e-01)) ((-3.337820e-02 1.985965e-02 -2.129947e-02) (3.710471e-03 -8.210081e-04 -1.149122e-04))
941           	((3.971415e-02 9.405027e-01 1.239210e+01) (-2.519927e-03 1.055586e-02 3.906528e-01)) ((-3.390058e-02 1.964873e-02 -2.199451e-02) (3.703019e-03 -8.244830e-04 -1.191101e-04))
942           	((4.005237e-02 9.408359e-01 1.239018e+01) (-2.546321e-03 1.057781e-02 3.906397e-01)) ((-3.438405e-02 1.954213e-02 -2.266311e-02) (3.694123e-03 -8.288692e-04 -1.213466e-04))
943           	((4.108468e-02 9.414870e-01 1.238754e+01) (-2.578036e-03 1.060262e-02 3.906302e-01)) ((-3.482383e-02 1.953351e-02 -2.327981e-02) (3.685954e-03 -8.326988e-04 -1.235460e-04))
944           	((4.292992e-02 9.421229e-01 1.238423e+01) (-2.608304e-03 1.063619e-02 3.906395e-01)) ((-3.521422e-02 1.962943e-02 -2.383143e-02) (3.676608e-03 -8.340481e-04 -1.253704e-04))
945           	((4.548537e-02 9.424929e-01 1.238048e+01) (-2.643861e-03 1.068022e-02 3.906672e-01)) ((-3.555134e-02 1.984369e-02 -2.430683e-02) (3.669210e-03 -8.371793e-04 -1.256741e-04))
946           	((4.850684e-02 9.427242e-01 1.237647e+01) (-2.674663e-03 1.072510e-02 3.906833e-01)) ((-3.582073e-02 2.015565e-02 -2.469520e-02) (3.660892e-03 -8.371725e-04 -1.252159e-04))
947           	((5.173400e-02 9.425160e-01 1.237220e+01) (-2.704329e-03 1.077142e-02 3.907051e-01)) ((-3.604059e-02 2.052644e-02 -2.497093e-02) (3.653140e-03 -8.376456e-04 -1.241952e-04))
948           	((5.498053e-02 9.419551e-01 1.236786e+01) (-2.727576e-03 1.082155e-02 3.907284e-01)) ((-3.622489e-02 2.093129e-02 -2.511820e-02) (3.643519e-03 -8.366453e-04 -1.205519e-04))
949           	((5.818380e-02 9.414192e-01 1.236356e+01) (-2.750207e-03 1.087690e-02 3.907672e-01)) ((-3.637050e-02 2.132803e-02 -2.514556e-02) (3.635734e-03 -8.341773e-04 -1.168314e-04))
950           	((6.145596e-02 9.412661e-01 1.235944e+01) (-2.766732e-03 1.093285e-02 3.908283e-01)) ((-3.647604e-02 2.170205e-02 -2.504829e-02) (3.628969e-03 -8.325369e-04 -1.130383e-04))
951           	((6.475754e-02 9.419536e-01 1.235565e+01) (-2.778672e-03 1.098310e-02 3.908827e-01)) ((-3.653473e-02 2.205843e-02 -2.483376e-02) (3.622488e-03 -8.298687e-04 -1.076517e-04))
952           	((6.808871e-02 9.437465e-01 1.235205e+01) (-2.777560e-03 1.103151e-02 3.909371e-01)) ((-3.654756e-02 2.238871e-02 -2.450290e-02) (3.616493e-03 -8.262857e-04 -1.013215e-04))
953           	((7.127431e-02 9.465395e-01 1.234861e+01) (-2.775704e-03 1.107301e-02 3.909877e-01)) ((-3.654032e-02 2.270521e-02 -2.404356e-02) (3.611798e-03 -8.227730e-04 -9.458273e-05))
954           	((7.408012e-02 9.500693e-01 1.234537e+01) (-2.762562e-03 1.110555e-02 3.910488e-01)) ((-3.652830e-02 2.302694e-02 -2.344424e-02) (3.607879e-03 -8.191785e-04 -8.807701e-05))
955           	((7.619306e-02 9.539852e-01 1.234255e+01) (-2.743344e-03 1.113478e-02 3.911052e-01)) ((-3.654063e-02 2.339896e-02 -2.271530e-02) (3.606074e-03 -8.140238e-04 -8.141998e-05))
956           	((7.743044e-02 9.579861e-01 1.234028e+01) (-2.714792e-03 1.115611e-02 3.911680e-01)) ((-3.658507e-02 2.383369e-02 -2.187413e-02) (3.605592e-03 -8.102244e-04 -7.502994e-05))
957           	((7.773153e-02 9.617384e-01 1.233863e+01) (-2.686375e-03 1.116787e-02 3.912198e-01)) ((-3.666073e-02 2.433568e-02 -2.091500e-02) (3.605915e-03 -8.058412e-04 -6.825196e-05))
958           	((7.726341e-02 9.650546e-01 1.233779e+01) (-2.646451e-03 1.117212e-02 3.912742e-01)) ((-3.675820e-02 2.491158e-02 -1.984915e-02) (3.607639e-03 -8.011719e-04 -6.304280e-05))
959           	((7.639035e-02 9.681108e-01 1.233777e+01) (-2.602093e-03 1.117495e-02 3.913019e-01)) ((-3.685579e-02 2.554467e-02 -1.872442e-02) (3.608103e-03 -7.947753e-04 -5.830966e-05))
960           	((7.541730e-02 9.709524e-01 1.233858e+01) (-2.549497e-03 1.117253e-02 3.913440e-01)) ((-3.694196e-02 2.624240e-02 -1.760060e-02) (3.610908e-03 -7.881286e-04 -5.507324e-05))
961           	((7.432188e-02 9.733593e-01 1.234012e+01) (-2.494248e-03 1.116531e-02 3.913743e-01)) ((-3.697419e-02 2.698999e-02 -1.654695e-02) (3.615725e-03 -7.801736e-04 -5.255364e-05))
962           	((7.332151e-02 9.750415e-01 1.234205e+01) (-2.437121e-03 1.114902e-02 3.913979e-01)) ((-3.692934e-02 2.772160e-02 -1.561335e-02) (3.619545e-03 -7.723877e-04 -5.043801e-05))
963           	((7.274497e-02 9.758903e-01 1.234430e+01) (-2.381583e-03 1.111969e-02 3.914279e-01)) ((-3.677519e-02 2.837544e-02 -1.484615e-02) (3.625611e-03 -7.638967e-04 -4.872526e-05))
964           	((7.281687e-02 9.758667e-01 1.234686e+01) (-2.330718e-03 1.108654e-02 3.914591e-01)) ((-3.651152e-02 2.890446e-02 -1.424834e-02) (3.631641e-03 -7.537949e-04 -4.681451e-05))
965           	((7.337289e-02 9.750679e-01 1.234993e+01) (-2.287736e-03 1.104841e-02 3.914945e-01)) ((-3.614745e-02 2.929316e-02 -1.380881e-02) (3.641139e-03 -7.442902e-04 -4.683374e-05))
966           	((7.409141e-02 9.734893e-01 1.235361e+01) (-2.254759e-03 1.100235e-02 3.915266e-01)) ((-3.569330e-02 2.955342e-02 -1.350608e-02) (3.649932e-03 -7.346338e-04 -4.600738e-05))
967           	((7.489073e-02 9.711421e-01 1.235763e+01) (-2.225128e-03 1.094788e-02 3.915402e-01)) ((-3.515421e-02 2.967280e-02 -1.332036e-02) (3.658227e-03 -7.258666e-04 -4.494093e-05))
968           	((7.584115e-02 9.682787e-01 1.236186e+01) (-2.200912e-03 1.089199e-02 3.915446e-01)) ((-3.453149e-02 2.966314e-02 -1.325502e-02) (3.667413e-03 -7.161330e-04 -4.483820e-05))
969           	((7.684041e-02 9.650078e-01 1.236618e+01) (-2.189074e-03 1.083416e-02 3.915427e-01)) ((-3.382873e-02 2.953748e-02 -1.331361e-02) (3.677702e-03 -7.081147e-04 -4.407256e-05))
970           	((7.768738e-02 9.613064e-01 1.237062e+01) (-2.176703e-03 1.078345e-02 3.915379e-01)) ((-3.306054e-02 2.934518e-02 -1.348732e-02) (3.687618e-03 -6.999305e-04 -4.515986e-05))
971           	((7.804605e-02 9.572144e-01 1.237520e+01) (-2.178463e-03 1.072348e-02 3.915110e-01)) ((-3.226248e-02 2.914046e-02 -1.377009e-02) (3.698792e-03 -6.920086e-04 -4.644917e-05))
972           	((7.769774e-02 9.526863e-01 1.237978e+01) (-2.186496e-03 1.066028e-02 3.914838e-01)) ((-3.149453e-02 2.893509e-02 -1.412328e-02) (3.709825e-03 -6.881569e-04 -4.698094e-05))
973           	((7.660018e-02 9.477245e-01 1.238434e+01) (-2.198839e-03 1.059816e-02 3.914468e-01)) ((-3.080323e-02 2.872739e-02 -1.452966e-02) (3.721516e-03 -6.826664e-04 -4.801305e-05))
974           	((7.486301e-02 9.423780e-01 1.238888e+01) (-2.217849e-03 1.053636e-02 3.914120e-01)) ((-3.020365e-02 2.848398e-02 -1.495929e-02) (3.733212e-03 -6.803527e-04 -4.982006e-05))
975           	((7.255041e-02 9.368735e-01 1.239348e+01) (-2.242839e-03 1.048580e-02 3.913805e-01)) ((-2.970463e-02 2.820630e-02 -1.540170e-02) (3.745848e-03 -6.764848e-04 -5.202662e-05))
976           	((6.968307e-02 9.312016e-01 1.239809e+01) (-2.268250e-03 1.044242e-02 3.913607e-01)) ((-2.929237e-02 2.789815e-02 -1.582818e-02) (3.759279e-03 -6.732000e-04 -5.414468e-05))
977           	((6.650127e-02 9.251230e-01 1.240232e+01) (-2.298496e-03 1.039537e-02 3.913322e-01)) ((-2.895337e-02 2.753152e-02 -1.618930e-02) (3.773835e-03 -6.719327e-04 -5.696461e-05))
978           	((6.312742e-02 9.188264e-01 1.240607e+01) (-2.333943e-03 1.035022e-02 3.913096e-01)) ((-2.865602e-02 2.709167e-02 -1.647830e-02) (3.786805e-03 -6.706459e-04 -5.786623e-05))
979           	((5.965933e-02 9.122987e-01 1.240914e+01) (-2.377500e-03 1.030454e-02 3.912814e-01)) ((-2.837411e-02 2.657251e-02 -1.666868e-02) (3.799620e-03 -6.710927e-04 -5.958774e-05))
980           	((5.641233e-02 9.057403e-01 1.241150e+01) (-2.417536e-03 1.026378e-02 3.912689e-01)) ((-2.810287e-02 2.601568e-02 -1.675197e-02) (3.812006e-03 -6.709376e-04 -6.127860e-05))
981           	((5.352192e-02 8.996391e-01 1.241322e+01) (-2.465867e-03 1.022990e-02 3.912606e-01)) ((-2.785170e-02 2.548315e-02 -1.676024e-02) (3.823614e-03 -6.727906e-04 -6.151089e-05))
982           	((5.094247e-02 8.943460e-01 1.241407e+01) (-2.507430e-03 1.019700e-02 3.912542e-01)) ((-2.764841e-02 2.500316e-02 -1.671747e-02) (3.832341e-03 -6.753226e-04 -6.114846e-05))
983           	((4.880470e-02 8.901622e-01 1.241399e+01) (-2.547059e-03 1.016325e-02 3.912507e-01)) ((-2.754081e-02 2.459107e-02 -1.664871e-02) (3.840022e-03 -6.782504e-04 -6.106341e-05))
984           	((4.700384e-02 8.872032e-01 1.241307e+01) (-2.585862e-03 1.013287e-02 3.912691e-01)) ((-2.754278e-02 2.425326e-02 -1.657189e-02) (3.847083e-03 -6.813321e-04 -6.031912e-05))
985           	((4.556052e-02 8.854464e-01 1.241152e+01) (-2.624686e-03 1.011363e-02 3.912771e-01)) ((-2.764936e-02 2.401384e-02 -1.652106e-02) (3.852898e-03 -6.840587e-04 -5.926434e-05))
986           	((4.463877e-02 8.845962e-01 1.240936e+01) (-2.654621e-03 1.009539e-02 3.913005e-01)) ((-2.786730e-02 2.387287e-02 -1.651768e-02) (3.856961e-03 -6.881059e-04 -5.715655e-05))
987           	((4.433851e-02 8.844767e-01 1.240648e+01) (-2.692850e-03 1.007313e-02 3.913211e-01)) ((-2.819614e-02 2.380620e-02 -1.656809e-02) (3.859634e-03 -6.919692e-04 -5.431576e-05))
988           	((4.478309e-02 8.850255e-01 1.240298e+01) (-2.720172e-03 1.006463e-02 3.913466e-01)) ((-2.862955e-02 2.380793e-02 -1.666183e-02) (3.859709e-03 -6.966111e-04 -5.084693e-05))
989           	((4.607228e-02 8.861942e-01 1.239890e+01) (-2.745805e-03 1.006300e-02 3.913770e-01)) ((-2.914102e-02 2.384808e-02 -1.679597e-02) (3.859080e-03 -7.006668e-04 -4.728792e-05))
990           	((4.803892e-02 8.880414e-01 1.239449e+01) (-2.765501e-03 1.007500e-02 3.914217e-01)) ((-2.969336e-02 2.391399e-02 -1.696643e-02) (3.857581e-03 -7.036507e-04 -4.470952e-05))
991           	((5.039546e-02 8.905207e-01 1.238995e+01) (-2.778243e-03 1.008621e-02 3.914647e-01)) ((-3.024931e-02 2.398575e-02 -1.715885e-02) (3.855117e-03 -7.078352e-04 -4.129444e-05))
992           	((5.306392e-02 8.935561e-01 1.238524e+01) (-2.779695e-03 1.010772e-02 3.915111e-01)) ((-3.077771e-02 2.401845e-02 -1.734493e-02) (3.850845e-03 -7.106990e-04 -3.800694e-05))
993           	((5.577469e-02 8.971655e-01 1.238051e+01) (-2.782243e-03 1.012492e-02 3.915547e-01)) ((-3.126328e-02 2.398550e-02 -1.749883e-02) (3.846942e-03 -7.145491e-04 -3.445103e-05))
994           	((5.857056e-02 9.014245e-01 1.237588e+01) (-2.766780e-03 1.015099e-02 3.916025e-01)) ((-3.170031e-02 2.387994e-02 -1.758033e-02) (3.840983e-03 -7.190093e-04 -3.055314e-05))
995           	((6.124708e-02 9.065626e-01 1.237160e+01) (-2.747651e-03 1.018052e-02 3.916389e-01)) ((-3.209665e-02 2.372983e-02 -1.757217e-02) (3.835574e-03 -7.214023e-04 -2.825116e-05))
996           	((6.360417e-02 9.126928e-01 1.236788e+01) (-2.718915e-03 1.022082e-02 3.916821e-01)) ((-3.247114e-02 2.359754e-02 -1.746231e-02) (3.829379e-03 -7.246939e-04 -2.471550e-05))
997           	((6.564668e-02 9.197076e-01 1.236466e+01) (-2.682567e-03 1.025913e-02 3.917055e-01)) ((-3.286526e-02 2.352276e-02 -1.723662e-02) (3.823200e-03 -7.263974e-04 -2.154234e-05))
998           	((6.760413e-02 9.274788e-01 1.236198e+01) (-2.640195e-03 1.029342e-02 3.917331e-01)) ((-3.330809e-02 2.352614e-02 -1.689178e-02) (3.816866e-03 -7.290528e-04 -1.910118e-05))
999           	((6.997301e-02 9.359458e-01 1.235982e+01) (-2.604211e-03 1.032169e-02 3.917416e-01)) ((-3.381880e-02 2.361715e-02 -1.642042e-02) (3.810155e-03 -7.302878e-04 -1.597127e-05))
1000          	((7.284503e-02 9.449791e-01 1.235827e+01) (-2.556724e-03 1.036217e-02 3.917514e-01)) ((-3.439846e-02 2.381216e-02 -1.584675e-02) (3.804380e-03 -7.303481e-04 -1.384309e-05))
