# Forces      
# CofR        : (2.875000e-01 1.270000e-01 2.286000e-01)
# Time        forces(pressure viscous)	moments(pressure viscous)
0             	((0.000000e+00 0.000000e+00 0.000000e+00) (-5.478186e-04 -6.858689e-03 1.011032e+00)) ((0.000000e+00 0.000000e+00 0.000000e+00) (2.205144e-02 1.509906e-03 8.268110e-05))
1             	((2.981408e-02 -8.080211e-01 1.478036e+01) (-9.943987e-04 -9.041110e-03 1.088256e+00)) ((1.339270e-01 4.299364e-02 1.169400e-02) (2.371099e-02 1.691509e-03 1.176555e-04))
2             	((5.935527e-02 -1.044339e+00 3.456634e+01) (-1.741907e-03 -1.088588e-02 1.130907e+00)) ((2.716231e-01 5.301314e-02 2.793718e-02) (2.474359e-02 1.778719e-03 7.094981e-05))
3             	((8.551130e-02 -9.382636e-01 4.671065e+01) (-2.723883e-03 -9.082937e-03 1.133217e+00)) ((3.170683e-01 4.498418e-02 3.122666e-02) (2.504871e-02 1.825239e-03 -1.975309e-05))
4             	((7.560611e-02 -7.231269e-01 4.628642e+01) (-3.380857e-03 -7.873789e-03 1.110612e+00)) ((2.665943e-01 3.295430e-02 2.210522e-02) (2.498992e-02 1.866121e-03 -6.285550e-05))
5             	((8.198691e-02 -5.105311e-01 3.823026e+01) (-3.379669e-03 -6.826220e-03 1.080785e+00)) ((1.616234e-01 3.015279e-02 5.996695e-03) (2.471409e-02 1.994541e-03 -1.116156e-04))
6             	((9.910852e-02 -5.727019e-01 2.734111e+01) (-3.514294e-03 -5.095231e-03 1.056254e+00)) ((4.418320e-02 4.020719e-02 -8.713128e-03) (2.464576e-02 2.049416e-03 -1.069498e-04))
7             	((1.115308e-01 -7.049078e-01 1.882727e+01) (-3.069471e-03 -3.528823e-03 1.039148e+00)) ((-5.322726e-02 5.665119e-02 -1.378798e-02) (2.481530e-02 1.966421e-03 -1.238744e-04))
8             	((1.265237e-01 -5.897362e-01 1.539598e+01) (-2.601474e-03 -1.484281e-03 1.029814e+00)) ((-1.164490e-01 6.494540e-02 -5.551116e-03) (2.496442e-02 1.755868e-03 -1.648197e-04))
9             	((1.241121e-01 -2.132401e-01 1.646544e+01) (-2.033999e-03 5.008311e-04 1.023163e+00)) ((-1.502848e-01 6.110242e-02 1.235218e-02) (2.513781e-02 1.600242e-03 -1.886250e-04))
10            	((9.039652e-02 4.469986e-01 2.013946e+01) (-1.716201e-03 2.257087e-03 1.014984e+00)) ((-1.714752e-01 5.076594e-02 3.276232e-02) (2.515397e-02 1.507524e-03 -2.251135e-04))
11            	((2.342985e-02 1.241427e+00 2.443243e+01) (-1.527092e-03 3.687658e-03 1.003898e+00)) ((-1.846118e-01 4.008123e-02 5.112741e-02) (2.504074e-02 1.410521e-03 -2.636158e-04))
12            	((-4.628275e-02 1.843424e+00 2.735044e+01) (-1.491544e-03 4.707967e-03 9.896077e-01)) ((-1.857157e-01 3.523738e-02 5.887809e-02) (2.484936e-02 1.354977e-03 -2.951575e-04))
13            	((-9.234553e-02 2.082846e+00 2.792025e+01) (-1.577256e-03 5.644984e-03 9.738884e-01)) ((-1.774998e-01 3.967174e-02 5.447365e-02) (2.464943e-02 1.337513e-03 -3.206722e-04))
14            	((-1.231437e-01 2.076777e+00 2.665446e+01) (-1.665388e-03 6.571599e-03 9.578567e-01)) ((-1.700399e-01 4.823241e-02 4.340591e-02) (2.446281e-02 1.322683e-03 -3.226281e-04))
15            	((-1.340530e-01 1.985396e+00 2.456705e+01) (-1.723051e-03 7.542497e-03 9.425673e-01)) ((-1.656780e-01 5.701236e-02 2.948326e-02) (2.429419e-02 1.276590e-03 -3.237904e-04))
16            	((-1.181486e-01 1.911204e+00 2.243802e+01) (-1.603062e-03 8.517562e-03 9.284364e-01)) ((-1.666073e-01 6.081631e-02 1.653054e-02) (2.415337e-02 1.244925e-03 -3.139333e-04))
17            	((-8.885647e-02 1.936918e+00 2.094342e+01) (-1.456291e-03 9.452537e-03 9.152546e-01)) ((-1.767718e-01 5.492200e-02 8.871846e-03) (2.400894e-02 1.221463e-03 -2.981436e-04))
18            	((-6.901935e-02 2.078574e+00 2.036215e+01) (-1.273859e-03 1.031139e-02 9.024427e-01)) ((-1.959421e-01 4.063087e-02 8.317918e-03) (2.381864e-02 1.178688e-03 -2.704996e-04))
19            	((-6.736704e-02 2.291005e+00 2.050058e+01) (-1.108115e-03 1.116627e-02 8.898259e-01)) ((-2.183282e-01 2.303427e-02 1.234677e-02) (2.357880e-02 1.124868e-03 -2.383091e-04))
20            	((-8.342624e-02 2.530430e+00 2.100049e+01) (-9.627882e-04 1.199621e-02 8.773315e-01)) ((-2.387380e-01 6.464629e-03 1.875114e-02) (2.327115e-02 1.049112e-03 -1.994132e-04))
21            	((-1.174875e-01 2.786314e+00 2.158028e+01) (-8.079802e-04 1.286785e-02 8.649559e-01)) ((-2.529361e-01 -5.091182e-03 2.565614e-02) (2.291694e-02 9.712587e-04 -1.676434e-04))
22            	((-1.606059e-01 3.057363e+00 2.200772e+01) (-6.770103e-04 1.378604e-02 8.529681e-01)) ((-2.549528e-01 -8.443516e-03 3.009761e-02) (2.254399e-02 8.964573e-04 -1.469775e-04))
23            	((-1.952658e-01 3.320518e+00 2.212673e+01) (-5.470691e-04 1.481235e-02 8.414666e-01)) ((-2.427629e-01 -4.771239e-03 2.991928e-02) (2.216926e-02 8.396318e-04 -1.301421e-04))
24            	((-2.079274e-01 3.543979e+00 2.192077e+01) (-3.938078e-04 1.586201e-02 8.304129e-01)) ((-2.225188e-01 1.968767e-03 2.526287e-02) (2.179046e-02 7.865328e-04 -1.093770e-04))
25            	((-2.062000e-01 3.713447e+00 2.152367e+01) (-3.085110e-04 1.683185e-02 8.201089e-01)) ((-2.023148e-01 7.936344e-03 1.907014e-02) (2.143418e-02 7.333641e-04 -9.468450e-05))
26            	((-1.964395e-01 3.834739e+00 2.107057e+01) (-2.591539e-04 1.773272e-02 8.102337e-01)) ((-1.863806e-01 1.051339e-02 1.259199e-02) (2.108774e-02 6.752337e-04 -8.079048e-05))
27            	((-1.758909e-01 3.900659e+00 2.064549e+01) (-1.686951e-04 1.855105e-02 8.007505e-01)) ((-1.758681e-01 8.066849e-03 6.765987e-03) (2.074461e-02 6.179760e-04 -7.412661e-05))
28            	((-1.470941e-01 3.894575e+00 2.029753e+01) (-8.102141e-05 1.926001e-02 7.916244e-01)) ((-1.716946e-01 8.133905e-04 2.996614e-03) (2.041209e-02 5.558514e-04 -7.159269e-05))
29            	((-1.181740e-01 3.814661e+00 2.004479e+01) (5.338746e-05 1.986384e-02 7.827770e-01)) ((-1.735666e-01 -8.581997e-03 1.985571e-03) (2.007879e-02 5.001504e-04 -7.748469e-05))
30            	((-9.479618e-02 3.681967e+00 1.987715e+01) (1.700847e-04 2.037752e-02 7.740875e-01)) ((-1.795087e-01 -1.712263e-02 3.311681e-03) (1.973721e-02 4.396034e-04 -8.349510e-05))
31            	((-7.959564e-02 3.530377e+00 1.976923e+01) (2.408594e-04 2.082486e-02 7.656450e-01)) ((-1.867630e-01 -2.281663e-02 6.367009e-03) (1.939368e-02 3.847456e-04 -8.371260e-05))
32            	((-7.193322e-02 3.393742e+00 1.969516e+01) (2.561920e-04 2.121393e-02 7.574315e-01)) ((-1.927395e-01 -2.511272e-02 1.020029e-02) (1.905105e-02 3.310397e-04 -7.134041e-05))
33            	((-6.874908e-02 3.297120e+00 1.963377e+01) (2.804654e-04 2.154699e-02 7.493928e-01)) ((-1.953887e-01 -2.440210e-02 1.379367e-02) (1.870893e-02 2.827268e-04 -4.880122e-05))
34            	((-6.492189e-02 3.250990e+00 1.956833e+01) (2.200197e-04 2.180438e-02 7.414721e-01)) ((-1.936606e-01 -2.189072e-02 1.661153e-02) (1.837436e-02 2.467581e-04 -1.639366e-05))
35            	((-5.631388e-02 3.250043e+00 1.948673e+01) (1.351369e-04 2.204396e-02 7.336189e-01)) ((-1.879826e-01 -1.888524e-02 1.839823e-02) (1.804573e-02 2.167183e-04 1.382236e-05))
36            	((-4.239154e-02 3.271005e+00 1.938377e+01) (3.586272e-05 2.227458e-02 7.258959e-01)) ((-1.792648e-01 -1.634702e-02 1.921417e-02) (1.772516e-02 1.931534e-04 3.866947e-05))
37            	((-2.378620e-02 3.288339e+00 1.925902e+01) (-2.982647e-05 2.246408e-02 7.182878e-01)) ((-1.683678e-01 -1.492804e-02 1.958511e-02) (1.740697e-02 1.745527e-04 6.269195e-05))
38            	((-2.879357e-03 3.281730e+00 1.911391e+01) (-8.652322e-05 2.261471e-02 7.107010e-01)) ((-1.560635e-01 -1.490001e-02 1.989629e-02) (1.708892e-02 1.601154e-04 8.928681e-05))
39            	((1.656954e-02 3.236988e+00 1.895193e+01) (-1.502273e-04 2.273258e-02 7.031636e-01)) ((-1.431857e-01 -1.630278e-02 1.998919e-02) (1.678086e-02 1.488671e-04 1.172840e-04))
40            	((2.963808e-02 3.144920e+00 1.877982e+01) (-1.833952e-04 2.282456e-02 6.956973e-01)) ((-1.303365e-01 -1.932380e-02 1.994123e-02) (1.648150e-02 1.411071e-04 1.498629e-04))
41            	((3.268744e-02 3.005638e+00 1.860635e+01) (-2.112273e-04 2.290963e-02 6.883736e-01)) ((-1.180253e-01 -2.394808e-02 2.001048e-02) (1.618669e-02 1.266288e-04 1.787036e-04))
42            	((2.381212e-02 2.831443e+00 1.843977e+01) (-2.323491e-04 2.299120e-02 6.812600e-01)) ((-1.068686e-01 -2.942863e-02 2.034403e-02) (1.589636e-02 1.146017e-04 2.002173e-04))
43            	((3.677436e-03 2.641617e+00 1.828589e+01) (-2.355203e-04 2.304431e-02 6.742777e-01)) ((-9.729228e-02 -3.467464e-02 2.083682e-02) (1.560896e-02 1.075937e-04 2.117774e-04))
44            	((-2.555627e-02 2.453263e+00 1.814481e+01) (-1.978802e-04 2.307765e-02 6.674336e-01)) ((-8.939400e-02 -3.859168e-02 2.113895e-02) (1.532737e-02 1.109711e-04 2.143666e-04))
45            	((-6.068621e-02 2.276576e+00 1.801310e+01) (-1.236356e-04 2.307290e-02 6.607947e-01)) ((-8.291019e-02 -4.062467e-02 2.075998e-02) (1.506462e-02 1.331120e-04 2.121560e-04))
46            	((-9.565779e-02 2.116317e+00 1.788572e+01) (-2.409363e-05 2.304361e-02 6.543524e-01)) ((-7.723607e-02 -4.087816e-02 1.956327e-02) (1.481558e-02 1.641063e-04 2.060583e-04))
47            	((-1.245191e-01 1.973487e+00 1.775656e+01) (1.260663e-04 2.297621e-02 6.480743e-01)) ((-7.166400e-02 -3.982915e-02 1.775570e-02) (1.458122e-02 1.960606e-04 1.949610e-04))
48            	((-1.449413e-01 1.846358e+00 1.762189e+01) (3.197381e-04 2.284926e-02 6.419413e-01)) ((-6.549926e-02 -3.788935e-02 1.566825e-02) (1.436106e-02 2.304001e-04 1.828076e-04))
49            	((-1.574339e-01 1.733029e+00 1.748032e+01) (5.293949e-04 2.270458e-02 6.359449e-01)) ((-5.847340e-02 -3.546605e-02 1.357552e-02) (1.415088e-02 2.691737e-04 1.721385e-04))
50            	((-1.644303e-01 1.632517e+00 1.733217e+01) (7.503385e-04 2.255255e-02 6.301084e-01)) ((-5.106077e-02 -3.309864e-02 1.153711e-02) (1.394907e-02 3.075617e-04 1.697675e-04))
51            	((-1.689490e-01 1.542759e+00 1.717985e+01) (9.610834e-04 2.245596e-02 6.244855e-01)) ((-4.400521e-02 -3.161781e-02 9.611610e-03) (1.375329e-02 3.468072e-04 1.735759e-04))
52            	((-1.739179e-01 1.463369e+00 1.702835e+01) (1.150163e-03 2.241708e-02 6.190484e-01)) ((-3.813701e-02 -3.159984e-02 7.448142e-03) (1.355904e-02 3.857438e-04 1.799395e-04))
53            	((-1.798990e-01 1.392523e+00 1.688242e+01) (1.328703e-03 2.242552e-02 6.138173e-01)) ((-3.397305e-02 -3.316383e-02 4.934297e-03) (1.336599e-02 4.233649e-04 1.847481e-04))
54            	((-1.855768e-01 1.327898e+00 1.674478e+01) (1.505481e-03 2.249187e-02 6.087619e-01)) ((-3.182084e-02 -3.588195e-02 1.866586e-03) (1.317234e-02 4.520903e-04 1.866091e-04))
55            	((-1.913153e-01 1.267920e+00 1.661747e+01) (1.661805e-03 2.261232e-02 6.038838e-01)) ((-3.139571e-02 -3.908842e-02 -1.666642e-03) (1.298062e-02 4.755390e-04 1.863104e-04))
56            	((-1.965755e-01 1.212832e+00 1.650008e+01) (1.839642e-03 2.278093e-02 5.991925e-01)) ((-3.212743e-02 -4.241122e-02 -5.195769e-03) (1.279260e-02 4.951216e-04 1.816857e-04))
57            	((-1.997431e-01 1.163938e+00 1.639175e+01) (2.022327e-03 2.296927e-02 5.946396e-01)) ((-3.348217e-02 -4.549711e-02 -8.271975e-03) (1.261158e-02 5.071675e-04 1.743559e-04))
58            	((-2.000511e-01 1.123892e+00 1.629045e+01) (2.186221e-03 2.318670e-02 5.902225e-01)) ((-3.507362e-02 -4.788765e-02 -1.032332e-02) (1.243477e-02 5.149397e-04 1.638669e-04))
59            	((-1.977067e-01 1.094890e+00 1.619453e+01) (2.332793e-03 2.342963e-02 5.859199e-01)) ((-3.668317e-02 -4.927017e-02 -1.100077e-02) (1.225855e-02 5.212554e-04 1.502107e-04))
60            	((-1.930644e-01 1.078911e+00 1.610296e+01) (2.459321e-03 2.372964e-02 5.817412e-01)) ((-3.823076e-02 -4.955754e-02 -1.016546e-02) (1.208111e-02 5.277861e-04 1.332518e-04))
61            	((-1.861862e-01 1.076432e+00 1.601469e+01) (2.568144e-03 2.406268e-02 5.776922e-01)) ((-3.967424e-02 -4.887781e-02 -8.088288e-03) (1.190592e-02 5.382457e-04 1.147749e-04))
62            	((-1.760263e-01 1.086432e+00 1.592935e+01) (2.667598e-03 2.444469e-02 5.737551e-01)) ((-4.099149e-02 -4.710142e-02 -5.344568e-03) (1.172985e-02 5.505035e-04 9.615711e-05))
63            	((-1.608777e-01 1.105385e+00 1.584681e+01) (2.747158e-03 2.482834e-02 5.698870e-01)) ((-4.212403e-02 -4.429982e-02 -2.653490e-03) (1.155457e-02 5.627891e-04 7.890620e-05))
64            	((-1.406141e-01 1.128156e+00 1.576655e+01) (2.804222e-03 2.522511e-02 5.661125e-01)) ((-4.297486e-02 -4.079493e-02 -6.246192e-04) (1.138242e-02 5.749768e-04 6.224963e-05))
65            	((-1.155510e-01 1.150383e+00 1.568837e+01) (2.832048e-03 2.563696e-02 5.624304e-01)) ((-4.355790e-02 -3.687179e-02 4.701958e-04) (1.121663e-02 5.881501e-04 4.527567e-05))
66            	((-8.555733e-02 1.168408e+00 1.561140e+01) (2.819415e-03 2.603018e-02 5.588636e-01)) ((-4.388184e-02 -3.294673e-02 6.389310e-04) (1.105449e-02 6.009445e-04 3.229823e-05))
67            	((-5.179956e-02 1.179965e+00 1.553534e+01) (2.796114e-03 2.642696e-02 5.553925e-01)) ((-4.404571e-02 -2.934270e-02 5.462396e-05) (1.089672e-02 6.106014e-04 2.190110e-05))
68            	((-1.562692e-02 1.185020e+00 1.545977e+01) (2.762747e-03 2.681867e-02 5.520050e-01)) ((-4.424256e-02 -2.628329e-02 -8.432830e-04) (1.074544e-02 6.180911e-04 1.450190e-05))
69            	((2.057641e-02 1.185818e+00 1.538433e+01) (2.726030e-03 2.719111e-02 5.486911e-01)) ((-4.477096e-02 -2.381812e-02 -1.648005e-03) (1.059687e-02 6.222201e-04 8.498426e-06))
70            	((5.336928e-02 1.183881e+00 1.530918e+01) (2.699309e-03 2.755636e-02 5.454759e-01)) ((-4.575610e-02 -2.180764e-02 -1.991895e-03) (1.045275e-02 6.201266e-04 5.835268e-06))
71            	((7.930023e-02 1.180453e+00 1.523538e+01) (2.672263e-03 2.788791e-02 5.423471e-01)) ((-4.703845e-02 -2.017996e-02 -1.617861e-03) (1.031070e-02 6.133038e-04 3.614840e-06))
72            	((9.603881e-02 1.175731e+00 1.516367e+01) (2.656994e-03 2.819283e-02 5.392802e-01)) ((-4.828541e-02 -1.897270e-02 -4.387421e-04) (1.016936e-02 6.064812e-04 2.123370e-06))
73            	((1.032090e-01 1.168813e+00 1.509459e+01) (2.629670e-03 2.848172e-02 5.362824e-01)) ((-4.923007e-02 -1.807320e-02 1.440103e-03) (1.003317e-02 5.989719e-04 2.767553e-06))
74            	((1.017836e-01 1.157762e+00 1.502836e+01) (2.592774e-03 2.872532e-02 5.333634e-01)) ((-4.967081e-02 -1.740605e-02 3.835647e-03) (9.903809e-03 5.922652e-04 2.700621e-06))
75            	((9.336815e-02 1.141756e+00 1.496468e+01) (2.544635e-03 2.891604e-02 5.304788e-01)) ((-4.959584e-02 -1.692026e-02 6.480253e-03) (9.778306e-03 5.892357e-04 3.547164e-06))
76            	((7.966357e-02 1.120645e+00 1.490356e+01) (2.490652e-03 2.905837e-02 5.276739e-01)) ((-4.912719e-02 -1.654762e-02 9.115398e-03) (9.660676e-03 5.876371e-04 1.001865e-05))
77            	((6.262722e-02 1.095587e+00 1.484520e+01) (2.419173e-03 2.914713e-02 5.249859e-01)) ((-4.834050e-02 -1.631200e-02 1.161341e-02) (9.552996e-03 5.846397e-04 1.863454e-05))
78            	((4.434850e-02 1.068546e+00 1.478995e+01) (2.359652e-03 2.918127e-02 5.224064e-01)) ((-4.730336e-02 -1.618652e-02 1.393215e-02) (9.451543e-03 5.816859e-04 2.805447e-05))
79            	((2.624936e-02 1.041735e+00 1.473782e+01) (2.310744e-03 2.919169e-02 5.199152e-01)) ((-4.600627e-02 -1.610027e-02 1.606455e-02) (9.356851e-03 5.826314e-04 3.446100e-05))
80            	((9.866393e-03 1.016610e+00 1.468864e+01) (2.282471e-03 2.915695e-02 5.175042e-01)) ((-4.434936e-02 -1.595687e-02 1.814198e-02) (9.265710e-03 5.874248e-04 3.940429e-05))
81            	((-3.891610e-03 9.931626e-01 1.464216e+01) (2.269206e-03 2.906712e-02 5.151664e-01)) ((-4.237584e-02 -1.566975e-02 2.012527e-02) (9.179361e-03 5.951836e-04 4.265719e-05))
82            	((-1.518612e-02 9.701969e-01 1.459814e+01) (2.271755e-03 2.895230e-02 5.128906e-01)) ((-4.027709e-02 -1.522874e-02 2.181427e-02) (9.095052e-03 6.050813e-04 4.712587e-05))
83            	((-2.443562e-02 9.455548e-01 1.455623e+01) (2.278632e-03 2.881572e-02 5.106678e-01)) ((-3.831418e-02 -1.467077e-02 2.298251e-02) (9.011330e-03 6.183898e-04 5.189312e-05))
84            	((-3.195825e-02 9.173359e-01 1.451562e+01) (2.263131e-03 2.866679e-02 5.084724e-01)) ((-3.668206e-02 -1.381802e-02 2.347400e-02) (8.926532e-03 6.298111e-04 5.635179e-05))
85            	((-3.765925e-02 8.842506e-01 1.447519e+01) (2.224977e-03 2.850543e-02 5.062991e-01)) ((-3.546450e-02 -1.249860e-02 2.326468e-02) (8.839004e-03 6.399127e-04 6.015303e-05))
86            	((-4.101026e-02 8.459272e-01 1.443450e+01) (2.180801e-03 2.832093e-02 5.041420e-01)) ((-3.460296e-02 -1.066143e-02 2.236026e-02) (8.747073e-03 6.484865e-04 6.439278e-05))
87            	((-4.163463e-02 8.033434e-01 1.439362e+01) (2.132972e-03 2.813835e-02 5.020225e-01)) ((-3.389821e-02 -8.376302e-03 2.081476e-02) (8.652022e-03 6.565755e-04 6.708407e-05))
88            	((-3.981648e-02 7.581361e-01 1.435299e+01) (2.092684e-03 2.795833e-02 4.999341e-01)) ((-3.318680e-02 -5.819291e-03 1.878750e-02) (8.554086e-03 6.613372e-04 6.843780e-05))
89            	((-3.625831e-02 7.119471e-01 1.431339e+01) (2.058025e-03 2.780660e-02 4.979142e-01)) ((-3.245161e-02 -3.154210e-03 1.649430e-02) (8.454887e-03 6.653552e-04 6.715414e-05))
90            	((-3.202111e-02 6.664278e-01 1.427537e+01) (2.023628e-03 2.765322e-02 4.959501e-01)) ((-3.169911e-02 -6.012109e-04 1.418781e-02) (8.353136e-03 6.663666e-04 6.608003e-05))
91            	((-2.846064e-02 6.235737e-01 1.423889e+01) (1.966824e-03 2.752069e-02 4.940582e-01)) ((-3.092020e-02 1.556502e-03 1.208200e-02) (8.251349e-03 6.613778e-04 6.474771e-05))
92            	((-2.650787e-02 5.848915e-01 1.420344e+01) (1.896717e-03 2.741814e-02 4.922519e-01)) ((-3.022710e-02 3.151977e-03 1.024256e-02) (8.149029e-03 6.487383e-04 6.265128e-05))
93            	((-2.629387e-02 5.513884e-01 1.416842e+01) (1.818310e-03 2.733401e-02 4.905308e-01)) ((-2.976125e-02 4.184868e-03 8.708176e-03) (8.043945e-03 6.325097e-04 5.841480e-05))
94            	((-2.691676e-02 5.236780e-01 1.413326e+01) (1.733671e-03 2.725056e-02 4.888946e-01)) ((-2.961104e-02 4.801169e-03 7.365237e-03) (7.937732e-03 6.103825e-04 5.248427e-05))
95            	((-2.775931e-02 5.011532e-01 1.409721e+01) (1.645731e-03 2.717262e-02 4.873302e-01)) ((-2.981132e-02 5.140042e-03 5.988921e-03) (7.832572e-03 5.839255e-04 4.358052e-05))
96            	((-2.838890e-02 4.826116e-01 1.406021e+01) (1.565208e-03 2.708323e-02 4.858369e-01)) ((-3.040906e-02 5.333770e-03 4.471318e-03) (7.727491e-03 5.519400e-04 3.476489e-05))
97            	((-2.836206e-02 4.666045e-01 1.402253e+01) (1.494057e-03 2.698458e-02 4.844265e-01)) ((-3.141359e-02 5.495462e-03 2.780968e-03) (7.625726e-03 5.173268e-04 2.431211e-05))
98            	((-2.723724e-02 4.511974e-01 1.398493e+01) (1.425614e-03 2.687313e-02 4.830809e-01)) ((-3.270226e-02 5.728239e-03 9.854649e-04) (7.525120e-03 4.774568e-04 1.363164e-05))
99            	((-2.466375e-02 4.348277e-01 1.394830e+01) (1.350757e-03 2.674190e-02 4.817872e-01)) ((-3.416854e-02 6.152102e-03 -8.563894e-04) (7.426809e-03 4.357111e-04 3.120898e-06))
100           	((-2.032646e-02 4.167035e-01 1.391310e+01) (1.262903e-03 2.659233e-02 4.805576e-01)) ((-3.569834e-02 6.781687e-03 -2.681155e-03) (7.331602e-03 3.878104e-04 -5.534208e-06))
101           	((-1.431397e-02 3.968626e-01 1.387970e+01) (1.158683e-03 2.643903e-02 4.793865e-01)) ((-3.726092e-02 7.531662e-03 -4.425390e-03) (7.240844e-03 3.378004e-04 -1.545293e-05))
102           	((-6.841126e-03 3.756701e-01 1.384786e+01) (1.027873e-03 2.626552e-02 4.782557e-01)) ((-3.889870e-02 8.260639e-03 -6.052983e-03) (7.150306e-03 2.836541e-04 -2.482628e-05))
103           	((1.824872e-03 3.538911e-01 1.381721e+01) (8.955509e-04 2.612322e-02 4.771942e-01)) ((-4.068421e-02 8.860718e-03 -7.445937e-03) (7.058466e-03 2.244078e-04 -3.131848e-05))
104           	((1.124323e-02 3.327524e-01 1.378707e+01) (7.538747e-04 2.597645e-02 4.761753e-01)) ((-4.260161e-02 9.400488e-03 -8.481652e-03) (6.969857e-03 1.631195e-04 -3.697302e-05))
105           	((2.246545e-02 3.134081e-01 1.375713e+01) (5.965146e-04 2.581656e-02 4.751767e-01)) ((-4.446492e-02 9.883595e-03 -9.099059e-03) (6.882358e-03 9.998977e-05 -4.130873e-05))
106           	((3.602807e-02 2.968218e-01 1.372745e+01) (4.112496e-04 2.564990e-02 4.741918e-01)) ((-4.608165e-02 1.032901e-02 -9.341792e-03) (6.796449e-03 3.741832e-05 -4.557886e-05))
107           	((5.195530e-02 2.831832e-01 1.369831e+01) (2.088919e-04 2.548485e-02 4.731878e-01)) ((-4.732797e-02 1.069462e-02 -9.347037e-03) (6.714063e-03 -2.502897e-05 -5.051838e-05))
108           	((6.966118e-02 2.723325e-01 1.367011e+01) (-7.005703e-06 2.532173e-02 4.721862e-01)) ((-4.812984e-02 1.096095e-02 -9.228828e-03) (6.635115e-03 -8.489612e-05 -5.652802e-05))
109           	((8.812549e-02 2.633932e-01 1.364299e+01) (-2.355515e-04 2.515748e-02 4.711685e-01)) ((-4.844492e-02 1.120079e-02 -8.983226e-03) (6.558181e-03 -1.422588e-04 -6.613872e-05))
110           	((1.064722e-01 2.555213e-01 1.361634e+01) (-4.626302e-04 2.498636e-02 4.701525e-01)) ((-4.832052e-02 1.150307e-02 -8.516850e-03) (6.481064e-03 -1.996260e-04 -7.528053e-05))
111           	((1.243880e-01 2.485293e-01 1.358994e+01) (-6.956827e-04 2.481856e-02 4.691273e-01)) ((-4.787001e-02 1.190889e-02 -7.809170e-03) (6.406309e-03 -2.538541e-04 -8.360830e-05))
112           	((1.419953e-01 2.423981e-01 1.356379e+01) (-9.273557e-04 2.464845e-02 4.680998e-01)) ((-4.714662e-02 1.238222e-02 -6.812620e-03) (6.334331e-03 -3.056162e-04 -9.314213e-05))
113           	((1.593734e-01 2.366157e-01 1.353832e+01) (-1.159851e-03 2.450429e-02 4.670734e-01)) ((-4.619092e-02 1.290665e-02 -5.495089e-03) (6.266148e-03 -3.552982e-04 -1.029367e-04))
114           	((1.766591e-01 2.310736e-01 1.351364e+01) (-1.389734e-03 2.435789e-02 4.660307e-01)) ((-4.502226e-02 1.347415e-02 -3.824214e-03) (6.198615e-03 -4.037547e-04 -1.125323e-04))
115           	((1.941147e-01 2.260747e-01 1.348950e+01) (-1.628191e-03 2.422969e-02 4.650045e-01)) ((-4.368083e-02 1.402092e-02 -1.850490e-03) (6.135499e-03 -4.525006e-04 -1.199399e-04))
116           	((2.117744e-01 2.223589e-01 1.346573e+01) (-1.862723e-03 2.410522e-02 4.639858e-01)) ((-4.221253e-02 1.451182e-02 3.356040e-04) (6.078082e-03 -5.008726e-04 -1.287633e-04))
117           	((2.292237e-01 2.202364e-01 1.344205e+01) (-2.079202e-03 2.400337e-02 4.629718e-01)) ((-4.070795e-02 1.495984e-02 2.640098e-03) (6.023482e-03 -5.452992e-04 -1.354473e-04))
118           	((2.457109e-01 2.194087e-01 1.341806e+01) (-2.300442e-03 2.389540e-02 4.619791e-01)) ((-3.914583e-02 1.543110e-02 4.900762e-03) (5.972620e-03 -5.873111e-04 -1.418234e-04))
119           	((2.605723e-01 2.194723e-01 1.339347e+01) (-2.514777e-03 2.379228e-02 4.609953e-01)) ((-3.748143e-02 1.595428e-02 7.038721e-03) (5.926927e-03 -6.290324e-04 -1.479939e-04))
120           	((2.734281e-01 2.197231e-01 1.336791e+01) (-2.696278e-03 2.368747e-02 4.600205e-01)) ((-3.563548e-02 1.649584e-02 9.003133e-03) (5.885713e-03 -6.721602e-04 -1.554040e-04))
121           	((2.839796e-01 2.195235e-01 1.334137e+01) (-2.859564e-03 2.357706e-02 4.590476e-01)) ((-3.353930e-02 1.700194e-02 1.075172e-02) (5.849310e-03 -7.144567e-04 -1.632811e-04))
122           	((2.918047e-01 2.185647e-01 1.331399e+01) (-3.011873e-03 2.345566e-02 4.580820e-01)) ((-3.114622e-02 1.744940e-02 1.226400e-02) (5.817569e-03 -7.575944e-04 -1.708812e-04))
123           	((2.964100e-01 2.164351e-01 1.328627e+01) (-3.154115e-03 2.333339e-02 4.571331e-01)) ((-2.848661e-02 1.775466e-02 1.352504e-02) (5.791591e-03 -7.995664e-04 -1.783075e-04))
124           	((2.972215e-01 2.122305e-01 1.325901e+01) (-3.274542e-03 2.319919e-02 4.561796e-01)) ((-2.563434e-02 1.784672e-02 1.450668e-02) (5.768568e-03 -8.407715e-04 -1.867015e-04))
125           	((2.941865e-01 2.053364e-01 1.323259e+01) (-3.384485e-03 2.305985e-02 4.552205e-01)) ((-2.272703e-02 1.770828e-02 1.518807e-02) (5.750705e-03 -8.802150e-04 -1.955976e-04))
126           	((2.873192e-01 1.954598e-01 1.320740e+01) (-3.481836e-03 2.290048e-02 4.542712e-01)) ((-1.987434e-02 1.735589e-02 1.550024e-02) (5.735184e-03 -9.185070e-04 -2.029470e-04))
127           	((2.769084e-01 1.826721e-01 1.318370e+01) (-3.573789e-03 2.272726e-02 4.533149e-01)) ((-1.714593e-02 1.681639e-02 1.541838e-02) (5.722954e-03 -9.540417e-04 -2.100459e-04))
128           	((2.631956e-01 1.676695e-01 1.316165e+01) (-3.654899e-03 2.254688e-02 4.523831e-01)) ((-1.458653e-02 1.608732e-02 1.501698e-02) (5.715135e-03 -9.849993e-04 -2.168955e-04))
129           	((2.470040e-01 1.516077e-01 1.314144e+01) (-3.730773e-03 2.235434e-02 4.514337e-01)) ((-1.224497e-02 1.520159e-02 1.440023e-02) (5.709292e-03 -1.013987e-03 -2.219356e-04))
130           	((2.292193e-01 1.356516e-01 1.312273e+01) (-3.797161e-03 2.214097e-02 4.504956e-01)) ((-1.014882e-02 1.420399e-02 1.368677e-02) (5.704102e-03 -1.040974e-03 -2.263433e-04))
131           	((2.101879e-01 1.208704e-01 1.310525e+01) (-3.857578e-03 2.191123e-02 4.495706e-01)) ((-8.280332e-03 1.318448e-02 1.290285e-02) (5.701827e-03 -1.063638e-03 -2.320929e-04))
132           	((1.904683e-01 1.081389e-01 1.308891e+01) (-3.904072e-03 2.167291e-02 4.486611e-01)) ((-6.609867e-03 1.222498e-02 1.199653e-02) (5.700246e-03 -1.084148e-03 -2.376921e-04))
133           	((1.709363e-01 9.793057e-02 1.307390e+01) (-3.940392e-03 2.141563e-02 4.477597e-01)) ((-5.092450e-03 1.141474e-02 1.087084e-02) (5.702687e-03 -1.100124e-03 -2.447155e-04))
134           	((1.526560e-01 9.013938e-02 1.306035e+01) (-3.961705e-03 2.113256e-02 4.468661e-01)) ((-3.695140e-03 1.081821e-02 9.456593e-03) (5.705301e-03 -1.113773e-03 -2.510734e-04))
135           	((1.365504e-01 8.417076e-02 1.304802e+01) (-3.969762e-03 2.082014e-02 4.459955e-01)) ((-2.406886e-03 1.040353e-02 7.754616e-03) (5.710983e-03 -1.123786e-03 -2.564186e-04))
136           	((1.233317e-01 7.960223e-02 1.303688e+01) (-3.956931e-03 2.048905e-02 4.451402e-01)) ((-1.191151e-03 1.012772e-02 5.814146e-03) (5.717505e-03 -1.130471e-03 -2.623188e-04))
137           	((1.135029e-01 7.612700e-02 1.302667e+01) (-3.927149e-03 2.014721e-02 4.443153e-01)) ((-2.827418e-06 9.942869e-03 3.747229e-03) (5.724947e-03 -1.131348e-03 -2.669702e-04))
138           	((1.071065e-01 7.335049e-02 1.301712e+01) (-3.880442e-03 1.979359e-02 4.435274e-01)) ((1.220073e-03 9.829170e-03 1.705553e-03) (5.733481e-03 -1.128405e-03 -2.712129e-04))
139           	((1.036054e-01 7.051260e-02 1.300814e+01) (-3.812489e-03 1.943134e-02 4.427754e-01)) ((2.582331e-03 9.796315e-03 -1.383552e-04) (5.743164e-03 -1.120233e-03 -2.758763e-04))
140           	((1.021965e-01 6.736078e-02 1.299939e+01) (-3.713041e-03 1.906955e-02 4.420613e-01)) ((4.138185e-03 9.789131e-03 -1.620386e-03) (5.753242e-03 -1.106992e-03 -2.820394e-04))
141           	((1.020271e-01 6.433299e-02 1.299076e+01) (-3.603835e-03 1.870909e-02 4.413782e-01)) ((5.919499e-03 9.754942e-03 -2.639242e-03) (5.764520e-03 -1.089976e-03 -2.875811e-04))
142           	((1.021442e-01 6.238434e-02 1.298215e+01) (-3.480869e-03 1.835679e-02 4.407229e-01)) ((7.911764e-03 9.636963e-03 -3.170644e-03) (5.774618e-03 -1.072351e-03 -2.915358e-04))
143           	((1.014848e-01 6.213430e-02 1.297367e+01) (-3.353129e-03 1.802087e-02 4.401119e-01)) ((1.007954e-02 9.436118e-03 -3.251324e-03) (5.788804e-03 -1.052444e-03 -2.976108e-04))
144           	((9.916763e-02 6.362170e-02 1.296526e+01) (-3.210374e-03 1.770028e-02 4.395405e-01)) ((1.238098e-02 9.117003e-03 -2.952265e-03) (5.803512e-03 -1.032218e-03 -3.021939e-04))
145           	((9.478272e-02 6.740123e-02 1.295687e+01) (-3.061270e-03 1.739409e-02 4.390202e-01)) ((1.477049e-02 8.683507e-03 -2.303539e-03) (5.821692e-03 -1.011190e-03 -3.064724e-04))
146           	((8.854452e-02 7.392789e-02 1.294870e+01) (-2.902446e-03 1.711278e-02 4.385358e-01)) ((1.721330e-02 8.185065e-03 -1.373433e-03) (5.839064e-03 -9.891861e-04 -3.107483e-04))
147           	((8.073028e-02 8.321870e-02 1.294068e+01) (-2.741326e-03 1.685407e-02 4.380889e-01)) ((1.963081e-02 7.683635e-03 -2.173088e-04) (5.856257e-03 -9.674395e-04 -3.140824e-04))
148           	((7.170210e-02 9.574152e-02 1.293274e+01) (-2.560797e-03 1.662698e-02 4.376857e-01)) ((2.192912e-02 7.232658e-03 1.180724e-03) (5.875328e-03 -9.445244e-04 -3.199419e-04))
149           	((6.197114e-02 1.113074e-01 1.292464e+01) (-2.364147e-03 1.643044e-02 4.372976e-01)) ((2.403485e-02 6.845510e-03 2.797790e-03) (5.894629e-03 -9.220682e-04 -3.244826e-04))
150           	((5.172175e-02 1.290900e-01 1.291594e+01) (-2.154004e-03 1.625686e-02 4.369162e-01)) ((2.589547e-02 6.493038e-03 4.560756e-03) (5.911626e-03 -9.022849e-04 -3.274546e-04))
151           	((4.111598e-02 1.486895e-01 1.290651e+01) (-1.934738e-03 1.612878e-02 4.365313e-01)) ((2.750529e-02 6.093024e-03 6.443883e-03) (5.928107e-03 -8.832883e-04 -3.292065e-04))
152           	((3.040158e-02 1.694569e-01 1.289616e+01) (-1.703079e-03 1.602061e-02 4.361649e-01)) ((2.889376e-02 5.599987e-03 8.406975e-03) (5.943688e-03 -8.654641e-04 -3.295476e-04))
153           	((1.951459e-02 1.910665e-01 1.288512e+01) (-1.468297e-03 1.595347e-02 4.358009e-01)) ((3.010635e-02 5.061595e-03 1.037018e-02) (5.959190e-03 -8.465946e-04 -3.293025e-04))
154           	((8.366060e-03 2.131788e-01 1.287387e+01) (-1.229262e-03 1.590225e-02 4.354265e-01)) ((3.118755e-02 4.507286e-03 1.225648e-02) (5.973084e-03 -8.315915e-04 -3.287679e-04))
155           	((-2.950494e-03 2.353019e-01 1.286268e+01) (-9.895067e-04 1.587705e-02 4.350460e-01)) ((3.216712e-02 3.941691e-03 1.396427e-02) (5.985738e-03 -8.161674e-04 -3.268187e-04))
156           	((-1.437943e-02 2.572469e-01 1.285196e+01) (-7.525244e-04 1.587471e-02 4.346701e-01)) ((3.306067e-02 3.372912e-03 1.540814e-02) (5.996228e-03 -8.009526e-04 -3.240250e-04))
157           	((-2.564866e-02 2.794023e-01 1.284202e+01) (-5.290088e-04 1.590642e-02 4.342915e-01)) ((3.384188e-02 2.764839e-03 1.654167e-02) (6.004505e-03 -7.867473e-04 -3.197998e-04))
158           	((-3.640562e-02 3.024415e-01 1.283325e+01) (-3.133020e-04 1.596070e-02 4.339219e-01)) ((3.446453e-02 2.162622e-03 1.735057e-02) (6.011918e-03 -7.704248e-04 -3.158678e-04))
159           	((-4.593453e-02 3.266867e-01 1.282587e+01) (-1.189647e-04 1.603473e-02 4.335422e-01)) ((3.486619e-02 1.635951e-03 1.783564e-02) (6.016190e-03 -7.561732e-04 -3.105839e-04))
160           	((-5.356346e-02 3.522585e-01 1.281973e+01) (6.099290e-05 1.612589e-02 4.331593e-01)) ((3.497692e-02 1.201674e-03 1.799212e-02) (6.018285e-03 -7.432346e-04 -3.038626e-04))
161           	((-5.911778e-02 3.789678e-01 1.281473e+01) (2.154603e-04 1.622826e-02 4.327698e-01)) ((3.476970e-02 8.535660e-04 1.783049e-02) (6.019949e-03 -7.304885e-04 -2.977972e-04))
162           	((-6.277256e-02 4.067693e-01 1.281048e+01) (3.511303e-04 1.633378e-02 4.323823e-01)) ((3.420063e-02 5.495392e-04 1.744107e-02) (6.018855e-03 -7.184954e-04 -2.907295e-04))
163           	((-6.478507e-02 4.359828e-01 1.280666e+01) (4.711988e-04 1.645483e-02 4.320018e-01)) ((3.324425e-02 2.928297e-04 1.690088e-02) (6.018564e-03 -7.047185e-04 -2.848040e-04))
164           	((-6.536999e-02 4.665260e-01 1.280288e+01) (5.775103e-04 1.657138e-02 4.315974e-01)) ((3.196863e-02 8.967698e-05 1.622299e-02) (6.016480e-03 -6.921060e-04 -2.793883e-04))
165           	((-6.476708e-02 4.978865e-01 1.279881e+01) (6.621807e-04 1.668531e-02 4.311986e-01)) ((3.049318e-02 -9.249520e-05 1.543469e-02) (6.014734e-03 -6.800426e-04 -2.739530e-04))
166           	((-6.314990e-02 5.295723e-01 1.279459e+01) (7.377292e-04 1.679184e-02 4.307934e-01)) ((2.893515e-02 -2.492638e-04 1.456307e-02) (6.010404e-03 -6.699914e-04 -2.697313e-04))
167           	((-6.058647e-02 5.612956e-01 1.279022e+01) (7.908909e-04 1.689230e-02 4.303828e-01)) ((2.737631e-02 -3.669147e-04 1.363160e-02) (6.005066e-03 -6.587286e-04 -2.658190e-04))
168           	((-5.729699e-02 5.929303e-01 1.278592e+01) (8.288844e-04 1.699295e-02 4.299718e-01)) ((2.584438e-02 -4.182022e-04 1.265481e-02) (5.998035e-03 -6.484461e-04 -2.610037e-04))
169           	((-5.362837e-02 6.244838e-01 1.278165e+01) (8.565763e-04 1.709180e-02 4.295436e-01)) ((2.432744e-02 -3.797360e-04 1.170843e-02) (5.989717e-03 -6.394882e-04 -2.571434e-04))
170           	((-4.992051e-02 6.559510e-01 1.277706e+01) (8.595974e-04 1.717355e-02 4.291050e-01)) ((2.280418e-02 -2.241357e-04 1.087923e-02) (5.980192e-03 -6.316143e-04 -2.528911e-04))
171           	((-4.651099e-02 6.869848e-01 1.277185e+01) (8.468555e-04 1.725182e-02 4.286719e-01)) ((2.130097e-02 6.165903e-05 1.023526e-02) (5.968865e-03 -6.245082e-04 -2.486964e-04))
172           	((-4.328590e-02 7.169401e-01 1.276580e+01) (8.197954e-04 1.732268e-02 4.282387e-01)) ((1.981878e-02 4.343380e-04 9.800256e-03) (5.956310e-03 -6.208698e-04 -2.444054e-04))
173           	((-4.023452e-02 7.452197e-01 1.275891e+01) (7.790602e-04 1.738736e-02 4.278304e-01)) ((1.839041e-02 8.715221e-04 9.560362e-03) (5.945342e-03 -6.177094e-04 -2.423234e-04))
174           	((-3.714863e-02 7.715467e-01 1.275116e+01) (7.265336e-04 1.744732e-02 4.274315e-01)) ((1.704638e-02 1.391416e-03 9.496161e-03) (5.930958e-03 -6.199112e-04 -2.391056e-04))
175           	((-3.382460e-02 7.956246e-01 1.274246e+01) (6.742969e-04 1.750285e-02 4.270407e-01)) ((1.580748e-02 1.973071e-03 9.578636e-03) (5.916590e-03 -6.253510e-04 -2.362977e-04))
176           	((-3.024993e-02 8.172716e-01 1.273276e+01) (6.195223e-04 1.754252e-02 4.266651e-01)) ((1.471331e-02 2.625132e-03 9.765372e-03) (5.901745e-03 -6.328429e-04 -2.335891e-04))
177           	((-2.636584e-02 8.366158e-01 1.272236e+01) (5.542574e-04 1.757291e-02 4.263222e-01)) ((1.374868e-02 3.337033e-03 1.001399e-02) (5.889750e-03 -6.412428e-04 -2.304403e-04))
178           	((-2.210688e-02 8.537565e-01 1.271159e+01) (4.869677e-04 1.760884e-02 4.259977e-01)) ((1.288943e-02 4.147464e-03 1.029977e-02) (5.876339e-03 -6.537410e-04 -2.282884e-04))
179           	((-1.719811e-02 8.687172e-01 1.270063e+01) (4.102175e-04 1.763811e-02 4.256879e-01)) ((1.212128e-02 5.049482e-03 1.062675e-02) (5.864262e-03 -6.678835e-04 -2.255723e-04))
180           	((-1.131837e-02 8.814114e-01 1.268969e+01) (3.279245e-04 1.766292e-02 4.254136e-01)) ((1.143587e-02 6.024016e-03 1.100555e-02) (5.852792e-03 -6.850080e-04 -2.210582e-04))
181           	((-4.477131e-03 8.921112e-01 1.267903e+01) (2.374787e-04 1.770207e-02 4.251539e-01)) ((1.079442e-02 7.076885e-03 1.140703e-02) (5.841583e-03 -7.054159e-04 -2.173643e-04))
182           	((3.191552e-03 9.009129e-01 1.266866e+01) (1.264721e-04 1.773909e-02 4.249376e-01)) ((1.017000e-02 8.178848e-03 1.179329e-02) (5.829942e-03 -7.294024e-04 -2.123146e-04))
183           	((1.125898e-02 9.080492e-01 1.265892e+01) (1.890802e-06 1.778721e-02 4.247461e-01)) ((9.577995e-03 9.331479e-03 1.214563e-02) (5.820069e-03 -7.535620e-04 -2.067605e-04))
184           	((1.949213e-02 9.134145e-01 1.264976e+01) (-1.312559e-04 1.784369e-02 4.245630e-01)) ((9.036344e-03 1.047058e-02 1.249969e-02) (5.808620e-03 -7.822374e-04 -1.998691e-04))
185           	((2.769913e-02 9.174467e-01 1.264124e+01) (-2.765811e-04 1.790504e-02 4.244094e-01)) ((8.586150e-03 1.156976e-02 1.289043e-02) (5.800579e-03 -8.126353e-04 -1.934609e-04))
186           	((3.594798e-02 9.204880e-01 1.263328e+01) (-4.263951e-04 1.796604e-02 4.242559e-01)) ((8.257485e-03 1.258571e-02 1.333668e-02) (5.789535e-03 -8.479376e-04 -1.860842e-04))
187           	((4.416241e-02 9.227636e-01 1.262592e+01) (-5.798160e-04 1.804542e-02 4.241226e-01)) ((8.086769e-03 1.353114e-02 1.379867e-02) (5.779307e-03 -8.823946e-04 -1.795194e-04))
188           	((5.232287e-02 9.242802e-01 1.261909e+01) (-7.260578e-04 1.813167e-02 4.239975e-01)) ((8.059031e-03 1.444127e-02 1.425568e-02) (5.767358e-03 -9.176693e-04 -1.718397e-04))
189           	((6.053777e-02 9.247550e-01 1.261262e+01) (-8.777512e-04 1.822137e-02 4.238931e-01)) ((8.123174e-03 1.534230e-02 1.466805e-02) (5.755322e-03 -9.531315e-04 -1.643434e-04))
190           	((6.867029e-02 9.240407e-01 1.260648e+01) (-1.019013e-03 1.830967e-02 4.238001e-01)) ((8.226083e-03 1.625289e-02 1.501126e-02) (5.742794e-03 -9.907814e-04 -1.565661e-04))
191           	((7.657815e-02 9.219647e-01 1.260053e+01) (-1.161067e-03 1.838993e-02 4.237166e-01)) ((8.345683e-03 1.717268e-02 1.525669e-02) (5.730789e-03 -1.025276e-03 -1.493777e-04))
192           	((8.404899e-02 9.183646e-01 1.259472e+01) (-1.291670e-03 1.847736e-02 4.236473e-01)) ((8.486258e-03 1.812356e-02 1.538807e-02) (5.719842e-03 -1.056354e-03 -1.421544e-04))
193           	((9.085799e-02 9.132547e-01 1.258904e+01) (-1.415732e-03 1.855418e-02 4.235636e-01)) ((8.679398e-03 1.910463e-02 1.538299e-02) (5.709068e-03 -1.085941e-03 -1.369850e-04))
194           	((9.713848e-02 9.065797e-01 1.258327e+01) (-1.526558e-03 1.861393e-02 4.234846e-01)) ((8.936779e-03 2.006983e-02 1.526288e-02) (5.698734e-03 -1.113351e-03 -1.324407e-04))
195           	((1.029590e-01 8.985903e-01 1.257749e+01) (-1.635151e-03 1.866180e-02 4.233930e-01)) ((9.263343e-03 2.097996e-02 1.504836e-02) (5.689413e-03 -1.137064e-03 -1.282092e-04))
196           	((1.083804e-01 8.896660e-01 1.257184e+01) (-1.736697e-03 1.868459e-02 4.232960e-01)) ((9.649576e-03 2.178430e-02 1.475772e-02) (5.680806e-03 -1.157030e-03 -1.244165e-04))
197           	((1.133871e-01 8.800983e-01 1.256634e+01) (-1.832132e-03 1.869437e-02 4.231922e-01)) ((1.010061e-02 2.245073e-02 1.437179e-02) (5.673642e-03 -1.174311e-03 -1.236486e-04))
198           	((1.177149e-01 8.704536e-01 1.256121e+01) (-1.913779e-03 1.867951e-02 4.230890e-01)) ((1.062530e-02 2.296097e-02 1.389314e-02) (5.667632e-03 -1.188202e-03 -1.237412e-04))
199           	((1.210240e-01 8.611274e-01 1.255643e+01) (-1.987305e-03 1.864947e-02 4.229825e-01)) ((1.121377e-02 2.328257e-02 1.334799e-02) (5.663593e-03 -1.201347e-03 -1.255324e-04))
200           	((1.231141e-01 8.521554e-01 1.255200e+01) (-2.055886e-03 1.859742e-02 4.228716e-01)) ((1.184525e-02 2.337864e-02 1.274368e-02) (5.659641e-03 -1.211749e-03 -1.288820e-04))
201           	((1.238923e-01 8.435788e-01 1.254796e+01) (-2.128772e-03 1.853448e-02 4.227525e-01)) ((1.250854e-02 2.321175e-02 1.208191e-02) (5.655888e-03 -1.220951e-03 -1.341490e-04))
202           	((1.234380e-01 8.353320e-01 1.254451e+01) (-2.193836e-03 1.845711e-02 4.226336e-01)) ((1.320986e-02 2.276135e-02 1.136797e-02) (5.651029e-03 -1.228587e-03 -1.400310e-04))
203           	((1.215827e-01 8.271409e-01 1.254175e+01) (-2.255875e-03 1.837045e-02 4.225187e-01)) ((1.398361e-02 2.206857e-02 1.059574e-02) (5.648235e-03 -1.235364e-03 -1.492600e-04))
204           	((1.182198e-01 8.185348e-01 1.253937e+01) (-2.320576e-03 1.827171e-02 4.223964e-01)) ((1.482741e-02 2.115339e-02 9.773594e-03) (5.645650e-03 -1.239930e-03 -1.579335e-04))
205           	((1.133270e-01 8.092574e-01 1.253706e+01) (-2.369542e-03 1.816697e-02 4.222588e-01)) ((1.570896e-02 2.001904e-02 8.886569e-03) (5.642648e-03 -1.244206e-03 -1.690894e-04))
206           	((1.069376e-01 7.996255e-01 1.253486e+01) (-2.421539e-03 1.805673e-02 4.221239e-01)) ((1.660012e-02 1.868278e-02 7.947819e-03) (5.639771e-03 -1.247611e-03 -1.805613e-04))
207           	((9.903427e-02 7.899148e-01 1.253272e+01) (-2.477947e-03 1.794237e-02 4.219890e-01)) ((1.750587e-02 1.716991e-02 7.004454e-03) (5.636205e-03 -1.251706e-03 -1.930103e-04))
208           	((8.958251e-02 7.804031e-01 1.253088e+01) (-2.530087e-03 1.783855e-02 4.218446e-01)) ((1.845759e-02 1.557570e-02 6.106160e-03) (5.632650e-03 -1.255386e-03 -2.054255e-04))
209           	((7.849563e-02 7.712147e-01 1.252943e+01) (-2.583897e-03 1.774440e-02 4.216872e-01)) ((1.947986e-02 1.393733e-02 5.317149e-03) (5.629776e-03 -1.258766e-03 -2.196105e-04))
210           	((6.650496e-02 7.621933e-01 1.252825e+01) (-2.643401e-03 1.763323e-02 4.215250e-01)) ((2.058101e-02 1.230397e-02 4.638119e-03) (5.626439e-03 -1.263091e-03 -2.313090e-04))
211           	((5.454794e-02 7.530555e-01 1.252740e+01) (-2.693377e-03 1.753312e-02 4.213467e-01)) ((2.175405e-02 1.071334e-02 4.035950e-03) (5.622627e-03 -1.268562e-03 -2.438961e-04))
212           	((4.351053e-02 7.436335e-01 1.252698e+01) (-2.736213e-03 1.742623e-02 4.211327e-01)) ((2.300025e-02 9.195073e-03 3.477381e-03) (5.616848e-03 -1.270472e-03 -2.561688e-04))
213           	((3.396711e-02 7.338843e-01 1.252713e+01) (-2.777421e-03 1.733155e-02 4.209126e-01)) ((2.429618e-02 7.800568e-03 2.955525e-03) (5.611456e-03 -1.270266e-03 -2.669232e-04))
214           	((2.622089e-02 7.238403e-01 1.252795e+01) (-2.802369e-03 1.723725e-02 4.206678e-01)) ((2.561722e-02 6.602230e-03 2.446768e-03) (5.604192e-03 -1.269893e-03 -2.775392e-04))
215           	((2.054516e-02 7.135785e-01 1.252918e+01) (-2.819786e-03 1.713818e-02 4.204021e-01)) ((2.694087e-02 5.609872e-03 1.942222e-03) (5.598414e-03 -1.268482e-03 -2.889884e-04))
216           	((1.704007e-02 7.033139e-01 1.253075e+01) (-2.832437e-03 1.702921e-02 4.201021e-01)) ((2.826769e-02 4.834696e-03 1.441255e-03) (5.590241e-03 -1.264196e-03 -2.974193e-04))
217           	((1.574705e-02 6.931347e-01 1.253255e+01) (-2.837218e-03 1.692272e-02 4.197772e-01)) ((2.962577e-02 4.287209e-03 9.743053e-04) (5.581446e-03 -1.257574e-03 -3.046506e-04))
218           	((1.629520e-02 6.830108e-01 1.253469e+01) (-2.831360e-03 1.681542e-02 4.194431e-01)) ((3.106813e-02 3.994431e-03 5.529654e-04) (5.573106e-03 -1.249931e-03 -3.118678e-04))
219           	((1.810861e-02 6.727549e-01 1.253709e+01) (-2.807943e-03 1.670331e-02 4.191064e-01)) ((3.263161e-02 3.940139e-03 1.751734e-04) (5.565900e-03 -1.240480e-03 -3.171114e-04))
220           	((2.072375e-02 6.619719e-01 1.253950e+01) (-2.776346e-03 1.659303e-02 4.187466e-01)) ((3.432769e-02 4.088314e-03 -1.111017e-04) (5.557126e-03 -1.229373e-03 -3.198047e-04))
221           	((2.394198e-02 6.505279e-01 1.254181e+01) (-2.728706e-03 1.647653e-02 4.183831e-01)) ((3.610717e-02 4.413868e-03 -2.726241e-04) (5.551099e-03 -1.215167e-03 -3.232453e-04))
222           	((2.775157e-02 6.386077e-01 1.254394e+01) (-2.673504e-03 1.635124e-02 4.180121e-01)) ((3.789453e-02 4.889599e-03 -3.112833e-04) (5.544446e-03 -1.200260e-03 -3.228336e-04))
223           	((3.205738e-02 6.265613e-01 1.254582e+01) (-2.607769e-03 1.623212e-02 4.176447e-01)) ((3.960902e-02 5.470244e-03 -2.676847e-04) (5.539683e-03 -1.186711e-03 -3.225337e-04))
224           	((3.672135e-02 6.146847e-01 1.254744e+01) (-2.534419e-03 1.612013e-02 4.172622e-01)) ((4.122721e-02 6.124363e-03 -1.571850e-04) (5.535670e-03 -1.171059e-03 -3.221912e-04))
225           	((4.163191e-02 6.032216e-01 1.254858e+01) (-2.449193e-03 1.601266e-02 4.168849e-01)) ((4.270789e-02 6.806232e-03 -1.036806e-05) (5.532193e-03 -1.153571e-03 -3.204004e-04))
226           	((4.641844e-02 5.931340e-01 1.254921e+01) (-2.358265e-03 1.590294e-02 4.165024e-01)) ((4.399340e-02 7.485422e-03 1.972927e-04) (5.526592e-03 -1.137579e-03 -3.178206e-04))
227           	((5.081145e-02 5.848082e-01 1.254935e+01) (-2.266588e-03 1.580158e-02 4.161211e-01)) ((4.501899e-02 8.153368e-03 4.457095e-04) (5.522805e-03 -1.121603e-03 -3.149124e-04))
228           	((5.446591e-02 5.788953e-01 1.254915e+01) (-2.176082e-03 1.570509e-02 4.157338e-01)) ((4.577682e-02 8.826683e-03 7.425515e-04) (5.517067e-03 -1.104423e-03 -3.096601e-04))
229           	((5.699451e-02 5.752554e-01 1.254866e+01) (-2.085876e-03 1.561463e-02 4.153566e-01)) ((4.627598e-02 9.530773e-03 1.063446e-03) (5.513425e-03 -1.087461e-03 -3.045672e-04))
230           	((5.829977e-02 5.738114e-01 1.254791e+01) (-1.994777e-03 1.552605e-02 4.149697e-01)) ((4.650994e-02 1.025854e-02 1.410531e-03) (5.508486e-03 -1.073039e-03 -2.982207e-04))
231           	((5.873223e-02 5.750609e-01 1.254705e+01) (-1.902542e-03 1.543979e-02 4.145998e-01)) ((4.648535e-02 1.099080e-02 1.764436e-03) (5.504312e-03 -1.057944e-03 -2.906996e-04))
232           	((5.858448e-02 5.790071e-01 1.254625e+01) (-1.805782e-03 1.535669e-02 4.142259e-01)) ((4.620151e-02 1.173532e-02 2.118406e-03) (5.499415e-03 -1.042708e-03 -2.821942e-04))
233           	((5.812288e-02 5.856570e-01 1.254574e+01) (-1.706752e-03 1.529486e-02 4.138825e-01)) ((4.565814e-02 1.251325e-02 2.469878e-03) (5.497548e-03 -1.024570e-03 -2.759571e-04))
234           	((5.745575e-02 5.947723e-01 1.254569e+01) (-1.608541e-03 1.523485e-02 4.135422e-01)) ((4.487529e-02 1.334948e-02 2.760611e-03) (5.495158e-03 -1.009046e-03 -2.680509e-04))
235           	((5.665324e-02 6.060718e-01 1.254590e+01) (-1.512479e-03 1.517976e-02 4.132019e-01)) ((4.386389e-02 1.419776e-02 3.022941e-03) (5.493691e-03 -9.923649e-04 -2.611333e-04))
236           	((5.593441e-02 6.192355e-01 1.254623e+01) (-1.417946e-03 1.513947e-02 4.128701e-01)) ((4.265709e-02 1.501569e-02 3.253551e-03) (5.492733e-03 -9.757830e-04 -2.554903e-04))
237           	((5.556025e-02 6.341160e-01 1.254660e+01) (-1.328855e-03 1.510412e-02 4.125501e-01)) ((4.128389e-02 1.575472e-02 3.466337e-03) (5.492180e-03 -9.583375e-04 -2.499491e-04))
238           	((5.549792e-02 6.505525e-01 1.254695e+01) (-1.244304e-03 1.508380e-02 4.122392e-01)) ((3.978195e-02 1.640873e-02 3.674976e-03) (5.490761e-03 -9.410540e-04 -2.441576e-04))
239           	((5.559021e-02 6.683697e-01 1.254715e+01) (-1.168766e-03 1.507563e-02 4.119361e-01)) ((3.816600e-02 1.701440e-02 3.897304e-03) (5.490395e-03 -9.232046e-04 -2.400846e-04))
240           	((5.580437e-02 6.874379e-01 1.254698e+01) (-1.100713e-03 1.507047e-02 4.116396e-01)) ((3.643439e-02 1.757840e-02 4.125298e-03) (5.489085e-03 -9.065662e-04 -2.349706e-04))
241           	((5.599619e-02 7.075658e-01 1.254634e+01) (-1.042672e-03 1.506479e-02 4.113512e-01)) ((3.457367e-02 1.808524e-02 4.346907e-03) (5.488405e-03 -8.896316e-04 -2.308118e-04))
242           	((5.607706e-02 7.283930e-01 1.254529e+01) (-9.961375e-04 1.505846e-02 4.110748e-01)) ((3.258550e-02 1.850751e-02 4.519864e-03) (5.487139e-03 -8.749064e-04 -2.272234e-04))
243           	((5.572176e-02 7.498191e-01 1.254400e+01) (-9.589093e-04 1.506598e-02 4.108225e-01)) ((3.047358e-02 1.884869e-02 4.631759e-03) (5.486346e-03 -8.601751e-04 -2.256858e-04))
244           	((5.464313e-02 7.715562e-01 1.254252e+01) (-9.283146e-04 1.507687e-02 4.105733e-01)) ((2.826301e-02 1.913670e-02 4.680402e-03) (5.484639e-03 -8.466274e-04 -2.250361e-04))
245           	((5.281074e-02 7.935080e-01 1.254074e+01) (-9.020179e-04 1.509349e-02 4.103223e-01)) ((2.597095e-02 1.938477e-02 4.662222e-03) (5.482903e-03 -8.327380e-04 -2.264134e-04))
246           	((5.052299e-02 8.156201e-01 1.253871e+01) (-8.872894e-04 1.510408e-02 4.100920e-01)) ((2.362052e-02 1.960657e-02 4.565191e-03) (5.480270e-03 -8.213251e-04 -2.283329e-04))
247           	((4.832250e-02 8.379848e-01 1.253642e+01) (-8.764612e-04 1.511503e-02 4.098602e-01)) ((2.124356e-02 1.981456e-02 4.375269e-03) (5.476363e-03 -8.072413e-04 -2.316807e-04))
248           	((4.640785e-02 8.608326e-01 1.253395e+01) (-8.737764e-04 1.512945e-02 4.096440e-01)) ((1.887608e-02 2.003459e-02 4.099666e-03) (5.472427e-03 -7.940782e-04 -2.353097e-04))
249           	((4.478558e-02 8.841550e-01 1.253144e+01) (-8.825965e-04 1.514545e-02 4.094428e-01)) ((1.657003e-02 2.031739e-02 3.739048e-03) (5.468391e-03 -7.814535e-04 -2.397942e-04))
250           	((4.345241e-02 9.076759e-01 1.252864e+01) (-8.987389e-04 1.515534e-02 4.092516e-01)) ((1.437899e-02 2.067131e-02 3.341823e-03) (5.462840e-03 -7.705449e-04 -2.431281e-04))
251           	((4.250787e-02 9.310670e-01 1.252551e+01) (-9.230324e-04 1.517076e-02 4.090628e-01)) ((1.233798e-02 2.109559e-02 2.924132e-03) (5.455782e-03 -7.608630e-04 -2.476530e-04))
252           	((4.217107e-02 9.536727e-01 1.252210e+01) (-9.586738e-04 1.517542e-02 4.089094e-01)) ((1.047615e-02 2.157373e-02 2.458256e-03) (5.449157e-03 -7.536731e-04 -2.498600e-04))
253           	((4.220818e-02 9.749985e-01 1.251853e+01) (-9.954276e-04 1.518597e-02 4.087561e-01)) ((8.805258e-03 2.210299e-02 1.921841e-03) (5.441387e-03 -7.459047e-04 -2.523272e-04))
254           	((4.241464e-02 9.943809e-01 1.251468e+01) (-1.040882e-03 1.519400e-02 4.086021e-01)) ((7.324108e-03 2.264534e-02 1.348171e-03) (5.433812e-03 -7.402851e-04 -2.538752e-04))
255           	((4.260210e-02 1.011265e+00 1.251041e+01) (-1.092674e-03 1.520018e-02 4.084689e-01)) ((6.055491e-03 2.316022e-02 8.141899e-04) (5.425503e-03 -7.351877e-04 -2.548781e-04))
256           	((4.278967e-02 1.025039e+00 1.250588e+01) (-1.153736e-03 1.520209e-02 4.083403e-01)) ((5.044960e-03 2.362392e-02 3.587467e-04) (5.416451e-03 -7.316233e-04 -2.535982e-04))
257           	((4.300859e-02 1.035538e+00 1.250129e+01) (-1.223420e-03 1.520673e-02 4.082220e-01)) ((4.321551e-03 2.402159e-02 8.928170e-06) (5.406747e-03 -7.281951e-04 -2.530562e-04))
258           	((4.336920e-02 1.042858e+00 1.249707e+01) (-1.300284e-03 1.521204e-02 4.081392e-01)) ((3.881647e-03 2.437208e-02 -2.840219e-04) (5.396810e-03 -7.258348e-04 -2.512164e-04))
259           	((4.395460e-02 1.047140e+00 1.249329e+01) (-1.378166e-03 1.521993e-02 4.080596e-01)) ((3.687513e-03 2.465734e-02 -5.531098e-04) (5.385439e-03 -7.231085e-04 -2.495703e-04))
260           	((4.470362e-02 1.048751e+00 1.248997e+01) (-1.452558e-03 1.521939e-02 4.079916e-01)) ((3.689479e-03 2.485432e-02 -7.925458e-04) (5.373627e-03 -7.202147e-04 -2.471889e-04))
261           	((4.544469e-02 1.048264e+00 1.248700e+01) (-1.524914e-03 1.521368e-02 4.079511e-01)) ((3.848417e-03 2.495201e-02 -9.789671e-04) (5.362287e-03 -7.179213e-04 -2.452708e-04))
262           	((4.605522e-02 1.046248e+00 1.248422e+01) (-1.581970e-03 1.519762e-02 4.079124e-01)) ((4.119481e-03 2.494554e-02 -1.078612e-03) (5.348564e-03 -7.155341e-04 -2.424604e-04))
263           	((4.626534e-02 1.043285e+00 1.248161e+01) (-1.624733e-03 1.519158e-02 4.079052e-01)) ((4.469485e-03 2.486967e-02 -1.080896e-03) (5.336809e-03 -7.123302e-04 -2.404198e-04))
264           	((4.596224e-02 1.039735e+00 1.247898e+01) (-1.664596e-03 1.517717e-02 4.079111e-01)) ((4.890110e-03 2.474909e-02 -9.992791e-04) (5.324784e-03 -7.106185e-04 -2.375206e-04))
265           	((4.518472e-02 1.035760e+00 1.247606e+01) (-1.694460e-03 1.515279e-02 4.079160e-01)) ((5.375934e-03 2.454425e-02 -8.756959e-04) (5.312516e-03 -7.082376e-04 -2.340801e-04))
266           	((4.400595e-02 1.031422e+00 1.247285e+01) (-1.714601e-03 1.512319e-02 4.079281e-01)) ((5.929151e-03 2.421099e-02 -7.024169e-04) (5.300478e-03 -7.058354e-04 -2.313197e-04))
267           	((4.273795e-02 1.026330e+00 1.246944e+01) (-1.724278e-03 1.508844e-02 4.079466e-01)) ((6.556453e-03 2.373889e-02 -4.665145e-04) (5.288272e-03 -7.018380e-04 -2.282382e-04))
268           	((4.126459e-02 1.020101e+00 1.246601e+01) (-1.715265e-03 1.505202e-02 4.079717e-01)) ((7.262792e-03 2.318057e-02 -1.487740e-04) (5.277175e-03 -6.953898e-04 -2.252534e-04))
269           	((3.944516e-02 1.012599e+00 1.246279e+01) (-1.693195e-03 1.501226e-02 4.079962e-01)) ((8.059724e-03 2.260979e-02 2.508904e-04) (5.267515e-03 -6.886078e-04 -2.235501e-04))
270           	((3.731373e-02 1.003670e+00 1.245973e+01) (-1.662468e-03 1.496639e-02 4.080085e-01)) ((8.947354e-03 2.206550e-02 7.021516e-04) (5.256276e-03 -6.806448e-04 -2.205301e-04))
271           	((3.511997e-02 9.935333e-01 1.245692e+01) (-1.607220e-03 1.492131e-02 4.080172e-01)) ((9.939027e-03 2.157414e-02 1.164163e-03) (5.245666e-03 -6.717278e-04 -2.195131e-04))
272           	((3.312750e-02 9.822848e-01 1.245446e+01) (-1.536517e-03 1.487108e-02 4.080312e-01)) ((1.102323e-02 2.118342e-02 1.637186e-03) (5.234437e-03 -6.617846e-04 -2.183926e-04))
273           	((3.153407e-02 9.702235e-01 1.245239e+01) (-1.457009e-03 1.482606e-02 4.080327e-01)) ((1.220939e-02 2.094625e-02 2.057443e-03) (5.223751e-03 -6.495335e-04 -2.165225e-04))
274           	((3.047592e-02 9.576088e-01 1.245057e+01) (-1.356236e-03 1.478014e-02 4.080334e-01)) ((1.349996e-02 2.087040e-02 2.364113e-03) (5.212107e-03 -6.362808e-04 -2.150211e-04))
275           	((3.009921e-02 9.446488e-01 1.244890e+01) (-1.245825e-03 1.473440e-02 4.080228e-01)) ((1.489821e-02 2.092885e-02 2.553667e-03) (5.201522e-03 -6.207970e-04 -2.127991e-04))
276           	((3.040701e-02 9.314195e-01 1.244757e+01) (-1.132215e-03 1.469156e-02 4.080184e-01)) ((1.639181e-02 2.111861e-02 2.664166e-03) (5.190402e-03 -6.066712e-04 -2.100325e-04))
277           	((3.117726e-02 9.180934e-01 1.244661e+01) (-1.007387e-03 1.465115e-02 4.079996e-01)) ((1.795111e-02 2.142862e-02 2.762440e-03) (5.179875e-03 -5.891697e-04 -2.077763e-04))
278           	((3.210318e-02 9.048238e-01 1.244619e+01) (-8.768696e-04 1.461593e-02 4.079742e-01)) ((1.955183e-02 2.189799e-02 2.867595e-03) (5.169771e-03 -5.723044e-04 -2.070801e-04))
279           	((3.331642e-02 8.915351e-01 1.244602e+01) (-7.439058e-04 1.458144e-02 4.079432e-01)) ((2.115105e-02 2.251239e-02 2.967813e-03) (5.159976e-03 -5.550727e-04 -2.062603e-04))
280           	((3.471145e-02 8.783402e-01 1.244595e+01) (-6.094967e-04 1.455332e-02 4.078977e-01)) ((2.268471e-02 2.324764e-02 3.055170e-03) (5.148404e-03 -5.396678e-04 -2.047705e-04))
281           	((3.641891e-02 8.658208e-01 1.244595e+01) (-4.767827e-04 1.453323e-02 4.078513e-01)) ((2.409365e-02 2.406975e-02 3.123305e-03) (5.139570e-03 -5.245120e-04 -2.060340e-04))
282           	((3.863988e-02 8.546716e-01 1.244598e+01) (-3.553597e-04 1.451291e-02 4.077911e-01)) ((2.531349e-02 2.494970e-02 3.129780e-03) (5.129952e-03 -5.101491e-04 -2.065775e-04))
283           	((4.137099e-02 8.452747e-01 1.244604e+01) (-2.367460e-04 1.450648e-02 4.077197e-01)) ((2.630541e-02 2.588969e-02 3.066508e-03) (5.120240e-03 -4.970257e-04 -2.091125e-04))
284           	((4.462232e-02 8.378041e-01 1.244588e+01) (-1.276240e-04 1.449599e-02 4.076463e-01)) ((2.703949e-02 2.684327e-02 2.953975e-03) (5.113010e-03 -4.849065e-04 -2.119237e-04))
285           	((4.855827e-02 8.322292e-01 1.244546e+01) (-3.319664e-05 1.448848e-02 4.075730e-01)) ((2.755058e-02 2.777981e-02 2.827563e-03) (5.107316e-03 -4.734329e-04 -2.152089e-04))
286           	((5.330933e-02 8.283527e-01 1.244473e+01) (5.299369e-05 1.448004e-02 4.074839e-01)) ((2.789451e-02 2.868665e-02 2.720234e-03) (5.099643e-03 -4.634332e-04 -2.182066e-04))
287           	((5.845742e-02 8.259145e-01 1.244379e+01) (1.317734e-04 1.448580e-02 4.074119e-01)) ((2.811416e-02 2.957791e-02 2.668914e-03) (5.095910e-03 -4.537571e-04 -2.232052e-04))
288           	((6.348078e-02 8.246236e-01 1.244274e+01) (1.970303e-04 1.448726e-02 4.073266e-01)) ((2.821381e-02 3.046928e-02 2.671920e-03) (5.091007e-03 -4.445488e-04 -2.266558e-04))
289           	((6.810165e-02 8.241850e-01 1.244147e+01) (2.595388e-04 1.449620e-02 4.072369e-01)) ((2.815796e-02 3.131559e-02 2.736517e-03) (5.087764e-03 -4.367724e-04 -2.304866e-04))
290           	((7.228271e-02 8.246606e-01 1.244019e+01) (3.136074e-04 1.450393e-02 4.071373e-01)) ((2.790689e-02 3.209558e-02 2.840145e-03) (5.084392e-03 -4.292313e-04 -2.340607e-04))
291           	((7.616244e-02 8.263079e-01 1.243905e+01) (3.539500e-04 1.450683e-02 4.070298e-01)) ((2.743796e-02 3.279411e-02 2.949406e-03) (5.080868e-03 -4.219034e-04 -2.377314e-04))
292           	((7.969048e-02 8.296857e-01 1.243828e+01) (3.894023e-04 1.452497e-02 4.069321e-01)) ((2.675238e-02 3.343730e-02 3.057569e-03) (5.078257e-03 -4.152498e-04 -2.411798e-04))
293           	((8.273969e-02 8.353413e-01 1.243793e+01) (4.158012e-04 1.454666e-02 4.068269e-01)) ((2.586445e-02 3.406251e-02 3.152643e-03) (5.077452e-03 -4.096529e-04 -2.446507e-04))
294           	((8.524577e-02 8.437697e-01 1.243779e+01) (4.376906e-04 1.456249e-02 4.067127e-01)) ((2.478890e-02 3.467217e-02 3.257584e-03) (5.075910e-03 -4.037741e-04 -2.469301e-04))
295           	((8.735108e-02 8.552534e-01 1.243774e+01) (4.601582e-04 1.458330e-02 4.065929e-01)) ((2.355458e-02 3.525804e-02 3.385111e-03) (5.075248e-03 -3.988621e-04 -2.483771e-04))
296           	((8.920598e-02 8.693181e-01 1.243760e+01) (4.800031e-04 1.459680e-02 4.064876e-01)) ((2.222571e-02 3.580972e-02 3.538315e-03) (5.075872e-03 -3.938963e-04 -2.493297e-04))
297           	((9.061331e-02 8.854269e-01 1.243736e+01) (4.956479e-04 1.462171e-02 4.063748e-01)) ((2.085830e-02 3.635912e-02 3.694655e-03) (5.076381e-03 -3.863117e-04 -2.497970e-04))
298           	((9.146359e-02 9.027157e-01 1.243690e+01) (5.092495e-04 1.464292e-02 4.062769e-01)) ((1.950026e-02 3.692109e-02 3.839174e-03) (5.076821e-03 -3.811922e-04 -2.492908e-04))
299           	((9.187484e-02 9.201554e-01 1.243615e+01) (5.094966e-04 1.466477e-02 4.061740e-01)) ((1.819155e-02 3.749478e-02 3.969327e-03) (5.077477e-03 -3.743855e-04 -2.483612e-04))
300           	((9.213243e-02 9.370117e-01 1.243523e+01) (4.978082e-04 1.469189e-02 4.060886e-01)) ((1.695885e-02 3.807342e-02 4.104355e-03) (5.077622e-03 -3.694211e-04 -2.464360e-04))
301           	((9.236442e-02 9.529840e-01 1.243418e+01) (4.870510e-04 1.472707e-02 4.060183e-01)) ((1.579385e-02 3.863727e-02 4.249579e-03) (5.076628e-03 -3.622484e-04 -2.445208e-04))
302           	((9.252931e-02 9.678525e-01 1.243322e+01) (4.714642e-04 1.477031e-02 4.059619e-01)) ((1.468501e-02 3.917597e-02 4.419417e-03) (5.076508e-03 -3.555310e-04 -2.423519e-04))
303           	((9.285815e-02 9.815031e-01 1.243240e+01) (4.637230e-04 1.480532e-02 4.059200e-01)) ((1.361446e-02 3.967166e-02 4.611408e-03) (5.075793e-03 -3.476284e-04 -2.406641e-04))
304           	((9.341375e-02 9.938368e-01 1.243178e+01) (4.509980e-04 1.484397e-02 4.058826e-01)) ((1.257456e-02 4.010497e-02 4.819633e-03) (5.073506e-03 -3.394595e-04 -2.381438e-04))
305           	((9.418535e-02 1.004905e+00 1.243140e+01) (4.392836e-04 1.488544e-02 4.058639e-01)) ((1.156591e-02 4.046876e-02 5.049615e-03) (5.072651e-03 -3.328510e-04 -2.367794e-04))
306           	((9.476364e-02 1.014811e+00 1.243128e+01) (4.138264e-04 1.492379e-02 4.058428e-01)) ((1.063569e-02 4.076262e-02 5.290864e-03) (5.068942e-03 -3.246419e-04 -2.332481e-04))
307           	((9.465200e-02 1.023785e+00 1.243153e+01) (3.929843e-04 1.496758e-02 4.058461e-01)) ((9.809339e-03 4.100951e-02 5.460082e-03) (5.066069e-03 -3.168751e-04 -2.311799e-04))
308           	((9.359975e-02 1.032097e+00 1.243199e+01) (3.735214e-04 1.500474e-02 4.058540e-01)) ((9.071915e-03 4.120030e-02 5.514024e-03) (5.062858e-03 -3.109696e-04 -2.287334e-04))
309           	((9.156233e-02 1.040023e+00 1.243272e+01) (3.619372e-04 1.504967e-02 4.058692e-01)) ((8.390068e-03 4.134333e-02 5.420132e-03) (5.058595e-03 -3.031723e-04 -2.263112e-04))
310           	((8.871374e-02 1.047568e+00 1.243360e+01) (3.542608e-04 1.509276e-02 4.058880e-01)) ((7.743710e-03 4.144208e-02 5.199056e-03) (5.053578e-03 -2.981275e-04 -2.239172e-04))
311           	((8.514463e-02 1.054768e+00 1.243453e+01) (3.525059e-04 1.514362e-02 4.059228e-01)) ((7.121867e-03 4.150766e-02 4.876698e-03) (5.048039e-03 -2.906209e-04 -2.220156e-04))
312           	((8.102064e-02 1.061588e+00 1.243545e+01) (3.525120e-04 1.519815e-02 4.059598e-01)) ((6.550117e-03 4.155752e-02 4.526050e-03) (5.042755e-03 -2.851188e-04 -2.188631e-04))
313           	((7.664808e-02 1.068039e+00 1.243603e+01) (3.708668e-04 1.525559e-02 4.059766e-01)) ((6.042584e-03 4.155849e-02 4.199766e-03) (5.036325e-03 -2.779142e-04 -2.150651e-04))
314           	((7.253340e-02 1.073830e+00 1.243623e+01) (3.921587e-04 1.530827e-02 4.059928e-01)) ((5.617304e-03 4.149187e-02 3.916912e-03) (5.030957e-03 -2.737205e-04 -2.103773e-04))
315           	((6.913211e-02 1.078677e+00 1.243599e+01) (4.226285e-04 1.535531e-02 4.060028e-01)) ((5.282450e-03 4.131225e-02 3.701951e-03) (5.024325e-03 -2.686349e-04 -2.045885e-04))
316           	((6.688237e-02 1.082173e+00 1.243557e+01) (4.567400e-04 1.541690e-02 4.060046e-01)) ((5.046547e-03 4.104712e-02 3.553718e-03) (5.017007e-03 -2.654405e-04 -1.989722e-04))
317           	((6.593895e-02 1.084105e+00 1.243509e+01) (4.944394e-04 1.546925e-02 4.059970e-01)) ((4.883922e-03 4.073366e-02 3.432930e-03) (5.009849e-03 -2.638272e-04 -1.946306e-04))
318           	((6.623945e-02 1.084551e+00 1.243442e+01) (5.340341e-04 1.550262e-02 4.059684e-01)) ((4.742446e-03 4.036489e-02 3.323834e-03) (5.000132e-03 -2.621904e-04 -1.888822e-04))
319           	((6.741861e-02 1.083912e+00 1.243361e+01) (5.723914e-04 1.553807e-02 4.059442e-01)) ((4.576430e-03 3.995896e-02 3.205480e-03) (4.989515e-03 -2.624091e-04 -1.843568e-04))
320           	((6.919456e-02 1.082537e+00 1.243266e+01) (6.012417e-04 1.556930e-02 4.059172e-01)) ((4.340616e-03 3.954455e-02 3.052628e-03) (4.977776e-03 -2.630130e-04 -1.788514e-04))
321           	((7.085882e-02 1.080938e+00 1.243168e+01) (6.195846e-04 1.560358e-02 4.058963e-01)) ((4.003730e-03 3.914298e-02 2.838252e-03) (4.964805e-03 -2.638381e-04 -1.734641e-04))
322           	((7.169431e-02 1.079428e+00 1.243075e+01) (6.275931e-04 1.564111e-02 4.058635e-01)) ((3.565766e-03 3.878935e-02 2.580316e-03) (4.950165e-03 -2.672101e-04 -1.679988e-04))
323           	((7.112904e-02 1.078039e+00 1.242974e+01) (6.279303e-04 1.568015e-02 4.058312e-01)) ((3.047996e-03 3.847175e-02 2.309681e-03) (4.934944e-03 -2.711230e-04 -1.623500e-04))
324           	((6.888556e-02 1.076897e+00 1.242867e+01) (6.234135e-04 1.571678e-02 4.058001e-01)) ((2.473457e-03 3.815411e-02 2.070068e-03) (4.918990e-03 -2.756037e-04 -1.560610e-04))
325           	((6.491805e-02 1.076096e+00 1.242758e+01) (6.197939e-04 1.576706e-02 4.057660e-01)) ((1.868191e-03 3.779365e-02 1.911768e-03) (4.902828e-03 -2.803255e-04 -1.493019e-04))
326           	((5.916345e-02 1.075711e+00 1.242657e+01) (6.141132e-04 1.581462e-02 4.057174e-01)) ((1.243099e-03 3.739349e-02 1.862260e-03) (4.885566e-03 -2.852902e-04 -1.438759e-04))
327           	((5.198625e-02 1.075658e+00 1.242548e+01) (6.025490e-04 1.585770e-02 4.056608e-01)) ((6.071958e-04 3.695099e-02 1.950005e-03) (4.867177e-03 -2.883074e-04 -1.380348e-04))
328           	((4.401454e-02 1.075718e+00 1.242417e+01) (5.933132e-04 1.589550e-02 4.056039e-01)) ((-3.317405e-05 3.646807e-02 2.165907e-03) (4.847862e-03 -2.937213e-04 -1.334568e-04))
329           	((3.592569e-02 1.075605e+00 1.242274e+01) (5.831170e-04 1.593430e-02 4.055361e-01)) ((-6.595387e-04 3.597544e-02 2.470612e-03) (4.829925e-03 -2.959429e-04 -1.313932e-04))
330           	((2.838879e-02 1.075165e+00 1.242120e+01) (5.696750e-04 1.596056e-02 4.054788e-01)) ((-1.249557e-03 3.551392e-02 2.837200e-03) (4.811733e-03 -2.986237e-04 -1.301709e-04))
331           	((2.165708e-02 1.074180e+00 1.241976e+01) (5.600091e-04 1.599285e-02 4.054171e-01)) ((-1.775760e-03 3.514327e-02 3.237081e-03) (4.792952e-03 -2.991562e-04 -1.308750e-04))
332           	((1.588711e-02 1.072559e+00 1.241842e+01) (5.468923e-04 1.601523e-02 4.053616e-01)) ((-2.214926e-03 3.487723e-02 3.682268e-03) (4.776005e-03 -3.009929e-04 -1.326482e-04))
333           	((1.096327e-02 1.070257e+00 1.241727e+01) (5.245104e-04 1.602774e-02 4.053003e-01)) ((-2.543193e-03 3.471257e-02 4.184376e-03) (4.758148e-03 -3.004035e-04 -1.342340e-04))
334           	((6.987744e-03 1.067272e+00 1.241642e+01) (5.021751e-04 1.603081e-02 4.052344e-01)) ((-2.723008e-03 3.463985e-02 4.757824e-03) (4.740608e-03 -3.031510e-04 -1.369370e-04))
335           	((3.682845e-03 1.063647e+00 1.241605e+01) (4.739544e-04 1.603369e-02 4.051795e-01)) ((-2.736706e-03 3.467688e-02 5.379881e-03) (4.725127e-03 -3.034458e-04 -1.419669e-04))
336           	((5.139826e-04 1.059325e+00 1.241635e+01) (4.416343e-04 1.602300e-02 4.051214e-01)) ((-2.575693e-03 3.486039e-02 6.015735e-03) (4.709323e-03 -3.045173e-04 -1.474084e-04))
337           	((-2.598351e-03 1.054157e+00 1.241721e+01) (4.171580e-04 1.600889e-02 4.050475e-01)) ((-2.271956e-03 3.517892e-02 6.659365e-03) (4.693940e-03 -3.052836e-04 -1.527671e-04))
338           	((-5.668251e-03 1.048072e+00 1.241866e+01) (3.895729e-04 1.597315e-02 4.049804e-01)) ((-1.861110e-03 3.563623e-02 7.288105e-03) (4.680522e-03 -3.072130e-04 -1.593768e-04))
339           	((-8.532989e-03 1.041143e+00 1.242071e+01) (3.599697e-04 1.592415e-02 4.049141e-01)) ((-1.397427e-03 3.621588e-02 7.898219e-03) (4.667264e-03 -3.076925e-04 -1.655835e-04))
340           	((-1.118179e-02 1.033380e+00 1.242342e+01) (3.382761e-04 1.588244e-02 4.048577e-01)) ((-9.232938e-04 3.693153e-02 8.482042e-03) (4.655292e-03 -3.083453e-04 -1.717890e-04))
341           	((-1.379302e-02 1.024847e+00 1.242688e+01) (3.218885e-04 1.582691e-02 4.047796e-01)) ((-4.802272e-04 3.777325e-02 9.052671e-03) (4.646091e-03 -3.072877e-04 -1.793037e-04))
342           	((-1.611456e-02 1.015626e+00 1.243078e+01) (3.025040e-04 1.574869e-02 4.046883e-01)) ((-7.969868e-05 3.868546e-02 9.660980e-03) (4.637532e-03 -3.077644e-04 -1.847223e-04))
343           	((-1.775298e-02 1.006033e+00 1.243490e+01) (2.890490e-04 1.567347e-02 4.045767e-01)) ((3.006045e-04 3.961610e-02 1.037074e-02) (4.628682e-03 -3.055115e-04 -1.891899e-04))
344           	((-1.812749e-02 9.960370e-01 1.243902e+01) (2.780590e-04 1.558182e-02 4.044614e-01)) ((6.735944e-04 4.051394e-02 1.120381e-02) (4.623014e-03 -3.044915e-04 -1.929994e-04))
345           	((-1.667349e-02 9.857842e-01 1.244309e+01) (2.727374e-04 1.549497e-02 4.043357e-01)) ((1.050122e-03 4.135621e-02 1.216812e-02) (4.618630e-03 -2.986685e-04 -1.956214e-04))
346           	((-1.316539e-02 9.753143e-01 1.244707e+01) (2.805112e-04 1.540317e-02 4.041937e-01)) ((1.428119e-03 4.215505e-02 1.322563e-02) (4.614181e-03 -2.940631e-04 -1.966658e-04))
347           	((-7.487705e-03 9.648327e-01 1.245070e+01) (2.901128e-04 1.530664e-02 4.040568e-01)) ((1.784644e-03 4.290789e-02 1.434831e-02) (4.612055e-03 -2.861154e-04 -1.968852e-04))
348           	((2.535797e-04 9.545745e-01 1.245404e+01) (3.002462e-04 1.521148e-02 4.039137e-01)) ((2.101402e-03 4.363446e-02 1.550097e-02) (4.609557e-03 -2.787920e-04 -1.948306e-04))
349           	((9.827005e-03 9.446579e-01 1.245704e+01) (3.165291e-04 1.512686e-02 4.037710e-01)) ((2.368088e-03 4.435621e-02 1.666094e-02) (4.606631e-03 -2.690724e-04 -1.914904e-04))
350           	((2.088763e-02 9.352678e-01 1.245984e+01) (3.308505e-04 1.504762e-02 4.036539e-01)) ((2.593594e-03 4.509895e-02 1.780226e-02) (4.606270e-03 -2.603140e-04 -1.871986e-04))
351           	((3.273022e-02 9.264613e-01 1.246244e+01) (3.479939e-04 1.497122e-02 4.035381e-01)) ((2.779440e-03 4.583984e-02 1.889262e-02) (4.605437e-03 -2.478294e-04 -1.800419e-04))
352           	((4.454890e-02 9.182290e-01 1.246459e+01) (3.695937e-04 1.490405e-02 4.034281e-01)) ((2.910125e-03 4.650200e-02 1.994007e-02) (4.604091e-03 -2.378183e-04 -1.718302e-04))
353           	((5.575881e-02 9.108134e-01 1.246627e+01) (3.883877e-04 1.484068e-02 4.033223e-01)) ((2.972541e-03 4.701661e-02 2.095281e-02) (4.604356e-03 -2.249297e-04 -1.616494e-04))
354           	((6.596345e-02 9.042666e-01 1.246738e+01) (4.008378e-04 1.477868e-02 4.032345e-01)) ((2.948539e-03 4.734154e-02 2.192872e-02) (4.603657e-03 -2.137557e-04 -1.492861e-04))
355           	((7.474168e-02 8.989112e-01 1.246793e+01) (4.101628e-04 1.473569e-02 4.031620e-01)) ((2.836399e-03 4.747999e-02 2.290143e-02) (4.603029e-03 -2.003773e-04 -1.363174e-04))
356           	((8.188588e-02 8.945973e-01 1.246791e+01) (4.117754e-04 1.470320e-02 4.031025e-01)) ((2.656752e-03 4.745940e-02 2.386848e-02) (4.603419e-03 -1.876539e-04 -1.221843e-04))
357           	((8.717406e-02 8.909696e-01 1.246712e+01) (3.985657e-04 1.467971e-02 4.030399e-01)) ((2.447529e-03 4.731101e-02 2.481848e-02) (4.603833e-03 -1.753766e-04 -1.065924e-04))
358           	((9.051824e-02 8.876964e-01 1.246552e+01) (3.792277e-04 1.466003e-02 4.029754e-01)) ((2.270332e-03 4.709255e-02 2.572058e-02) (4.603054e-03 -1.656339e-04 -9.041287e-05))
359           	((9.205131e-02 8.846436e-01 1.246316e+01) (3.459254e-04 1.465746e-02 4.029130e-01)) ((2.153717e-03 4.683325e-02 2.653218e-02) (4.604239e-03 -1.555912e-04 -7.387035e-05))
360           	((9.190225e-02 8.818252e-01 1.246015e+01) (3.012085e-04 1.466245e-02 4.028610e-01)) ((2.114426e-03 4.654590e-02 2.721786e-02) (4.605293e-03 -1.482649e-04 -5.670477e-05))
361           	((8.987061e-02 8.795820e-01 1.245658e+01) (2.525912e-04 1.468325e-02 4.027952e-01)) ((2.142521e-03 4.621739e-02 2.776126e-02) (4.606023e-03 -1.429859e-04 -4.190372e-05))
362           	((8.583059e-02 8.782107e-01 1.245250e+01) (1.982478e-04 1.470232e-02 4.027357e-01)) ((2.188421e-03 4.579234e-02 2.817877e-02) (4.606925e-03 -1.406239e-04 -2.700133e-05))
363           	((8.003672e-02 8.778253e-01 1.244807e+01) (1.309989e-04 1.472754e-02 4.026726e-01)) ((2.202582e-03 4.520267e-02 2.849498e-02) (4.606750e-03 -1.370096e-04 -1.328753e-05))
364           	((7.282201e-02 8.783899e-01 1.244345e+01) (6.987554e-05 1.475955e-02 4.026274e-01)) ((2.135378e-03 4.441008e-02 2.869433e-02) (4.606569e-03 -1.364184e-04 -2.034912e-06))
365           	((6.437777e-02 8.797310e-01 1.243891e+01) (8.900320e-06 1.479653e-02 4.025775e-01)) ((1.985340e-03 4.344634e-02 2.874911e-02) (4.608429e-03 -1.350627e-04 6.605329e-06))
366           	((5.484947e-02 8.815893e-01 1.243456e+01) (-5.042981e-05 1.481758e-02 4.025426e-01)) ((1.739352e-03 4.232148e-02 2.865725e-02) (4.609799e-03 -1.362191e-04 1.425442e-05))
367           	((4.449173e-02 8.839420e-01 1.243053e+01) (-1.046212e-04 1.483435e-02 4.025034e-01)) ((1.401370e-03 4.105596e-02 2.842581e-02) (4.610845e-03 -1.384804e-04 1.961182e-05))
368           	((3.358928e-02 8.868669e-01 1.242705e+01) (-1.543677e-04 1.483793e-02 4.024862e-01)) ((9.733086e-04 3.968089e-02 2.805987e-02) (4.613405e-03 -1.416584e-04 2.385932e-05))
369           	((2.224506e-02 8.905271e-01 1.242433e+01) (-2.022772e-04 1.484031e-02 4.024746e-01)) ((4.588932e-04 3.825081e-02 2.756242e-02) (4.615462e-03 -1.440861e-04 2.692743e-05))
370           	((1.035816e-02 8.952710e-01 1.242254e+01) (-2.486574e-04 1.483688e-02 4.024734e-01)) ((-1.149931e-04 3.685812e-02 2.693550e-02) (4.616131e-03 -1.500170e-04 2.885058e-05))
371           	((-1.950508e-03 9.012019e-01 1.242149e+01) (-2.908994e-04 1.482447e-02 4.024701e-01)) ((-7.370530e-04 3.554639e-02 2.620656e-02) (4.617184e-03 -1.548724e-04 2.929171e-05))
372           	((-1.431388e-02 9.085159e-01 1.242113e+01) (-3.292959e-04 1.480745e-02 4.024733e-01)) ((-1.397302e-03 3.435015e-02 2.542179e-02) (4.616650e-03 -1.613021e-04 2.996533e-05))
373           	((-2.614528e-02 9.173961e-01 1.242133e+01) (-3.620494e-04 1.479170e-02 4.024762e-01)) ((-2.082120e-03 3.327821e-02 2.463860e-02) (4.615307e-03 -1.688715e-04 2.951500e-05))
374           	((-3.673485e-02 9.277899e-01 1.242220e+01) (-3.879533e-04 1.477706e-02 4.025026e-01)) ((-2.777800e-03 3.235721e-02 2.390181e-02) (4.614919e-03 -1.758631e-04 2.740078e-05))
375           	((-4.562147e-02 9.393400e-01 1.242379e+01) (-4.090929e-04 1.476155e-02 4.025199e-01)) ((-3.478516e-03 3.159847e-02 2.320136e-02) (4.612889e-03 -1.821789e-04 2.596556e-05))
376           	((-5.237921e-02 9.517014e-01 1.242597e+01) (-4.195241e-04 1.474966e-02 4.025294e-01)) ((-4.202256e-03 3.096972e-02 2.251675e-02) (4.610014e-03 -1.897925e-04 2.364527e-05))
377           	((-5.684342e-02 9.647130e-01 1.242868e+01) (-4.326349e-04 1.474891e-02 4.025336e-01)) ((-4.958326e-03 3.043069e-02 2.183043e-02) (4.606569e-03 -1.945820e-04 2.024993e-05))
378           	((-5.930447e-02 9.782309e-01 1.243177e+01) (-4.454519e-04 1.474086e-02 4.025299e-01)) ((-5.727480e-03 2.994810e-02 2.115049e-02) (4.601826e-03 -2.013559e-04 1.837538e-05))
379           	((-6.046525e-02 9.923159e-01 1.243518e+01) (-4.521430e-04 1.475536e-02 4.025196e-01)) ((-6.498315e-03 2.951482e-02 2.050367e-02) (4.596136e-03 -2.055564e-04 1.447372e-05))
380           	((-6.100880e-02 1.006930e+00 1.243886e+01) (-4.527805e-04 1.477469e-02 4.025138e-01)) ((-7.259562e-03 2.914777e-02 1.993030e-02) (4.590617e-03 -2.102144e-04 1.055126e-05))
381           	((-6.103786e-02 1.021695e+00 1.244251e+01) (-4.510036e-04 1.479372e-02 4.024839e-01)) ((-8.015919e-03 2.884231e-02 1.945680e-02) (4.583965e-03 -2.140881e-04 7.625819e-06))
382           	((-6.027930e-02 1.036280e+00 1.244603e+01) (-4.381002e-04 1.482201e-02 4.024574e-01)) ((-8.762599e-03 2.861251e-02 1.906652e-02) (4.575487e-03 -2.192861e-04 5.247284e-06))
383           	((-5.845297e-02 1.050242e+00 1.244915e+01) (-4.180676e-04 1.485375e-02 4.024216e-01)) ((-9.482143e-03 2.845859e-02 1.874339e-02) (4.567281e-03 -2.219875e-04 3.169353e-06))
384           	((-5.529615e-02 1.063163e+00 1.245177e+01) (-3.807508e-04 1.489123e-02 4.023928e-01)) ((-1.015384e-02 2.842020e-02 1.847153e-02) (4.560603e-03 -2.243763e-04 1.038949e-06))
385           	((-5.084746e-02 1.074881e+00 1.245384e+01) (-3.406888e-04 1.493999e-02 4.023522e-01)) ((-1.076971e-02 2.851928e-02 1.824096e-02) (4.553484e-03 -2.279566e-04 3.925620e-07))
386           	((-4.507336e-02 1.085190e+00 1.245505e+01) (-2.874369e-04 1.498131e-02 4.023055e-01)) ((-1.131274e-02 2.873733e-02 1.804743e-02) (4.546253e-03 -2.321421e-04 -6.012584e-07))
387           	((-3.813999e-02 1.093983e+00 1.245537e+01) (-2.358121e-04 1.502695e-02 4.022500e-01)) ((-1.174960e-02 2.904913e-02 1.787037e-02) (4.538965e-03 -2.351837e-04 -1.043879e-06))
388           	((-3.028772e-02 1.101197e+00 1.245481e+01) (-1.909759e-04 1.507694e-02 4.021973e-01)) ((-1.204959e-02 2.943094e-02 1.769080e-02) (4.530967e-03 -2.411297e-04 -8.203963e-07))
389           	((-2.178255e-02 1.106788e+00 1.245349e+01) (-1.433341e-04 1.513964e-02 4.021410e-01)) ((-1.219920e-02 2.986570e-02 1.747391e-02) (4.523829e-03 -2.447204e-04 -2.471741e-06))
390           	((-1.272902e-02 1.110746e+00 1.245165e+01) (-1.024179e-04 1.519635e-02 4.020889e-01)) ((-1.221128e-02 3.034471e-02 1.718276e-02) (4.516275e-03 -2.502853e-04 -2.400088e-06))
391           	((-3.090878e-03 1.113206e+00 1.244935e+01) (-5.808607e-05 1.525319e-02 4.020384e-01)) ((-1.213248e-02 3.082416e-02 1.682078e-02) (4.507876e-03 -2.551819e-04 -2.749562e-06))
392           	((7.025942e-03 1.114359e+00 1.244682e+01) (-2.400126e-05 1.530554e-02 4.019966e-01)) ((-1.201569e-02 3.127542e-02 1.640484e-02) (4.499596e-03 -2.613652e-04 -2.959866e-06))
393           	((1.745301e-02 1.114691e+00 1.244428e+01) (3.082238e-07 1.535939e-02 4.019488e-01)) ((-1.191074e-02 3.169572e-02 1.597909e-02) (4.490242e-03 -2.670203e-04 -1.669905e-06))
394           	((2.780376e-02 1.114862e+00 1.244192e+01) (1.462737e-05 1.542036e-02 4.019117e-01)) ((-1.186533e-02 3.212199e-02 1.558754e-02) (4.478686e-03 -2.749664e-04 -6.873988e-07))
395           	((3.775901e-02 1.115287e+00 1.243964e+01) (1.901443e-05 1.547509e-02 4.018728e-01)) ((-1.191121e-02 3.256525e-02 1.524668e-02) (4.467765e-03 -2.807302e-04 5.188400e-07))
396           	((4.712121e-02 1.116162e+00 1.243730e+01) (1.096089e-05 1.552012e-02 4.018350e-01)) ((-1.206992e-02 3.300748e-02 1.493015e-02) (4.454664e-03 -2.903042e-04 3.006431e-06))
397           	((5.564579e-02 1.117544e+00 1.243485e+01) (-5.093525e-06 1.557338e-02 4.017969e-01)) ((-1.233549e-02 3.343154e-02 1.459516e-02) (4.440662e-03 -2.979834e-04 4.744249e-06))
398           	((6.318209e-02 1.119323e+00 1.243219e+01) (-3.400668e-05 1.561239e-02 4.017649e-01)) ((-1.269470e-02 3.383773e-02 1.421102e-02) (4.426538e-03 -3.077481e-04 6.590135e-06))
399           	((6.945480e-02 1.121212e+00 1.242934e+01) (-6.766709e-05 1.564977e-02 4.017302e-01)) ((-1.310892e-02 3.425395e-02 1.376913e-02) (4.412388e-03 -3.149535e-04 8.402062e-06))
400           	((7.444439e-02 1.122820e+00 1.242619e+01) (-1.112045e-04 1.567375e-02 4.017057e-01)) ((-1.355516e-02 3.466417e-02 1.329601e-02) (4.398195e-03 -3.237131e-04 1.067798e-05))
401           	((7.845604e-02 1.123940e+00 1.242277e+01) (-1.602406e-04 1.568741e-02 4.016704e-01)) ((-1.400101e-02 3.505892e-02 1.280028e-02) (4.384466e-03 -3.304071e-04 1.181522e-05))
402           	((8.212114e-02 1.124674e+00 1.241927e+01) (-2.200148e-04 1.567798e-02 4.016395e-01)) ((-1.443618e-02 3.542851e-02 1.231291e-02) (4.370277e-03 -3.374796e-04 1.467142e-05))
403           	((8.576661e-02 1.125047e+00 1.241598e+01) (-2.863718e-04 1.566760e-02 4.016226e-01)) ((-1.486803e-02 3.578246e-02 1.185424e-02) (4.356719e-03 -3.409974e-04 1.719283e-05))
404           	((8.944453e-02 1.125277e+00 1.241317e+01) (-3.587558e-04 1.564595e-02 4.016055e-01)) ((-1.532940e-02 3.614223e-02 1.141769e-02) (4.344653e-03 -3.455784e-04 1.885546e-05))
405           	((9.318580e-02 1.125459e+00 1.241078e+01) (-4.395969e-04 1.561113e-02 4.015726e-01)) ((-1.587340e-02 3.647850e-02 1.101218e-02) (4.331917e-03 -3.485469e-04 2.223632e-05))
406           	((9.698076e-02 1.125743e+00 1.240877e+01) (-5.277441e-04 1.556699e-02 4.015408e-01)) ((-1.651653e-02 3.676129e-02 1.062906e-02) (4.319435e-03 -3.529676e-04 2.464003e-05))
407           	((1.006345e-01 1.126205e+00 1.240704e+01) (-6.234947e-04 1.550955e-02 4.014891e-01)) ((-1.725649e-02 3.694733e-02 1.025355e-02) (4.306940e-03 -3.539390e-04 2.687440e-05))
408           	((1.034935e-01 1.126729e+00 1.240558e+01) (-7.275035e-04 1.544581e-02 4.014414e-01)) ((-1.806398e-02 3.703565e-02 9.854572e-03) (4.295243e-03 -3.555772e-04 2.936440e-05))
409           	((1.050127e-01 1.127182e+00 1.240436e+01) (-8.301083e-04 1.538121e-02 4.013722e-01)) ((-1.891537e-02 3.704909e-02 9.427071e-03) (4.284132e-03 -3.559595e-04 3.083653e-05))
410           	((1.049661e-01 1.127384e+00 1.240328e+01) (-9.351942e-04 1.529577e-02 4.013032e-01)) ((-1.978409e-02 3.699760e-02 8.976036e-03) (4.275746e-03 -3.559990e-04 3.327617e-05))
411           	((1.035383e-01 1.127471e+00 1.240241e+01) (-1.037217e-03 1.520735e-02 4.012097e-01)) ((-2.064618e-02 3.688731e-02 8.521500e-03) (4.267309e-03 -3.545539e-04 3.628363e-05))
412           	((1.011612e-01 1.127775e+00 1.240186e+01) (-1.133413e-03 1.511916e-02 4.011077e-01)) ((-2.149666e-02 3.672926e-02 8.097367e-03) (4.259779e-03 -3.539637e-04 3.944070e-05))
413           	((9.814491e-02 1.128688e+00 1.240195e+01) (-1.217200e-03 1.504576e-02 4.010013e-01)) ((-2.234913e-02 3.653389e-02 7.751710e-03) (4.255620e-03 -3.496055e-04 4.205940e-05))
414           	((9.456576e-02 1.130637e+00 1.240262e+01) (-1.289461e-03 1.496808e-02 4.008758e-01)) ((-2.322324e-02 3.629491e-02 7.554671e-03) (4.250588e-03 -3.474670e-04 4.688972e-05))
415           	((9.071707e-02 1.133517e+00 1.240370e+01) (-1.347192e-03 1.490066e-02 4.007277e-01)) ((-2.415101e-02 3.599193e-02 7.500073e-03) (4.244550e-03 -3.432435e-04 5.180883e-05))
416           	((8.696925e-02 1.136963e+00 1.240517e+01) (-1.392178e-03 1.482033e-02 4.005741e-01)) ((-2.515888e-02 3.563548e-02 7.538533e-03) (4.240536e-03 -3.378477e-04 5.502420e-05))
417           	((8.375387e-02 1.140539e+00 1.240695e+01) (-1.428681e-03 1.474546e-02 4.003966e-01)) ((-2.626020e-02 3.524625e-02 7.594012e-03) (4.235526e-03 -3.324039e-04 5.987577e-05))
418           	((8.118054e-02 1.143868e+00 1.240903e+01) (-1.456146e-03 1.468400e-02 4.002313e-01)) ((-2.743550e-02 3.487141e-02 7.582922e-03) (4.230258e-03 -3.281174e-04 6.476934e-05))
419           	((7.901289e-02 1.146653e+00 1.241148e+01) (-1.472099e-03 1.462786e-02 4.000629e-01)) ((-2.865181e-02 3.456921e-02 7.451851e-03) (4.226131e-03 -3.224771e-04 6.814383e-05))
420           	((7.681690e-02 1.148585e+00 1.241407e+01) (-1.489392e-03 1.457201e-02 3.998954e-01)) ((-2.987344e-02 3.434679e-02 7.190698e-03) (4.221688e-03 -3.199092e-04 7.372253e-05))
421           	((7.440457e-02 1.149587e+00 1.241669e+01) (-1.500035e-03 1.452331e-02 3.997298e-01)) ((-3.106751e-02 3.421754e-02 6.830503e-03) (4.217960e-03 -3.177932e-04 7.767139e-05))
422           	((7.180216e-02 1.149988e+00 1.241926e+01) (-1.508457e-03 1.446962e-02 3.995865e-01)) ((-3.221436e-02 3.419153e-02 6.429129e-03) (4.216527e-03 -3.167760e-04 8.168878e-05))
423           	((6.891629e-02 1.150295e+00 1.242174e+01) (-1.517631e-03 1.442942e-02 3.994426e-01)) ((-3.329413e-02 3.431553e-02 6.046638e-03) (4.214223e-03 -3.155513e-04 8.664767e-05))
424           	((6.571554e-02 1.150670e+00 1.242397e+01) (-1.521389e-03 1.439382e-02 3.993177e-01)) ((-3.429113e-02 3.459900e-02 5.757773e-03) (4.212968e-03 -3.177888e-04 9.101898e-05))
425           	((6.229833e-02 1.151089e+00 1.242576e+01) (-1.523446e-03 1.435977e-02 3.991994e-01)) ((-3.516854e-02 3.501227e-02 5.645406e-03) (4.213088e-03 -3.191892e-04 9.490227e-05))
426           	((5.889537e-02 1.151305e+00 1.242713e+01) (-1.529113e-03 1.431565e-02 3.990957e-01)) ((-3.590176e-02 3.552116e-02 5.752242e-03) (4.213370e-03 -3.235686e-04 9.868125e-05))
427           	((5.564318e-02 1.151161e+00 1.242798e+01) (-1.536858e-03 1.427721e-02 3.990032e-01)) ((-3.648039e-02 3.607967e-02 6.092034e-03) (4.213459e-03 -3.280047e-04 1.020808e-04))
428           	((5.244045e-02 1.150536e+00 1.242840e+01) (-1.544221e-03 1.424116e-02 3.989353e-01)) ((-3.691602e-02 3.666282e-02 6.637900e-03) (4.215600e-03 -3.332329e-04 1.050712e-04))
429           	((4.913874e-02 1.149233e+00 1.242841e+01) (-1.552483e-03 1.420516e-02 3.988720e-01)) ((-3.722452e-02 3.726824e-02 7.339667e-03) (4.218623e-03 -3.386773e-04 1.079605e-04))
430           	((4.578022e-02 1.146836e+00 1.242793e+01) (-1.554491e-03 1.417192e-02 3.988300e-01)) ((-3.744562e-02 3.787653e-02 8.150805e-03) (4.219697e-03 -3.477555e-04 1.117211e-04))
431           	((4.242062e-02 1.143136e+00 1.242712e+01) (-1.555333e-03 1.413333e-02 3.987980e-01)) ((-3.761092e-02 3.849304e-02 9.020287e-03) (4.221615e-03 -3.549018e-04 1.145662e-04))
432           	((3.918278e-02 1.137968e+00 1.242608e+01) (-1.557392e-03 1.408497e-02 3.987926e-01)) ((-3.775691e-02 3.913496e-02 9.899944e-03) (4.222683e-03 -3.647039e-04 1.186459e-04))
433           	((3.595071e-02 1.131436e+00 1.242506e+01) (-1.555722e-03 1.405145e-02 3.988072e-01)) ((-3.790612e-02 3.984136e-02 1.075622e-02) (4.223117e-03 -3.723030e-04 1.217293e-04))
434           	((3.258625e-02 1.123775e+00 1.242425e+01) (-1.552498e-03 1.400773e-02 3.988489e-01)) ((-3.806088e-02 4.064455e-02 1.155674e-02) (4.224945e-03 -3.816440e-04 1.248156e-04))
435           	((2.915879e-02 1.115264e+00 1.242357e+01) (-1.547005e-03 1.396606e-02 3.989065e-01)) ((-3.823318e-02 4.151902e-02 1.227691e-02) (4.225314e-03 -3.902205e-04 1.302436e-04))
436           	((2.585169e-02 1.106327e+00 1.242317e+01) (-1.539846e-03 1.392182e-02 3.989843e-01)) ((-3.842892e-02 4.243483e-02 1.288034e-02) (4.224660e-03 -4.010738e-04 1.351028e-04))
437           	((2.298507e-02 1.097088e+00 1.242308e+01) (-1.531971e-03 1.388401e-02 3.990667e-01)) ((-3.865870e-02 4.335009e-02 1.335257e-02) (4.224735e-03 -4.093607e-04 1.408521e-04))
438           	((2.076233e-02 1.087710e+00 1.242338e+01) (-1.515786e-03 1.384159e-02 3.991638e-01)) ((-3.891519e-02 4.424967e-02 1.370208e-02) (4.224318e-03 -4.180743e-04 1.468020e-04))
439           	((1.931010e-02 1.078358e+00 1.242410e+01) (-1.493012e-03 1.380496e-02 3.992698e-01)) ((-3.917814e-02 4.513150e-02 1.398003e-02) (4.225510e-03 -4.236060e-04 1.511515e-04))
440           	((1.876533e-02 1.069034e+00 1.242497e+01) (-1.460832e-03 1.376379e-02 3.993790e-01)) ((-3.945020e-02 4.594915e-02 1.419890e-02) (4.227011e-03 -4.298624e-04 1.559080e-04))
441           	((1.906384e-02 1.059531e+00 1.242588e+01) (-1.420870e-03 1.371644e-02 3.994919e-01)) ((-3.970109e-02 4.669755e-02 1.439155e-02) (4.230617e-03 -4.348489e-04 1.602492e-04))
442           	((2.025069e-02 1.049652e+00 1.242683e+01) (-1.368146e-03 1.366964e-02 3.996101e-01)) ((-3.987757e-02 4.739769e-02 1.458761e-02) (4.234997e-03 -4.381856e-04 1.661451e-04))
443           	((2.242740e-02 1.039247e+00 1.242798e+01) (-1.308807e-03 1.361939e-02 3.997398e-01)) ((-3.993234e-02 4.809149e-02 1.480202e-02) (4.242506e-03 -4.406592e-04 1.692512e-04))
444           	((2.584938e-02 1.027976e+00 1.242936e+01) (-1.248009e-03 1.356224e-02 3.998649e-01)) ((-3.986106e-02 4.878206e-02 1.504076e-02) (4.249285e-03 -4.420897e-04 1.744611e-04))
445           	((3.076624e-02 1.015582e+00 1.243089e+01) (-1.172595e-03 1.350464e-02 3.999926e-01)) ((-3.967449e-02 4.943309e-02 1.531258e-02) (4.258001e-03 -4.446146e-04 1.792880e-04))
446           	((3.717969e-02 1.001816e+00 1.243263e+01) (-1.088576e-03 1.343707e-02 4.001042e-01)) ((-3.939455e-02 5.003501e-02 1.560425e-02) (4.266332e-03 -4.441685e-04 1.836886e-04))
447           	((4.486021e-02 9.870225e-01 1.243444e+01) (-1.002234e-03 1.336546e-02 4.002111e-01)) ((-3.902577e-02 5.057304e-02 1.587401e-02) (4.273806e-03 -4.445974e-04 1.885524e-04))
448           	((5.320897e-02 9.714822e-01 1.243647e+01) (-9.119311e-04 1.329655e-02 4.003144e-01)) ((-3.857777e-02 5.107007e-02 1.605953e-02) (4.282472e-03 -4.437941e-04 1.923079e-04))
449           	((6.177091e-02 9.556893e-01 1.243866e+01) (-8.229111e-04 1.322081e-02 4.003837e-01)) ((-3.808045e-02 5.149662e-02 1.614394e-02) (4.291371e-03 -4.412124e-04 1.948803e-04))
450           	((7.018084e-02 9.400463e-01 1.244095e+01) (-7.373138e-04 1.313952e-02 4.004406e-01)) ((-3.755849e-02 5.181562e-02 1.610071e-02) (4.298751e-03 -4.403374e-04 1.982235e-04))
451           	((7.815929e-02 9.251511e-01 1.244337e+01) (-6.612133e-04 1.305907e-02 4.004827e-01)) ((-3.701905e-02 5.197658e-02 1.595443e-02) (4.306951e-03 -4.363751e-04 2.004575e-04))
452           	((8.542380e-02 9.112148e-01 1.244581e+01) (-5.906028e-04 1.298372e-02 4.005123e-01)) ((-3.644183e-02 5.195411e-02 1.572923e-02) (4.313849e-03 -4.315089e-04 2.019645e-04))
453           	((9.159802e-02 8.984863e-01 1.244826e+01) (-5.201709e-04 1.292110e-02 4.005308e-01)) ((-3.578021e-02 5.177627e-02 1.544666e-02) (4.322159e-03 -4.266873e-04 2.029369e-04))
454           	((9.649764e-02 8.868766e-01 1.245048e+01) (-4.571359e-04 1.285689e-02 4.005324e-01)) ((-3.501612e-02 5.147486e-02 1.513144e-02) (4.330328e-03 -4.202210e-04 2.031381e-04))
455           	((9.989558e-02 8.761435e-01 1.245216e+01) (-3.987870e-04 1.279861e-02 4.005289e-01)) ((-3.413298e-02 5.107509e-02 1.480727e-02) (4.340409e-03 -4.153883e-04 2.019061e-04))
456           	((1.017236e-01 8.662388e-01 1.245318e+01) (-3.425484e-04 1.274121e-02 4.005059e-01)) ((-3.311855e-02 5.059289e-02 1.445030e-02) (4.350322e-03 -4.078809e-04 2.007369e-04))
457           	((1.016606e-01 8.570969e-01 1.245347e+01) (-2.891946e-04 1.270178e-02 4.004802e-01)) ((-3.195951e-02 5.005498e-02 1.407241e-02) (4.361782e-03 -4.009990e-04 1.969971e-04))
458           	((9.946382e-02 8.485535e-01 1.245314e+01) (-2.419938e-04 1.266599e-02 4.004538e-01)) ((-3.067251e-02 4.949594e-02 1.365824e-02) (4.372908e-03 -3.959199e-04 1.928160e-04))
459           	((9.522564e-02 8.404453e-01 1.245206e+01) (-1.990890e-04 1.262460e-02 4.004126e-01)) ((-2.929652e-02 4.888449e-02 1.318914e-02) (4.383570e-03 -3.895499e-04 1.875200e-04))
460           	((8.940597e-02 8.324974e-01 1.245027e+01) (-1.621022e-04 1.258963e-02 4.003865e-01)) ((-2.787867e-02 4.819612e-02 1.265119e-02) (4.394553e-03 -3.862256e-04 1.805365e-04))
461           	((8.242665e-02 8.246825e-01 1.244783e+01) (-1.321109e-04 1.255101e-02 4.003493e-01)) ((-2.644514e-02 4.741100e-02 1.203184e-02) (4.405892e-03 -3.814715e-04 1.714539e-04))
462           	((7.455503e-02 8.170386e-01 1.244488e+01) (-1.051743e-04 1.250973e-02 4.003319e-01)) ((-2.501553e-02 4.654173e-02 1.135357e-02) (4.417496e-03 -3.774236e-04 1.619436e-04))
463           	((6.586489e-02 8.098026e-01 1.244153e+01) (-7.555744e-05 1.246636e-02 4.003169e-01)) ((-2.357668e-02 4.561811e-02 1.063963e-02) (4.429248e-03 -3.772321e-04 1.507608e-04))
464           	((5.647692e-02 8.030415e-01 1.243770e+01) (-4.484910e-05 1.241865e-02 4.003025e-01)) ((-2.215011e-02 4.462669e-02 9.927603e-03) (4.440105e-03 -3.758130e-04 1.388021e-04))
465           	((4.656932e-02 7.968911e-01 1.243357e+01) (-2.174994e-05 1.236852e-02 4.002896e-01)) ((-2.075915e-02 4.358629e-02 9.250158e-03) (4.451390e-03 -3.772262e-04 1.261292e-04))
466           	((3.618038e-02 7.915298e-01 1.242925e+01) (-5.299840e-06 1.231267e-02 4.002640e-01)) ((-1.944986e-02 4.251555e-02 8.615884e-03) (4.459787e-03 -3.780952e-04 1.140017e-04))
467           	((2.541206e-02 7.872279e-01 1.242502e+01) (7.406075e-06 1.226345e-02 4.002555e-01)) ((-1.827429e-02 4.147142e-02 7.993314e-03) (4.469511e-03 -3.798576e-04 1.002808e-04))
468           	((1.439883e-02 7.841568e-01 1.242110e+01) (1.696969e-05 1.221439e-02 4.002310e-01)) ((-1.728953e-02 4.052647e-02 7.327033e-03) (4.476385e-03 -3.818628e-04 8.920183e-05))
469           	((3.508026e-03 7.823140e-01 1.241739e+01) (2.710399e-05 1.216719e-02 4.001966e-01)) ((-1.653694e-02 3.968361e-02 6.627183e-03) (4.483315e-03 -3.846827e-04 7.736213e-05))
470           	((-6.835183e-03 7.817731e-01 1.241407e+01) (3.364055e-05 1.212041e-02 4.001647e-01)) ((-1.601900e-02 3.895832e-02 5.963214e-03) (4.489711e-03 -3.882595e-04 6.718311e-05))
471           	((-1.617836e-02 7.827512e-01 1.241115e+01) (3.667980e-05 1.207675e-02 4.001153e-01)) ((-1.572700e-02 3.834004e-02 5.393067e-03) (4.493202e-03 -3.907415e-04 5.860255e-05))
472           	((-2.411978e-02 7.858031e-01 1.240871e+01) (3.326083e-05 1.204424e-02 4.000777e-01)) ((-1.564764e-02 3.783851e-02 5.003558e-03) (4.498108e-03 -3.927122e-04 5.059185e-05))
473           	((-3.045238e-02 7.912385e-01 1.240675e+01) (2.341628e-05 1.202826e-02 4.000350e-01)) ((-1.577889e-02 3.747531e-02 4.847645e-03) (4.502199e-03 -3.956027e-04 4.403807e-05))
474           	((-3.499526e-02 7.991386e-01 1.240501e+01) (9.385068e-06 1.200889e-02 3.999974e-01)) ((-1.611437e-02 3.721777e-02 4.934602e-03) (4.504771e-03 -3.978373e-04 3.850763e-05))
475           	((-3.764857e-02 8.093814e-01 1.240329e+01) (-7.493986e-06 1.200251e-02 3.999709e-01)) ((-1.666868e-02 3.704070e-02 5.229817e-03) (4.508315e-03 -3.986180e-04 3.393533e-05))
476           	((-3.848230e-02 8.216088e-01 1.240143e+01) (-2.231527e-05 1.200214e-02 3.999539e-01)) ((-1.746576e-02 3.691911e-02 5.655920e-03) (4.511879e-03 -4.001780e-04 3.190466e-05))
477           	((-3.774010e-02 8.355365e-01 1.239945e+01) (-4.590995e-05 1.201809e-02 3.999434e-01)) ((-1.849925e-02 3.687230e-02 6.102141e-03) (4.516615e-03 -4.006178e-04 3.134523e-05))
478           	((-3.600735e-02 8.510626e-01 1.239731e+01) (-5.957178e-05 1.204154e-02 3.999412e-01)) ((-1.974019e-02 3.691034e-02 6.474622e-03) (4.521196e-03 -4.024182e-04 3.281834e-05))
479           	((-3.362749e-02 8.679389e-01 1.239472e+01) (-6.482718e-05 1.206641e-02 3.999360e-01)) ((-2.120313e-02 3.700574e-02 6.743933e-03) (4.526227e-03 -4.024028e-04 3.520317e-05))
480           	((-3.066281e-02 8.858406e-01 1.239169e+01) (-6.780648e-05 1.209682e-02 3.999335e-01)) ((-2.290438e-02 3.715826e-02 6.915622e-03) (4.530183e-03 -4.018673e-04 3.992789e-05))
481           	((-2.695145e-02 9.046915e-01 1.238825e+01) (-7.075420e-05 1.213976e-02 3.999423e-01)) ((-2.483642e-02 3.734611e-02 7.044155e-03) (4.531789e-03 -3.999210e-04 4.586309e-05))
482           	((-2.253573e-02 9.243742e-01 1.238456e+01) (-7.212815e-05 1.218654e-02 3.999600e-01)) ((-2.697477e-02 3.755922e-02 7.173785e-03) (4.533358e-03 -3.978560e-04 5.143216e-05))
483           	((-1.755757e-02 9.450334e-01 1.238073e+01) (-7.536121e-05 1.223907e-02 3.999793e-01)) ((-2.927292e-02 3.779474e-02 7.346028e-03) (4.533173e-03 -3.931687e-04 5.910306e-05))
484           	((-1.249294e-02 9.667222e-01 1.237672e+01) (-6.706492e-05 1.230495e-02 4.000103e-01)) ((-3.167235e-02 3.803637e-02 7.644375e-03) (4.531770e-03 -3.881807e-04 6.691369e-05))
485           	((-7.518375e-03 9.894575e-01 1.237258e+01) (-5.455421e-05 1.238515e-02 4.000376e-01)) ((-3.412022e-02 3.826823e-02 8.079868e-03) (4.529684e-03 -3.807779e-04 7.449033e-05))
486           	((-2.869640e-03 1.013172e+00 1.236845e+01) (-4.149365e-05 1.246811e-02 4.000685e-01)) ((-3.655073e-02 3.848140e-02 8.613556e-03) (4.525115e-03 -3.728493e-04 8.384607e-05))
487           	((1.152271e-03 1.037643e+00 1.236449e+01) (-2.647253e-05 1.256437e-02 4.001053e-01)) ((-3.891852e-02 3.869347e-02 9.158836e-03) (4.519730e-03 -3.642315e-04 9.187621e-05))
488           	((4.238362e-03 1.062645e+00 1.236068e+01) (4.705627e-07 1.267373e-02 4.001288e-01)) ((-4.116063e-02 3.893606e-02 9.698494e-03) (4.511913e-03 -3.559715e-04 9.988427e-05))
489           	((6.363751e-03 1.087546e+00 1.235697e+01) (2.559285e-05 1.278856e-02 4.001331e-01)) ((-4.323307e-02 3.922229e-02 1.018947e-02) (4.501261e-03 -3.447343e-04 1.065602e-04))
490           	((7.741570e-03 1.111721e+00 1.235346e+01) (4.938957e-05 1.290100e-02 4.001372e-01)) ((-4.510345e-02 3.958528e-02 1.060813e-02) (4.490498e-03 -3.364348e-04 1.127768e-04))
491           	((8.718900e-03 1.134528e+00 1.235016e+01) (7.468223e-05 1.301515e-02 4.001409e-01)) ((-4.674953e-02 4.004562e-02 1.094343e-02) (4.478309e-03 -3.251939e-04 1.164426e-04))
492           	((9.343795e-03 1.155578e+00 1.234726e+01) (8.928080e-05 1.311977e-02 4.001491e-01)) ((-4.817454e-02 4.062128e-02 1.120375e-02) (4.466002e-03 -3.161076e-04 1.190123e-04))
493           	((9.825873e-03 1.174622e+00 1.234461e+01) (1.011240e-04 1.322436e-02 4.001544e-01)) ((-4.938991e-02 4.127930e-02 1.139220e-02) (4.452871e-03 -3.077581e-04 1.210190e-04))
494           	((1.052694e-02 1.191291e+00 1.234215e+01) (1.095571e-04 1.331855e-02 4.001637e-01)) ((-5.038830e-02 4.197458e-02 1.149898e-02) (4.439535e-03 -3.007714e-04 1.208653e-04))
495           	((1.153297e-02 1.205265e+00 1.233992e+01) (1.072304e-04 1.340170e-02 4.001686e-01)) ((-5.116886e-02 4.265329e-02 1.153005e-02) (4.423906e-03 -2.936012e-04 1.201810e-04))
496           	((1.261298e-02 1.216256e+00 1.233807e+01) (1.040969e-04 1.348327e-02 4.001792e-01)) ((-5.171268e-02 4.328731e-02 1.149762e-02) (4.407462e-03 -2.878700e-04 1.186574e-04))
497           	((1.325205e-02 1.223984e+00 1.233684e+01) (9.812740e-05 1.355704e-02 4.001679e-01)) ((-5.198980e-02 4.387117e-02 1.141760e-02) (4.390779e-03 -2.818762e-04 1.150107e-04))
498           	((1.322138e-02 1.228278e+00 1.233621e+01) (8.612575e-05 1.361242e-02 4.001433e-01)) ((-5.198934e-02 4.437726e-02 1.132255e-02) (4.371423e-03 -2.786318e-04 1.116522e-04))
499           	((1.290501e-02 1.229770e+00 1.233623e+01) (8.790006e-05 1.366354e-02 4.000977e-01)) ((-5.169235e-02 4.480598e-02 1.117384e-02) (4.351188e-03 -2.723126e-04 1.062893e-04))
500           	((1.250167e-02 1.228672e+00 1.233692e+01) (9.396219e-05 1.369756e-02 4.000381e-01)) ((-5.109969e-02 4.516285e-02 1.096242e-02) (4.331479e-03 -2.682110e-04 1.003472e-04))
