# Forces      
# CofR        : (2.875000e-01 1.270000e-01 2.286000e-01)
# Time        forces(pressure viscous)	moments(pressure viscous)
0             	((0.000000e+00 0.000000e+00 0.000000e+00) (-1.237741e-03 -4.438910e-03 9.253834e-01)) ((0.000000e+00 0.000000e+00 0.000000e+00) (1.925267e-02 1.141364e-03 2.860370e-05))
1             	((-1.314009e-01 -5.014236e-01 1.582610e+01) (-1.300267e-03 -5.771542e-03 9.930309e-01)) ((1.178073e-01 2.334866e-02 5.965575e-03) (2.067415e-02 1.200758e-03 1.024983e-05))
2             	((-2.451251e-01 -3.482670e-01 3.585492e+01) (-9.057506e-04 -5.514676e-03 1.024803e+00)) ((2.316239e-01 3.918412e-02 1.247801e-02) (2.139802e-02 1.319316e-03 -4.226316e-05))
3             	((-3.571655e-01 -1.667387e-01 4.647844e+01) (-6.239867e-05 -3.422030e-03 1.016236e+00)) ((2.564113e-01 5.832724e-02 2.897303e-02) (2.134380e-02 1.225249e-03 -3.076724e-06))
4             	((-4.637481e-01 -9.948939e-02 4.712921e+01) (2.487744e-04 -1.748090e-03 9.871696e-01)) ((2.012230e-01 6.679453e-02 4.564754e-02) (2.099142e-02 1.569053e-03 -1.133696e-04))
5             	((-5.599484e-01 -2.072407e-01 4.043818e+01) (5.739511e-04 -8.648058e-04 9.525947e-01)) ((9.000615e-02 6.400484e-02 6.027644e-02) (2.062588e-02 1.559753e-03 -2.191295e-04))
6             	((-6.381393e-01 -4.832472e-01 3.057401e+01) (7.393885e-04 -9.995034e-04 9.227539e-01)) ((-3.621474e-02 5.188057e-02 7.889571e-02) (2.046914e-02 1.574258e-03 -3.024266e-04))
7             	((-6.342938e-01 -5.781149e-01 2.222077e+01) (1.041972e-03 -1.492945e-03 9.017925e-01)) ((-1.293983e-01 4.274407e-02 9.420331e-02) (2.049335e-02 1.607354e-03 -3.340924e-04))
8             	((-5.603675e-01 -1.680331e-01 1.812927e+01) (1.449536e-03 -1.287045e-03 8.872981e-01)) ((-1.751185e-01 4.043639e-02 9.836154e-02) (2.061429e-02 1.625824e-03 -3.423299e-04))
9             	((-4.473414e-01 6.172035e-01 1.812449e+01) (1.471365e-03 -3.906830e-04 8.761923e-01)) ((-1.865269e-01 4.061168e-02 9.573496e-02) (2.067031e-02 1.620910e-03 -3.342711e-04))
10            	((-2.977112e-01 1.652538e+00 2.067362e+01) (1.430884e-03 1.028241e-03 8.655006e-01)) ((-1.848226e-01 4.448018e-02 8.257692e-02) (2.066584e-02 1.582095e-03 -3.277944e-04))
11            	((-1.474458e-01 2.711410e+00 2.412081e+01) (1.479102e-03 2.429816e-03 8.531185e-01)) ((-1.876333e-01 4.829715e-02 6.169586e-02) (2.053725e-02 1.551387e-03 -3.368018e-04))
12            	((-4.877425e-02 3.406705e+00 2.667954e+01) (1.239516e-03 3.764903e-03 8.395394e-01)) ((-1.966636e-01 4.930296e-02 3.815002e-02) (2.029980e-02 1.466645e-03 -3.464140e-04))
13            	((-4.543353e-02 3.602642e+00 2.738129e+01) (1.009298e-03 4.903845e-03 8.252143e-01)) ((-2.033733e-01 4.680247e-02 2.080126e-02) (2.003320e-02 1.413389e-03 -3.549572e-04))
14            	((-1.030970e-01 3.485729e+00 2.647806e+01) (7.169328e-04 5.885736e-03 8.109430e-01)) ((-2.043638e-01 4.264460e-02 1.420204e-02) (1.980263e-02 1.419256e-03 -3.553402e-04))
15            	((-1.974756e-01 3.239412e+00 2.471290e+01) (6.658800e-04 6.834933e-03 7.973633e-01)) ((-1.976023e-01 3.759471e-02 1.755878e-02) (1.957836e-02 1.433834e-03 -3.447517e-04))
16            	((-2.988829e-01 3.000087e+00 2.275455e+01) (7.046473e-04 7.714627e-03 7.846205e-01)) ((-1.854771e-01 3.322177e-02 2.807857e-02) (1.933330e-02 1.438807e-03 -3.397471e-04))
17            	((-3.784642e-01 2.898941e+00 2.124944e+01) (8.652535e-04 8.582498e-03 7.723384e-01)) ((-1.758426e-01 3.113097e-02 3.941832e-02) (1.908077e-02 1.426361e-03 -3.370977e-04))
18            	((-4.187347e-01 2.981331e+00 2.049701e+01) (1.007211e-03 9.416228e-03 7.606104e-01)) ((-1.742589e-01 2.953826e-02 4.673161e-02) (1.879862e-02 1.433668e-03 -3.423510e-04))
19            	((-4.280949e-01 3.192821e+00 2.038720e+01) (1.149963e-03 1.025072e-02 7.491465e-01)) ((-1.807015e-01 2.783893e-02 4.778849e-02) (1.849156e-02 1.461645e-03 -3.503297e-04))
20            	((-4.234729e-01 3.475765e+00 2.066483e+01) (1.235263e-03 1.102992e-02 7.377976e-01)) ((-1.916724e-01 2.551087e-02 4.356459e-02) (1.815885e-02 1.478823e-03 -3.452670e-04))
21            	((-4.016347e-01 3.784011e+00 2.108791e+01) (1.357558e-03 1.158221e-02 7.266889e-01)) ((-2.015299e-01 2.262895e-02 3.549805e-02) (1.777649e-02 1.493079e-03 -3.549482e-04))
22            	((-3.572063e-01 4.053198e+00 2.141094e+01) (1.507691e-03 1.198649e-02 7.159431e-01)) ((-2.028095e-01 1.993631e-02 2.654723e-02) (1.738129e-02 1.518233e-03 -3.762011e-04))
23            	((-2.924460e-01 4.223443e+00 2.147298e+01) (1.603225e-03 1.229363e-02 7.055213e-01)) ((-1.923748e-01 1.835499e-02 1.984511e-02) (1.700740e-02 1.537807e-03 -3.869699e-04))
24            	((-2.222068e-01 4.279953e+00 2.126794e+01) (1.649793e-03 1.258875e-02 6.956125e-01)) ((-1.737646e-01 1.883562e-02 1.638849e-02) (1.664104e-02 1.579118e-03 -3.874514e-04))
25            	((-1.553747e-01 4.241939e+00 2.088915e+01) (1.668037e-03 1.283143e-02 6.859698e-01)) ((-1.518156e-01 2.115062e-02 1.592575e-02) (1.630359e-02 1.599972e-03 -3.692425e-04))
26            	((-9.887304e-02 4.125311e+00 2.044030e+01) (1.741083e-03 1.304030e-02 6.765074e-01)) ((-1.303629e-01 2.417362e-02 1.814807e-02) (1.597896e-02 1.589418e-03 -3.411286e-04))
27            	((-6.231920e-02 3.944190e+00 2.001086e+01) (1.752685e-03 1.324094e-02 6.672119e-01)) ((-1.133309e-01 2.679169e-02 2.220424e-02) (1.565953e-02 1.558222e-03 -3.074453e-04))
28            	((-4.921932e-02 3.730090e+00 1.966376e+01) (1.681197e-03 1.342175e-02 6.580595e-01)) ((-1.027825e-01 2.805926e-02 2.665675e-02) (1.534939e-02 1.533807e-03 -2.664813e-04))
29            	((-5.428190e-02 3.522993e+00 1.942443e+01) (1.543099e-03 1.358910e-02 6.490589e-01)) ((-9.821845e-02 2.788969e-02 3.001935e-02) (1.504091e-02 1.513337e-03 -2.248686e-04))
30            	((-6.818183e-02 3.348064e+00 1.927757e+01) (1.363928e-03 1.365605e-02 6.402892e-01)) ((-9.681526e-02 2.681886e-02 3.142395e-02) (1.473137e-02 1.496551e-03 -1.840930e-04))
31            	((-8.053250e-02 3.217160e+00 1.918503e+01) (1.167492e-03 1.358866e-02 6.318031e-01)) ((-9.533007e-02 2.525090e-02 3.045578e-02) (1.442891e-02 1.476589e-03 -1.508693e-04))
32            	((-8.177014e-02 3.131246e+00 1.910878e+01) (9.387413e-04 1.350698e-02 6.236571e-01)) ((-9.097564e-02 2.324437e-02 2.721344e-02) (1.412439e-02 1.448297e-03 -1.309859e-04))
33            	((-6.688767e-02 3.085446e+00 1.901577e+01) (7.470977e-04 1.340442e-02 6.158000e-01)) ((-8.236302e-02 2.116988e-02 2.258117e-02) (1.382238e-02 1.428402e-03 -1.166842e-04))
34            	((-4.015375e-02 3.055177e+00 1.888746e+01) (5.103235e-04 1.327481e-02 6.082333e-01)) ((-7.036474e-02 1.952673e-02 1.769840e-02) (1.353269e-02 1.410181e-03 -1.110409e-04))
35            	((-7.369682e-03 3.018179e+00 1.871820e+01) (2.457584e-04 1.316061e-02 6.010367e-01)) ((-5.692387e-02 1.795213e-02 1.346373e-02) (1.325370e-02 1.402157e-03 -1.155419e-04))
36            	((2.577300e-02 2.957471e+00 1.851502e+01) (-1.383807e-06 1.309627e-02 5.942275e-01)) ((-4.349518e-02 1.638645e-02 1.056928e-02) (1.298080e-02 1.410596e-03 -1.229464e-04))
37            	((5.283262e-02 2.860326e+00 1.829016e+01) (-2.230106e-04 1.308421e-02 5.877493e-01)) ((-3.130982e-02 1.481299e-02 9.448453e-03) (1.271662e-02 1.436887e-03 -1.267433e-04))
38            	((7.275388e-02 2.722585e+00 1.805707e+01) (-3.752941e-04 1.310095e-02 5.815838e-01)) ((-2.138881e-02 1.346996e-02 9.917694e-03) (1.246914e-02 1.468978e-03 -1.318362e-04))
39            	((8.389736e-02 2.554579e+00 1.782741e+01) (-4.643870e-04 1.314377e-02 5.757590e-01)) ((-1.381555e-02 1.300892e-02 1.128570e-02) (1.223437e-02 1.505949e-03 -1.359094e-04))
40            	((8.810494e-02 2.373705e+00 1.761706e+01) (-5.072982e-04 1.325071e-02 5.702780e-01)) ((-8.919182e-03 1.420039e-02 1.279994e-02) (1.200786e-02 1.547323e-03 -1.372621e-04))
41            	((8.697084e-02 2.195394e+00 1.744242e+01) (-5.310518e-04 1.343957e-02 5.653201e-01)) ((-6.855032e-03 1.653965e-02 1.397049e-02) (1.179685e-02 1.589509e-03 -1.384800e-04))
42            	((8.479515e-02 2.033870e+00 1.730132e+01) (-4.932534e-04 1.372661e-02 5.605694e-01)) ((-6.640076e-03 1.994106e-02 1.480564e-02) (1.158747e-02 1.635751e-03 -1.397990e-04))
43            	((8.285076e-02 1.894531e+00 1.718255e+01) (-4.097645e-04 1.407423e-02 5.560139e-01)) ((-6.800549e-03 2.413046e-02 1.532054e-02) (1.138224e-02 1.677678e-03 -1.441336e-04))
44            	((8.325655e-02 1.778233e+00 1.707347e+01) (-3.191490e-04 1.445992e-02 5.516334e-01)) ((-6.150446e-03 2.868472e-02 1.523051e-02) (1.117331e-02 1.719245e-03 -1.471332e-04))
45            	((8.754783e-02 1.686815e+00 1.696611e+01) (-2.329999e-04 1.490337e-02 5.473883e-01)) ((-4.137894e-03 3.297176e-02 1.454781e-02) (1.096190e-02 1.753612e-03 -1.489416e-04))
46            	((9.685505e-02 1.621149e+00 1.685758e+01) (-1.751680e-04 1.538840e-02 5.432782e-01)) ((-7.436514e-04 3.671198e-02 1.329662e-02) (1.074677e-02 1.778179e-03 -1.476452e-04))
47            	((1.105002e-01 1.579006e+00 1.674682e+01) (-1.519174e-04 1.593192e-02 5.392844e-01)) ((3.315636e-03 3.969032e-02 1.161693e-02) (1.052852e-02 1.799194e-03 -1.440072e-04))
48            	((1.255028e-01 1.555928e+00 1.663531e+01) (-1.066502e-04 1.649853e-02 5.353847e-01)) ((7.121688e-03 4.180417e-02 9.770648e-03) (1.030569e-02 1.808518e-03 -1.435750e-04))
49            	((1.397962e-01 1.544568e+00 1.652417e+01) (-3.544488e-05 1.709499e-02 5.315654e-01)) ((1.020124e-02 4.298841e-02 8.019140e-03) (1.008117e-02 1.816220e-03 -1.476858e-04))
50            	((1.526086e-01 1.535991e+00 1.641543e+01) (3.205794e-05 1.775509e-02 5.278401e-01)) ((1.227401e-02 4.339147e-02 6.349751e-03) (9.856347e-03 1.820026e-03 -1.551208e-04))
51            	((1.639029e-01 1.524291e+00 1.631009e+01) (9.539859e-05 1.847392e-02 5.242204e-01)) ((1.331245e-02 4.335220e-02 4.759747e-03) (9.632141e-03 1.816308e-03 -1.665026e-04))
52            	((1.722890e-01 1.507390e+00 1.620814e+01) (1.752315e-04 1.922648e-02 5.206775e-01)) ((1.343913e-02 4.307278e-02 3.327550e-03) (9.411427e-03 1.808858e-03 -1.814562e-04))
53            	((1.751717e-01 1.484488e+00 1.610931e+01) (2.837455e-04 2.000686e-02 5.172337e-01)) ((1.288382e-02 4.270032e-02 2.068065e-03) (9.201543e-03 1.801647e-03 -1.982812e-04))
54            	((1.703754e-01 1.456133e+00 1.601392e+01) (4.134578e-04 2.077702e-02 5.138926e-01)) ((1.165335e-02 4.213129e-02 7.433808e-04) (8.996061e-03 1.793008e-03 -2.212643e-04))
55            	((1.582000e-01 1.425753e+00 1.592374e+01) (5.817769e-04 2.152510e-02 5.106372e-01)) ((9.932436e-03 4.135762e-02 -6.272027e-04) (8.798809e-03 1.781476e-03 -2.467883e-04))
56            	((1.410780e-01 1.396833e+00 1.584051e+01) (7.950003e-04 2.226579e-02 5.074860e-01)) ((8.071723e-03 4.042898e-02 -1.810257e-03) (8.607296e-03 1.769839e-03 -2.746850e-04))
57            	((1.212677e-01 1.369581e+00 1.576469e+01) (1.022335e-03 2.301175e-02 5.044191e-01)) ((6.154809e-03 3.942103e-02 -2.479132e-03) (8.417711e-03 1.759074e-03 -2.995873e-04))
58            	((1.007914e-01 1.342255e+00 1.569530e+01) (1.279730e-03 2.376448e-02 5.014566e-01)) ((4.207985e-03 3.825713e-02 -2.634663e-03) (8.230554e-03 1.755296e-03 -3.218043e-04))
59            	((8.064044e-02 1.312661e+00 1.563027e+01) (1.555774e-03 2.449833e-02 4.986052e-01)) ((2.096108e-03 3.696363e-02 -2.144640e-03) (8.051387e-03 1.748761e-03 -3.444599e-04))
60            	((6.326095e-02 1.279059e+00 1.556751e+01) (1.839864e-03 2.521361e-02 4.958760e-01)) ((-1.696789e-04 3.582918e-02 -1.098812e-03) (7.877512e-03 1.744817e-03 -3.680056e-04))
61            	((4.901750e-02 1.238892e+00 1.550542e+01) (2.131826e-03 2.586290e-02 4.932412e-01)) ((-2.602615e-03 3.523641e-02 4.766100e-04) (7.707842e-03 1.743628e-03 -3.911444e-04))
62            	((3.716195e-02 1.190165e+00 1.544273e+01) (2.424453e-03 2.646115e-02 4.906907e-01)) ((-5.058596e-03 3.549719e-02 2.454329e-03) (7.543971e-03 1.747167e-03 -4.127958e-04))
63            	((2.792513e-02 1.132596e+00 1.537835e+01) (2.698472e-03 2.700645e-02 4.882483e-01)) ((-7.267624e-03 3.662226e-02 4.690940e-03) (7.388993e-03 1.754902e-03 -4.327918e-04))
64            	((2.272252e-02 1.067177e+00 1.531082e+01) (2.947247e-03 2.748595e-02 4.859389e-01)) ((-9.094316e-03 3.841417e-02 6.974735e-03) (7.247019e-03 1.766700e-03 -4.486411e-04))
65            	((2.243277e-02 9.963892e-01 1.523919e+01) (3.187905e-03 2.789808e-02 4.837697e-01)) ((-1.075964e-02 4.055322e-02 9.056285e-03) (7.118313e-03 1.783516e-03 -4.613006e-04))
66            	((2.643578e-02 9.226240e-01 1.516358e+01) (3.401090e-03 2.822832e-02 4.817248e-01)) ((-1.244604e-02 4.256024e-02 1.050587e-02) (6.998903e-03 1.801643e-03 -4.689106e-04))
67            	((3.334243e-02 8.481256e-01 1.508491e+01) (3.587576e-03 2.847592e-02 4.797981e-01)) ((-1.413681e-02 4.389060e-02 1.085188e-02) (6.891745e-03 1.819099e-03 -4.695663e-04))
68            	((4.112654e-02 7.748583e-01 1.500452e+01) (3.760905e-03 2.863330e-02 4.780106e-01)) ((-1.579730e-02 4.428578e-02 9.907601e-03) (6.794677e-03 1.836105e-03 -4.656744e-04))
69            	((4.843102e-02 7.034866e-01 1.492385e+01) (3.902999e-03 2.869937e-02 4.763591e-01)) ((-1.732167e-02 4.397219e-02 7.828017e-03) (6.707912e-03 1.853324e-03 -4.594388e-04))
70            	((5.474654e-02 6.336576e-01 1.484465e+01) (4.003156e-03 2.868265e-02 4.748267e-01)) ((-1.841554e-02 4.346899e-02 5.081817e-03) (6.635430e-03 1.868374e-03 -4.492848e-04))
71            	((6.005325e-02 5.635006e-01 1.476865e+01) (4.062839e-03 2.856579e-02 4.734098e-01)) ((-1.882855e-02 4.332690e-02 2.264148e-03) (6.572683e-03 1.880758e-03 -4.387984e-04))
72            	((6.475837e-02 4.909094e-01 1.469715e+01) (4.105519e-03 2.838508e-02 4.720673e-01)) ((-1.841095e-02 4.389274e-02 -3.234943e-04) (6.523797e-03 1.889769e-03 -4.231328e-04))
73            	((6.884920e-02 4.140594e-01 1.463158e+01) (4.131335e-03 2.814299e-02 4.707938e-01)) ((-1.704380e-02 4.521090e-02 -2.512345e-03) (6.478460e-03 1.897180e-03 -4.064267e-04))
74            	((7.189579e-02 3.308076e-01 1.457264e+01) (4.123580e-03 2.783739e-02 4.695660e-01)) ((-1.446394e-02 4.711617e-02 -4.355146e-03) (6.439183e-03 1.905777e-03 -3.861699e-04))
75            	((7.379383e-02 2.402301e-01 1.452114e+01) (4.079535e-03 2.748070e-02 4.683815e-01)) ((-1.043096e-02 4.930539e-02 -5.950562e-03) (6.404032e-03 1.908825e-03 -3.635233e-04))
76            	((7.498945e-02 1.425769e-01 1.447730e+01) (3.992126e-03 2.709186e-02 4.672311e-01)) ((-4.956800e-03 5.155471e-02 -7.381935e-03) (6.371055e-03 1.909821e-03 -3.402552e-04))
77            	((7.749506e-02 4.088225e-02 1.444093e+01) (3.888144e-03 2.669082e-02 4.661065e-01)) ((1.611923e-03 5.379294e-02 -8.604237e-03) (6.342764e-03 1.901726e-03 -3.161753e-04))
78            	((8.338601e-02 -5.998511e-02 1.441120e+01) (3.762295e-03 2.624207e-02 4.650013e-01)) ((8.598610e-03 5.600207e-02 -9.575294e-03) (6.313576e-03 1.886483e-03 -2.933789e-04))
79            	((9.503850e-02 -1.556937e-01 1.438613e+01) (3.628341e-03 2.578416e-02 4.639088e-01)) ((1.545503e-02 5.823583e-02 -1.003319e-02) (6.286795e-03 1.871253e-03 -2.681055e-04))
80            	((1.124537e-01 -2.428915e-01 1.436366e+01) (3.470875e-03 2.531721e-02 4.628356e-01)) ((2.170597e-02 6.052659e-02 -9.775757e-03) (6.257693e-03 1.852991e-03 -2.397502e-04))
81            	((1.331619e-01 -3.198630e-01 1.434141e+01) (3.288524e-03 2.484247e-02 4.617545e-01)) ((2.701478e-02 6.292325e-02 -8.797703e-03) (6.226147e-03 1.834227e-03 -2.097020e-04))
82            	((1.544554e-01 -3.855161e-01 1.431736e+01) (3.088167e-03 2.439361e-02 4.606925e-01)) ((3.128834e-02 6.519438e-02 -7.220162e-03) (6.193199e-03 1.815012e-03 -1.777797e-04))
83            	((1.731890e-01 -4.393780e-01 1.428992e+01) (2.878731e-03 2.395276e-02 4.596406e-01)) ((3.460217e-02 6.715485e-02 -5.321230e-03) (6.155815e-03 1.798028e-03 -1.473971e-04))
84            	((1.879686e-01 -4.817245e-01 1.425881e+01) (2.654463e-03 2.355674e-02 4.585754e-01)) ((3.708578e-02 6.872455e-02 -3.417384e-03) (6.119417e-03 1.782479e-03 -1.158440e-04))
85            	((1.979266e-01 -5.128136e-01 1.422455e+01) (2.412793e-03 2.317942e-02 4.575064e-01)) ((3.880051e-02 6.985906e-02 -1.723558e-03) (6.078750e-03 1.767604e-03 -8.459293e-05))
86            	((2.032938e-01 -5.332449e-01 1.418763e+01) (2.157566e-03 2.284046e-02 4.563907e-01)) ((3.978131e-02 7.062429e-02 -3.434462e-04) (6.038583e-03 1.754149e-03 -5.461388e-05))
87            	((2.053072e-01 -5.438875e-01 1.414913e+01) (1.905009e-03 2.252413e-02 4.552638e-01)) ((4.002709e-02 7.114779e-02 6.987194e-04) (5.998144e-03 1.742498e-03 -2.564931e-05))
88            	((2.053780e-01 -5.456193e-01 1.410957e+01) (1.617905e-03 2.220959e-02 4.541088e-01)) ((3.953617e-02 7.162395e-02 1.482802e-03) (5.953613e-03 1.732611e-03 -2.620903e-06))
89            	((2.049097e-01 -5.395837e-01 1.406953e+01) (1.308812e-03 2.193702e-02 4.529158e-01)) ((3.839552e-02 7.218061e-02 2.112247e-03) (5.911316e-03 1.720432e-03 1.990642e-05))
90            	((2.054066e-01 -5.274619e-01 1.402963e+01) (9.762203e-04 2.166233e-02 4.516904e-01)) ((3.679707e-02 7.287035e-02 2.668513e-03) (5.864056e-03 1.704285e-03 3.860266e-05))
91            	((2.079537e-01 -5.110364e-01 1.399033e+01) (6.347995e-04 2.141693e-02 4.504343e-01)) ((3.494764e-02 7.364810e-02 3.091859e-03) (5.816923e-03 1.686040e-03 5.741504e-05))
92            	((2.127374e-01 -4.914379e-01 1.395201e+01) (3.166755e-04 2.117693e-02 4.491771e-01)) ((3.299664e-02 7.440559e-02 3.230550e-03) (5.767652e-03 1.664196e-03 7.680978e-05))
93            	((2.196089e-01 -4.696327e-01 1.391438e+01) (2.229468e-05 2.094747e-02 4.478932e-01)) ((3.100227e-02 7.514185e-02 2.966119e-03) (5.715998e-03 1.640744e-03 9.651088e-05))
94            	((2.277996e-01 -4.463048e-01 1.387749e+01) (-2.320789e-04 2.075276e-02 4.465843e-01)) ((2.905785e-02 7.586256e-02 2.363817e-03) (5.664710e-03 1.610185e-03 1.181367e-04))
95            	((2.360318e-01 -4.222244e-01 1.384144e+01) (-4.604619e-04 2.055940e-02 4.452610e-01)) ((2.729632e-02 7.662315e-02 1.576398e-03) (5.608066e-03 1.578546e-03 1.356464e-04))
96            	((2.436489e-01 -3.981584e-01 1.380680e+01) (-6.685471e-04 2.039784e-02 4.439276e-01)) ((2.582859e-02 7.734422e-02 8.067388e-04) (5.554150e-03 1.545379e-03 1.516347e-04))
97            	((2.502153e-01 -3.759453e-01 1.377469e+01) (-8.538628e-04 2.024024e-02 4.425973e-01)) ((2.478641e-02 7.794391e-02 2.641184e-04) (5.497104e-03 1.511268e-03 1.604575e-04))
98            	((2.553687e-01 -3.575980e-01 1.374580e+01) (-1.028802e-03 2.009258e-02 4.412611e-01)) ((2.417744e-02 7.841431e-02 1.046852e-04) (5.442179e-03 1.479154e-03 1.659543e-04))
99            	((2.591435e-01 -3.447654e-01 1.372060e+01) (-1.173587e-03 1.996283e-02 4.399448e-01)) ((2.399604e-02 7.876221e-02 3.435894e-04) (5.388973e-03 1.447604e-03 1.694608e-04))
100           	((2.614571e-01 -3.381840e-01 1.369869e+01) (-1.290475e-03 1.982291e-02 4.386539e-01)) ((2.422820e-02 7.900940e-02 8.829259e-04) (5.339457e-03 1.416609e-03 1.697642e-04))
101           	((2.628240e-01 -3.379065e-01 1.367944e+01) (-1.363471e-03 1.970521e-02 4.374002e-01)) ((2.481551e-02 7.910947e-02 1.508306e-03) (5.296797e-03 1.387038e-03 1.699808e-04))
102           	((2.637328e-01 -3.428837e-01 1.366206e+01) (-1.407620e-03 1.957453e-02 4.361895e-01)) ((2.569346e-02 7.903175e-02 2.033854e-03) (5.256193e-03 1.358109e-03 1.658094e-04))
103           	((2.646012e-01 -3.516114e-01 1.364556e+01) (-1.432458e-03 1.945979e-02 4.349750e-01)) ((2.676371e-02 7.879282e-02 2.379538e-03) (5.220233e-03 1.335800e-03 1.625520e-04))
104           	((2.652895e-01 -3.623859e-01 1.362931e+01) (-1.432686e-03 1.934128e-02 4.338034e-01)) ((2.796685e-02 7.843013e-02 2.619621e-03) (5.188506e-03 1.313866e-03 1.579622e-04))
105           	((2.653713e-01 -3.738489e-01 1.361266e+01) (-1.422685e-03 1.921303e-02 4.326386e-01)) ((2.926209e-02 7.798774e-02 2.863739e-03) (5.160811e-03 1.296206e-03 1.514469e-04))
106           	((2.642625e-01 -3.855403e-01 1.359516e+01) (-1.389075e-03 1.909094e-02 4.315184e-01)) ((3.065986e-02 7.737549e-02 3.273389e-03) (5.140470e-03 1.280517e-03 1.459140e-04))
107           	((2.614233e-01 -3.969579e-01 1.357665e+01) (-1.347732e-03 1.893865e-02 4.304410e-01)) ((3.214940e-02 7.652351e-02 4.059511e-03) (5.121547e-03 1.265041e-03 1.351910e-04))
108           	((2.565766e-01 -4.074446e-01 1.355697e+01) (-1.306852e-03 1.879875e-02 4.293927e-01)) ((3.368175e-02 7.531919e-02 5.374976e-03) (5.109140e-03 1.250974e-03 1.251856e-04))
109           	((2.495346e-01 -4.159868e-01 1.353652e+01) (-1.261456e-03 1.863579e-02 4.283963e-01)) ((3.516229e-02 7.374837e-02 7.243852e-03) (5.097780e-03 1.234573e-03 1.132541e-04))
110           	((2.404839e-01 -4.212909e-01 1.351549e+01) (-1.235505e-03 1.846831e-02 4.274232e-01)) ((3.651568e-02 7.186937e-02 9.556629e-03) (5.090706e-03 1.217716e-03 1.026275e-04))
111           	((2.295990e-01 -4.224017e-01 1.349451e+01) (-1.209736e-03 1.830350e-02 4.264992e-01)) ((3.771029e-02 6.971694e-02 1.218352e-02) (5.087902e-03 1.195982e-03 9.282413e-05))
112           	((2.169901e-01 -4.191213e-01 1.347397e+01) (-1.208901e-03 1.812407e-02 4.256283e-01)) ((3.871332e-02 6.737147e-02 1.487830e-02) (5.088454e-03 1.170038e-03 8.065372e-05))
113           	((2.028998e-01 -4.114708e-01 1.345422e+01) (-1.219033e-03 1.796522e-02 4.247801e-01)) ((3.945533e-02 6.493690e-02 1.741804e-02) (5.097310e-03 1.139092e-03 6.986780e-05))
114           	((1.873633e-01 -4.001165e-01 1.343577e+01) (-1.250470e-03 1.779770e-02 4.239874e-01)) ((3.989279e-02 6.257652e-02 1.974459e-02) (5.106272e-03 1.101098e-03 5.677989e-05))
115           	((1.705040e-01 -3.864423e-01 1.341866e+01) (-1.299232e-03 1.765071e-02 4.232261e-01)) ((4.001508e-02 6.039102e-02 2.189825e-02) (5.119549e-03 1.060769e-03 4.451930e-05))
116           	((1.523082e-01 -3.714759e-01 1.340316e+01) (-1.365028e-03 1.751579e-02 4.225252e-01)) ((3.983247e-02 5.836270e-02 2.398664e-02) (5.133694e-03 1.015157e-03 3.245512e-05))
117           	((1.329842e-01 -3.558330e-01 1.338904e+01) (-1.446315e-03 1.738349e-02 4.218547e-01)) ((3.934674e-02 5.644923e-02 2.604195e-02) (5.146420e-03 9.689653e-04 1.735708e-05))
118           	((1.131257e-01 -3.392856e-01 1.337606e+01) (-1.536691e-03 1.728369e-02 4.212034e-01)) ((3.858873e-02 5.455098e-02 2.801814e-02) (5.163824e-03 9.212896e-04 3.808429e-06))
119           	((9.309348e-02 -3.213803e-01 1.336388e+01) (-1.645174e-03 1.718139e-02 4.205854e-01)) ((3.759308e-02 5.262453e-02 2.985192e-02) (5.178675e-03 8.706081e-04 -1.253573e-05))
120           	((7.359796e-02 -3.011061e-01 1.335196e+01) (-1.768534e-03 1.711206e-02 4.199729e-01)) ((3.634466e-02 5.065399e-02 3.146143e-02) (5.195724e-03 8.205677e-04 -2.497237e-05))
121           	((5.479465e-02 -2.772943e-01 1.334042e+01) (-1.883234e-03 1.704678e-02 4.193667e-01)) ((3.486213e-02 4.866864e-02 3.281907e-02) (5.209692e-03 7.691776e-04 -3.747351e-05))
122           	((3.638079e-02 -2.494206e-01 1.332917e+01) (-2.001397e-03 1.699965e-02 4.187541e-01)) ((3.313933e-02 4.672194e-02 3.386791e-02) (5.221603e-03 7.241087e-04 -4.952445e-05))
123           	((1.840560e-02 -2.170585e-01 1.331849e+01) (-2.103333e-03 1.699478e-02 4.181412e-01)) ((3.113146e-02 4.484903e-02 3.456758e-02) (5.231385e-03 6.786641e-04 -6.061191e-05))
124           	((9.372964e-04 -1.798766e-01 1.330856e+01) (-2.197818e-03 1.699621e-02 4.175285e-01)) ((2.874810e-02 4.315658e-02 3.484327e-02) (5.233512e-03 6.363065e-04 -7.456701e-05))
125           	((-1.617696e-02 -1.376264e-01 1.329949e+01) (-2.270083e-03 1.703898e-02 4.169054e-01)) ((2.587443e-02 4.164529e-02 3.459699e-02) (5.234627e-03 5.981359e-04 -8.555592e-05))
126           	((-3.303926e-02 -9.031803e-02 1.329149e+01) (-2.333744e-03 1.708644e-02 4.162960e-01)) ((2.250287e-02 4.027415e-02 3.377503e-02) (5.228314e-03 5.586726e-04 -9.838895e-05))
127           	((-4.915490e-02 -3.812430e-02 1.328433e+01) (-2.396303e-03 1.716434e-02 4.156759e-01)) ((1.871728e-02 3.900531e-02 3.236841e-02) (5.220676e-03 5.214073e-04 -1.103184e-04))
128           	((-6.358969e-02 1.816366e-02 1.327807e+01) (-2.444163e-03 1.725880e-02 4.150535e-01)) ((1.466555e-02 3.782690e-02 3.053783e-02) (5.212085e-03 4.839317e-04 -1.203986e-04))
129           	((-7.553982e-02 7.706746e-02 1.327230e+01) (-2.479391e-03 1.735108e-02 4.144232e-01)) ((1.049233e-02 3.682793e-02 2.846476e-02) (5.200269e-03 4.478558e-04 -1.317443e-04))
130           	((-8.435098e-02 1.371908e-01 1.326659e+01) (-2.496505e-03 1.747138e-02 4.137920e-01)) ((6.306977e-03 3.605738e-02 2.633345e-02) (5.191372e-03 4.127094e-04 -1.398389e-04))
131           	((-9.006974e-02 1.976111e-01 1.326087e+01) (-2.506208e-03 1.757967e-02 4.131646e-01)) ((2.172978e-03 3.557384e-02 2.425388e-02) (5.179588e-03 3.773309e-04 -1.500765e-04))
132           	((-9.299533e-02 2.577154e-01 1.325480e+01) (-2.506414e-03 1.771451e-02 4.125107e-01)) ((-1.888793e-03 3.535054e-02 2.228904e-02) (5.170036e-03 3.449105e-04 -1.579170e-04))
133           	((-9.385865e-02 3.172877e-01 1.324841e+01) (-2.500761e-03 1.784836e-02 4.118635e-01)) ((-5.816369e-03 3.528376e-02 2.046251e-02) (5.157904e-03 3.120008e-04 -1.659002e-04))
134           	((-9.341568e-02 3.759057e-01 1.324156e+01) (-2.501674e-03 1.798634e-02 4.112231e-01)) ((-9.543294e-03 3.531289e-02 1.875026e-02) (5.145135e-03 2.822316e-04 -1.750707e-04))
135           	((-9.207170e-02 4.330223e-01 1.323457e+01) (-2.496252e-03 1.814401e-02 4.105960e-01)) ((-1.298142e-02 3.534425e-02 1.716184e-02) (5.136139e-03 2.530267e-04 -1.811625e-04))
136           	((-9.035287e-02 4.879555e-01 1.322770e+01) (-2.489352e-03 1.828036e-02 4.099908e-01)) ((-1.608660e-02 3.537746e-02 1.571315e-02) (5.124624e-03 2.256484e-04 -1.904818e-04))
137           	((-8.830215e-02 5.397996e-01 1.322095e+01) (-2.480645e-03 1.843415e-02 4.093934e-01)) ((-1.881652e-02 3.539584e-02 1.441687e-02) (5.117826e-03 2.023014e-04 -1.953414e-04))
138           	((-8.600400e-02 5.876070e-01 1.321445e+01) (-2.474974e-03 1.856526e-02 4.088264e-01)) ((-2.108517e-02 3.540108e-02 1.333411e-02) (5.110354e-03 1.795880e-04 -1.998948e-04))
139           	((-8.371836e-02 6.306522e-01 1.320788e+01) (-2.482498e-03 1.868570e-02 4.082661e-01)) ((-2.287316e-02 3.543593e-02 1.250359e-02) (5.103272e-03 1.599830e-04 -2.041566e-04))
140           	((-8.170108e-02 6.689221e-01 1.320122e+01) (-2.495090e-03 1.880545e-02 4.077137e-01)) ((-2.415382e-02 3.551182e-02 1.198698e-02) (5.099733e-03 1.422611e-04 -2.047839e-04))
141           	((-8.012392e-02 7.028082e-01 1.319442e+01) (-2.518201e-03 1.888898e-02 4.071697e-01)) ((-2.493997e-02 3.567285e-02 1.182049e-02) (5.096808e-03 1.250822e-04 -2.065630e-04))
142           	((-7.848855e-02 7.330646e-01 1.318746e+01) (-2.547465e-03 1.896604e-02 4.066205e-01)) ((-2.526632e-02 3.592221e-02 1.200124e-02) (5.099480e-03 1.101708e-04 -2.052755e-04))
143           	((-7.639877e-02 7.600361e-01 1.318076e+01) (-2.583786e-03 1.900557e-02 4.060859e-01)) ((-2.516065e-02 3.627983e-02 1.247709e-02) (5.102494e-03 9.457347e-05 -2.050916e-04))
144           	((-7.341432e-02 7.836227e-01 1.317442e+01) (-2.629597e-03 1.903333e-02 4.055498e-01)) ((-2.466314e-02 3.675245e-02 1.314645e-02) (5.108759e-03 8.117086e-05 -2.027758e-04))
145           	((-6.913253e-02 8.037034e-01 1.316874e+01) (-2.680099e-03 1.904378e-02 4.050429e-01)) ((-2.378614e-02 3.730044e-02 1.391985e-02) (5.118264e-03 6.488157e-05 -1.983372e-04))
146           	((-6.329282e-02 8.199085e-01 1.316358e+01) (-2.749298e-03 1.901830e-02 4.045487e-01)) ((-2.256392e-02 3.790233e-02 1.471752e-02) (5.128771e-03 4.924548e-05 -1.942724e-04))
147           	((-5.573346e-02 8.318825e-01 1.315903e+01) (-2.822841e-03 1.898962e-02 4.040695e-01)) ((-2.104381e-02 3.846195e-02 1.549603e-02) (5.145529e-03 3.338994e-05 -1.873103e-04))
148           	((-4.682915e-02 8.392994e-01 1.315516e+01) (-2.900356e-03 1.891613e-02 4.036153e-01)) ((-1.927555e-02 3.897230e-02 1.619434e-02) (5.161862e-03 1.687092e-05 -1.828735e-04))
149           	((-3.719128e-02 8.416537e-01 1.315181e+01) (-2.982469e-03 1.884221e-02 4.031716e-01)) ((-1.726005e-02 3.940966e-02 1.685424e-02) (5.185511e-03 2.636516e-06 -1.763070e-04))
150           	((-2.768592e-02 8.389099e-01 1.314894e+01) (-3.055256e-03 1.873254e-02 4.027616e-01)) ((-1.494140e-02 3.973426e-02 1.754217e-02) (5.210849e-03 -1.303972e-05 -1.705516e-04))
151           	((-1.915660e-02 8.316034e-01 1.314643e+01) (-3.136603e-03 1.859420e-02 4.023570e-01)) ((-1.233267e-02 3.992425e-02 1.828464e-02) (5.236795e-03 -2.536521e-05 -1.658830e-04))
152           	((-1.216353e-02 8.209284e-01 1.314447e+01) (-3.207538e-03 1.846104e-02 4.019559e-01)) ((-9.477517e-03 3.991796e-02 1.908979e-02) (5.268446e-03 -3.711565e-05 -1.591715e-04))
153           	((-7.102580e-03 8.082583e-01 1.314319e+01) (-3.276708e-03 1.829598e-02 4.015754e-01)) ((-6.436633e-03 3.973285e-02 1.997164e-02) (5.298900e-03 -4.862081e-05 -1.556981e-04))
154           	((-3.885436e-03 7.948143e-01 1.314266e+01) (-3.343633e-03 1.812918e-02 4.011925e-01)) ((-3.279503e-03 3.936025e-02 2.089246e-02) (5.334766e-03 -5.770534e-05 -1.513990e-04))
155           	((-2.524624e-03 7.816608e-01 1.314336e+01) (-3.404879e-03 1.794030e-02 4.008279e-01)) ((-8.418528e-05 3.882166e-02 2.183117e-02) (5.367961e-03 -6.863095e-05 -1.496165e-04))
156           	((-2.885414e-03 7.696235e-01 1.314528e+01) (-3.462933e-03 1.774628e-02 4.004618e-01)) ((3.041136e-03 3.817325e-02 2.277717e-02) (5.402679e-03 -7.681493e-05 -1.477543e-04))
157           	((-4.637980e-03 7.592721e-01 1.314851e+01) (-3.506270e-03 1.755502e-02 4.001067e-01)) ((6.035112e-03 3.745078e-02 2.374211e-02) (5.439228e-03 -8.724394e-05 -1.445705e-04))
158           	((-7.632858e-03 7.506867e-01 1.315274e+01) (-3.541538e-03 1.733897e-02 3.997663e-01)) ((8.868955e-03 3.670400e-02 2.469456e-02) (5.472785e-03 -9.505466e-05 -1.446155e-04))
159           	((-1.173954e-02 7.436015e-01 1.315774e+01) (-3.565870e-03 1.715119e-02 3.994430e-01)) ((1.151936e-02 3.588736e-02 2.560040e-02) (5.507442e-03 -1.013504e-04 -1.425311e-04))
160           	((-1.713059e-02 7.378174e-01 1.316335e+01) (-3.581891e-03 1.695162e-02 3.991489e-01)) ((1.396593e-02 3.497333e-02 2.646382e-02) (5.536447e-03 -1.089870e-04 -1.437822e-04))
161           	((-2.343114e-02 7.332511e-01 1.316906e+01) (-3.591860e-03 1.677690e-02 3.988535e-01)) ((1.617544e-02 3.394233e-02 2.727458e-02) (5.563913e-03 -1.146947e-04 -1.444997e-04))
162           	((-3.048458e-02 7.301512e-01 1.317481e+01) (-3.595804e-03 1.660950e-02 3.986026e-01)) ((1.808654e-02 3.275507e-02 2.803839e-02) (5.585570e-03 -1.216318e-04 -1.454285e-04))
163           	((-3.830472e-02 7.286352e-01 1.318050e+01) (-3.598761e-03 1.645432e-02 3.983548e-01)) ((1.962573e-02 3.146322e-02 2.875801e-02) (5.599872e-03 -1.248738e-04 -1.473980e-04))
164           	((-4.671550e-02 7.292535e-01 1.318609e+01) (-3.588826e-03 1.633896e-02 3.981249e-01)) ((2.078152e-02 3.008405e-02 2.944213e-02) (5.612597e-03 -1.286099e-04 -1.459733e-04))
165           	((-5.565122e-02 7.328596e-01 1.319128e+01) (-3.571624e-03 1.621601e-02 3.979258e-01)) ((2.158547e-02 2.868793e-02 3.007902e-02) (5.616771e-03 -1.351621e-04 -1.466620e-04))
166           	((-6.472490e-02 7.396785e-01 1.319574e+01) (-3.546890e-03 1.612462e-02 3.977398e-01)) ((2.203700e-02 2.734944e-02 3.068209e-02) (5.617420e-03 -1.388693e-04 -1.454741e-04))
167           	((-7.374442e-02 7.498029e-01 1.319978e+01) (-3.507978e-03 1.603733e-02 3.975768e-01)) ((2.210755e-02 2.614095e-02 3.129764e-02) (5.610251e-03 -1.438063e-04 -1.452858e-04))
168           	((-8.232641e-02 7.631523e-01 1.320311e+01) (-3.461316e-03 1.596563e-02 3.974242e-01)) ((2.179134e-02 2.513746e-02 3.194459e-02) (5.598518e-03 -1.470296e-04 -1.454043e-04))
169           	((-8.990027e-02 7.793292e-01 1.320553e+01) (-3.394050e-03 1.592781e-02 3.973001e-01)) ((2.115594e-02 2.431719e-02 3.265027e-02) (5.585529e-03 -1.509404e-04 -1.436953e-04))
170           	((-9.639246e-02 7.975912e-01 1.320691e+01) (-3.332219e-03 1.587712e-02 3.971765e-01)) ((2.025830e-02 2.367120e-02 3.340509e-02) (5.564854e-03 -1.545269e-04 -1.444813e-04))
171           	((-1.018806e-01 8.170949e-01 1.320735e+01) (-3.261759e-03 1.585941e-02 3.970542e-01)) ((1.914826e-02 2.313957e-02 3.414597e-02) (5.545207e-03 -1.555456e-04 -1.428519e-04))
172           	((-1.065853e-01 8.371826e-01 1.320708e+01) (-3.188598e-03 1.583627e-02 3.969499e-01)) ((1.793664e-02 2.269212e-02 3.486573e-02) (5.520149e-03 -1.590769e-04 -1.427103e-04))
173           	((-1.104341e-01 8.573185e-01 1.320581e+01) (-3.113010e-03 1.582285e-02 3.968410e-01)) ((1.670887e-02 2.233727e-02 3.556424e-02) (5.495385e-03 -1.610462e-04 -1.422230e-04))
174           	((-1.133123e-01 8.771194e-01 1.320367e+01) (-3.034022e-03 1.581864e-02 3.967320e-01)) ((1.552802e-02 2.206802e-02 3.623810e-02) (5.470511e-03 -1.633111e-04 -1.403783e-04))
175           	((-1.153569e-01 8.960434e-01 1.320085e+01) (-2.961714e-03 1.579850e-02 3.966258e-01)) ((1.438024e-02 2.194543e-02 3.684871e-02) (5.444382e-03 -1.638842e-04 -1.404724e-04))
176           	((-1.162547e-01 9.138188e-01 1.319744e+01) (-2.881827e-03 1.579802e-02 3.965048e-01)) ((1.324648e-02 2.197613e-02 3.740268e-02) (5.422554e-03 -1.642687e-04 -1.382565e-04))
177           	((-1.158679e-01 9.304227e-01 1.319345e+01) (-2.804519e-03 1.578267e-02 3.963945e-01)) ((1.210756e-02 2.216554e-02 3.792784e-02) (5.399156e-03 -1.667188e-04 -1.383832e-04))
178           	((-1.142243e-01 9.456653e-01 1.318866e+01) (-2.733142e-03 1.577219e-02 3.962692e-01)) ((1.093816e-02 2.250007e-02 3.842509e-02) (5.379211e-03 -1.658170e-04 -1.379395e-04))
179           	((-1.117891e-01 9.594790e-01 1.318348e+01) (-2.660190e-03 1.575188e-02 3.961498e-01)) ((9.733876e-03 2.293177e-02 3.891568e-02) (5.361280e-03 -1.657049e-04 -1.384433e-04))
180           	((-1.089868e-01 9.717467e-01 1.317783e+01) (-2.591600e-03 1.571301e-02 3.960227e-01)) ((8.495742e-03 2.346830e-02 3.940237e-02) (5.343712e-03 -1.621091e-04 -1.408289e-04))
181           	((-1.057523e-01 9.826500e-01 1.317168e+01) (-2.519048e-03 1.568687e-02 3.958907e-01)) ((7.268622e-03 2.404511e-02 3.988815e-02) (5.332225e-03 -1.583578e-04 -1.410518e-04))
182           	((-1.022244e-01 9.922493e-01 1.316507e+01) (-2.453675e-03 1.562786e-02 3.957687e-01)) ((6.101831e-03 2.466409e-02 4.036439e-02) (5.319589e-03 -1.529571e-04 -1.446718e-04))
183           	((-9.828287e-02 1.000211e+00 1.315808e+01) (-2.391273e-03 1.557410e-02 3.956300e-01)) ((5.011389e-03 2.529505e-02 4.080427e-02) (5.313055e-03 -1.441383e-04 -1.466035e-04))
184           	((-9.395193e-02 1.006575e+00 1.315126e+01) (-2.327298e-03 1.550024e-02 3.955100e-01)) ((4.031383e-03 2.590345e-02 4.118266e-02) (5.307178e-03 -1.374378e-04 -1.504251e-04))
185           	((-8.927972e-02 1.011380e+00 1.314484e+01) (-2.273082e-03 1.541670e-02 3.953833e-01)) ((3.159807e-03 2.647256e-02 4.148489e-02) (5.303809e-03 -1.279582e-04 -1.548078e-04))
186           	((-8.429319e-02 1.014727e+00 1.313925e+01) (-2.212156e-03 1.533213e-02 3.952633e-01)) ((2.419327e-03 2.693421e-02 4.172630e-02) (5.304980e-03 -1.199990e-04 -1.579548e-04))
187           	((-7.945412e-02 1.017131e+00 1.313488e+01) (-2.158360e-03 1.522335e-02 3.951547e-01)) ((1.813763e-03 2.726628e-02 4.196763e-02) (5.305137e-03 -1.109741e-04 -1.639631e-04))
188           	((-7.496422e-02 1.019146e+00 1.313193e+01) (-2.105190e-03 1.513204e-02 3.950444e-01)) ((1.305491e-03 2.743198e-02 4.221603e-02) (5.308928e-03 -1.015720e-04 -1.674563e-04))
189           	((-7.093469e-02 1.021433e+00 1.313070e+01) (-2.046577e-03 1.503340e-02 3.949439e-01)) ((8.553820e-04 2.742802e-02 4.242423e-02) (5.310709e-03 -9.411203e-05 -1.726064e-04))
190           	((-6.759083e-02 1.024459e+00 1.313094e+01) (-1.986718e-03 1.493697e-02 3.948419e-01)) ((4.108434e-04 2.726516e-02 4.252518e-02) (5.313749e-03 -8.411941e-05 -1.783988e-04))
191           	((-6.483274e-02 1.028844e+00 1.313263e+01) (-1.919763e-03 1.485502e-02 3.947592e-01)) ((-7.447247e-05 2.692721e-02 4.246901e-02) (5.319000e-03 -7.660782e-05 -1.826194e-04))
192           	((-6.279340e-02 1.035194e+00 1.313535e+01) (-1.869354e-03 1.476803e-02 3.946755e-01)) ((-6.437536e-04 2.646032e-02 4.221471e-02) (5.322519e-03 -6.943770e-05 -1.877929e-04))
193           	((-6.131604e-02 1.043551e+00 1.313874e+01) (-1.816445e-03 1.470596e-02 3.945978e-01)) ((-1.314760e-03 2.588304e-02 4.178539e-02) (5.329636e-03 -6.314104e-05 -1.896561e-04))
194           	((-6.052852e-02 1.053511e+00 1.314249e+01) (-1.766206e-03 1.463759e-02 3.945512e-01)) ((-2.089641e-03 2.522876e-02 4.121965e-02) (5.334262e-03 -5.946484e-05 -1.940159e-04))
195           	((-6.026552e-02 1.064576e+00 1.314599e+01) (-1.723526e-03 1.459219e-02 3.944977e-01)) ((-3.002016e-03 2.451748e-02 4.056947e-02) (5.338835e-03 -5.636396e-05 -1.960722e-04))
196           	((-6.029245e-02 1.076593e+00 1.314910e+01) (-1.684609e-03 1.456375e-02 3.944628e-01)) ((-4.091798e-03 2.375097e-02 3.988511e-02) (5.342287e-03 -5.607919e-05 -1.974737e-04))
197           	((-6.027455e-02 1.089359e+00 1.315145e+01) (-1.647605e-03 1.454093e-02 3.944330e-01)) ((-5.382834e-03 2.298377e-02 3.916524e-02) (5.342217e-03 -5.685678e-05 -2.002935e-04))
198           	((-5.967789e-02 1.103109e+00 1.315298e+01) (-1.614494e-03 1.455334e-02 3.943984e-01)) ((-6.878888e-03 2.220451e-02 3.838412e-02) (5.343676e-03 -5.850451e-05 -1.988224e-04))
199           	((-5.847525e-02 1.117866e+00 1.315370e+01) (-1.596011e-03 1.456340e-02 3.943810e-01)) ((-8.549960e-03 2.144003e-02 3.750600e-02) (5.338589e-03 -6.220367e-05 -1.993268e-04))
200           	((-5.647419e-02 1.133830e+00 1.315349e+01) (-1.588431e-03 1.460543e-02 3.943465e-01)) ((-1.039247e-02 2.069202e-02 3.652775e-02) (5.334528e-03 -6.596868e-05 -1.974401e-04))
201           	((-5.371028e-02 1.151463e+00 1.315255e+01) (-1.588667e-03 1.464929e-02 3.943209e-01)) ((-1.237811e-02 1.996399e-02 3.547343e-02) (5.325045e-03 -7.379984e-05 -1.957821e-04))
202           	((-5.022569e-02 1.170814e+00 1.315064e+01) (-1.600564e-03 1.470573e-02 3.942692e-01)) ((-1.449615e-02 1.930311e-02 3.434771e-02) (5.312506e-03 -8.108866e-05 -1.943796e-04))
203           	((-4.623195e-02 1.191821e+00 1.314779e+01) (-1.611871e-03 1.479335e-02 3.942207e-01)) ((-1.670910e-02 1.871158e-02 3.324653e-02) (5.299385e-03 -9.088940e-05 -1.909711e-04))
204           	((-4.198271e-02 1.214123e+00 1.314397e+01) (-1.630919e-03 1.487051e-02 3.941726e-01)) ((-1.896974e-02 1.823320e-02 3.223725e-02) (5.280170e-03 -1.023147e-04 -1.893298e-04))
205           	((-3.741586e-02 1.236906e+00 1.313914e+01) (-1.651016e-03 1.498245e-02 3.941057e-01)) ((-2.122303e-02 1.786939e-02 3.136640e-02) (5.260361e-03 -1.119133e-04 -1.845879e-04))
206           	((-3.269556e-02 1.259258e+00 1.313362e+01) (-1.669497e-03 1.509379e-02 3.940500e-01)) ((-2.340631e-02 1.761870e-02 3.066064e-02) (5.235174e-03 -1.243320e-04 -1.813425e-04))
207           	((-2.781756e-02 1.280281e+00 1.312740e+01) (-1.692297e-03 1.521546e-02 3.939801e-01)) ((-2.550177e-02 1.749541e-02 3.010506e-02) (5.207513e-03 -1.357044e-04 -1.776750e-04))
208           	((-2.285817e-02 1.299408e+00 1.312077e+01) (-1.712137e-03 1.534985e-02 3.939166e-01)) ((-2.749273e-02 1.748078e-02 2.971646e-02) (5.180094e-03 -1.479543e-04 -1.718598e-04))
209           	((-1.806368e-02 1.316192e+00 1.311391e+01) (-1.735121e-03 1.547136e-02 3.938505e-01)) ((-2.937062e-02 1.762651e-02 2.950459e-02) (5.148251e-03 -1.600865e-04 -1.677908e-04))
210           	((-1.340744e-02 1.330233e+00 1.310679e+01) (-1.751214e-03 1.561418e-02 3.937799e-01)) ((-3.110281e-02 1.793648e-02 2.948191e-02) (5.119279e-03 -1.708693e-04 -1.612432e-04))
211           	((-8.800068e-03 1.341394e+00 1.309951e+01) (-1.765899e-03 1.574185e-02 3.937256e-01)) ((-3.264612e-02 1.843999e-02 2.963180e-02) (5.086336e-03 -1.837238e-04 -1.566717e-04))
212           	((-4.007905e-03 1.349652e+00 1.309180e+01) (-1.781563e-03 1.587270e-02 3.936538e-01)) ((-3.398208e-02 1.914839e-02 2.991697e-02) (5.055336e-03 -1.943603e-04 -1.510574e-04))
213           	((9.393000e-04 1.355176e+00 1.308385e+01) (-1.792026e-03 1.600571e-02 3.935873e-01)) ((-3.508488e-02 2.000693e-02 3.029600e-02) (5.024940e-03 -2.067055e-04 -1.442863e-04))
214           	((5.645643e-03 1.358218e+00 1.307562e+01) (-1.804038e-03 1.612276e-02 3.935170e-01)) ((-3.594269e-02 2.099626e-02 3.072758e-02) (4.992848e-03 -2.169086e-04 -1.390483e-04))
215           	((1.010129e-02 1.359209e+00 1.306739e+01) (-1.803604e-03 1.625703e-02 3.934374e-01)) ((-3.652162e-02 2.203553e-02 3.119913e-02) (4.965053e-03 -2.263244e-04 -1.316766e-04))
216           	((1.414436e-02 1.358358e+00 1.305952e+01) (-1.804201e-03 1.635665e-02 3.933544e-01)) ((-3.681395e-02 2.311205e-02 3.173448e-02) (4.933373e-03 -2.352401e-04 -1.269686e-04))
217           	((1.785726e-02 1.355395e+00 1.305206e+01) (-1.800624e-03 1.646675e-02 3.932519e-01)) ((-3.682880e-02 2.421917e-02 3.234027e-02) (4.904179e-03 -2.401319e-04 -1.208464e-04))
218           	((2.117287e-02 1.350059e+00 1.304521e+01) (-1.788685e-03 1.655877e-02 3.931430e-01)) ((-3.655684e-02 2.535300e-02 3.302074e-02) (4.874292e-03 -2.464504e-04 -1.168248e-04))
219           	((2.402184e-02 1.341768e+00 1.303875e+01) (-1.779458e-03 1.663262e-02 3.930264e-01)) ((-3.598824e-02 2.654863e-02 3.373513e-02) (4.844915e-03 -2.484599e-04 -1.145054e-04))
220           	((2.653190e-02 1.330315e+00 1.303266e+01) (-1.757645e-03 1.671223e-02 3.928900e-01)) ((-3.511249e-02 2.776890e-02 3.444313e-02) (4.819042e-03 -2.505107e-04 -1.107534e-04))
221           	((2.856250e-02 1.315656e+00 1.302698e+01) (-1.735698e-03 1.675627e-02 3.927500e-01)) ((-3.395350e-02 2.900599e-02 3.510053e-02) (4.791359e-03 -2.506051e-04 -1.108552e-04))
222           	((3.035060e-02 1.298020e+00 1.302160e+01) (-1.709188e-03 1.680524e-02 3.925951e-01)) ((-3.256713e-02 3.021527e-02 3.567777e-02) (4.768824e-03 -2.466339e-04 -1.100275e-04))
223           	((3.184516e-02 1.277867e+00 1.301683e+01) (-1.674733e-03 1.682950e-02 3.924374e-01)) ((-3.099344e-02 3.134328e-02 3.617748e-02) (4.745952e-03 -2.442864e-04 -1.117711e-04))
224           	((3.309471e-02 1.255650e+00 1.301258e+01) (-1.642409e-03 1.683784e-02 3.922703e-01)) ((-2.927507e-02 3.238155e-02 3.658778e-02) (4.725437e-03 -2.386330e-04 -1.155042e-04))
225           	((3.431795e-02 1.232234e+00 1.300902e+01) (-1.598809e-03 1.684568e-02 3.920945e-01)) ((-2.743062e-02 3.327534e-02 3.692260e-02) (4.708968e-03 -2.335377e-04 -1.189669e-04))
226           	((3.542032e-02 1.208433e+00 1.300618e+01) (-1.561696e-03 1.682061e-02 3.919207e-01)) ((-2.548172e-02 3.403587e-02 3.719346e-02) (4.691291e-03 -2.270881e-04 -1.254593e-04))
227           	((3.639714e-02 1.184754e+00 1.300403e+01) (-1.519862e-03 1.680405e-02 3.917165e-01)) ((-2.344752e-02 3.465001e-02 3.741243e-02) (4.679092e-03 -2.184158e-04 -1.305031e-04))
228           	((3.707437e-02 1.161439e+00 1.300270e+01) (-1.475244e-03 1.676228e-02 3.915152e-01)) ((-2.133441e-02 3.512207e-02 3.759673e-02) (4.665840e-03 -2.123716e-04 -1.380403e-04))
229           	((3.745407e-02 1.138458e+00 1.300190e+01) (-1.433870e-03 1.671479e-02 3.912993e-01)) ((-1.918611e-02 3.546713e-02 3.773226e-02) (4.654129e-03 -2.041312e-04 -1.459155e-04))
230           	((3.773987e-02 1.115830e+00 1.300153e+01) (-1.386462e-03 1.667502e-02 3.910875e-01)) ((-1.702440e-02 3.566812e-02 3.781288e-02) (4.645289e-03 -1.980459e-04 -1.528693e-04))
231           	((3.804378e-02 1.093484e+00 1.300138e+01) (-1.347774e-03 1.662591e-02 3.908646e-01)) ((-1.487922e-02 3.577034e-02 3.779783e-02) (4.635203e-03 -1.909417e-04 -1.621699e-04))
232           	((3.855799e-02 1.071541e+00 1.300138e+01) (-1.305104e-03 1.659791e-02 3.906388e-01)) ((-1.278327e-02 3.575606e-02 3.765404e-02) (4.629283e-03 -1.833550e-04 -1.695543e-04))
233           	((3.915365e-02 1.050179e+00 1.300171e+01) (-1.264127e-03 1.656186e-02 3.904296e-01)) ((-1.076060e-02 3.563400e-02 3.736057e-02) (4.620535e-03 -1.765461e-04 -1.797839e-04))
234           	((3.982235e-02 1.029663e+00 1.300224e+01) (-1.231544e-03 1.654110e-02 3.902083e-01)) ((-8.830570e-03 3.540178e-02 3.694098e-02) (4.613864e-03 -1.678004e-04 -1.885988e-04))
235           	((4.033948e-02 1.010190e+00 1.300322e+01) (-1.198986e-03 1.652762e-02 3.899937e-01)) ((-6.998939e-03 3.502664e-02 3.646720e-02) (4.606224e-03 -1.621833e-04 -1.967204e-04))
236           	((4.044604e-02 9.915734e-01 1.300453e+01) (-1.179584e-03 1.651668e-02 3.897859e-01)) ((-5.295909e-03 3.455160e-02 3.595771e-02) (4.597771e-03 -1.546782e-04 -2.065458e-04))
237           	((4.019941e-02 9.738745e-01 1.300627e+01) (-1.155517e-03 1.653378e-02 3.895733e-01)) ((-3.749280e-03 3.397682e-02 3.543379e-02) (4.590784e-03 -1.483643e-04 -2.130859e-04))
238           	((3.942075e-02 9.571961e-01 1.300842e+01) (-1.146930e-03 1.653586e-02 3.893768e-01)) ((-2.389746e-03 3.336595e-02 3.492051e-02) (4.580761e-03 -1.430782e-04 -2.218945e-04))
239           	((3.825262e-02 9.417095e-01 1.301074e+01) (-1.146973e-03 1.656542e-02 3.891780e-01)) ((-1.262546e-03 3.275592e-02 3.443100e-02) (4.572427e-03 -1.368672e-04 -2.277756e-04))
240           	((3.658422e-02 9.281790e-01 1.301318e+01) (-1.146997e-03 1.658911e-02 3.890089e-01)) ((-3.915811e-04 3.215520e-02 3.401309e-02) (4.561069e-03 -1.351870e-04 -2.342100e-04))
241           	((3.440727e-02 9.169295e-01 1.301533e+01) (-1.160657e-03 1.661479e-02 3.888430e-01)) ((1.814467e-04 3.160564e-02 3.364276e-02) (4.548819e-03 -1.317936e-04 -2.405085e-04))
242           	((3.185935e-02 9.083571e-01 1.301705e+01) (-1.165864e-03 1.665794e-02 3.886911e-01)) ((4.245361e-04 3.109370e-02 3.331458e-02) (4.538817e-03 -1.307697e-04 -2.446007e-04))
243           	((2.880451e-02 9.025423e-01 1.301810e+01) (-1.182190e-03 1.668341e-02 3.885553e-01)) ((2.922709e-04 3.065057e-02 3.302633e-02) (4.524042e-03 -1.287905e-04 -2.509707e-04))
244           	((2.547882e-02 8.994295e-01 1.301825e+01) (-1.198539e-03 1.672200e-02 3.884066e-01)) ((-2.323150e-04 3.027332e-02 3.278642e-02) (4.512146e-03 -1.257420e-04 -2.551977e-04))
245           	((2.197479e-02 8.987562e-01 1.301764e+01) (-1.203068e-03 1.674569e-02 3.882829e-01)) ((-1.111655e-03 2.996824e-02 3.260945e-02) (4.496113e-03 -1.242268e-04 -2.618598e-04))
246           	((1.860851e-02 9.001880e-01 1.301614e+01) (-1.216029e-03 1.677049e-02 3.881521e-01)) ((-2.308053e-03 2.976234e-02 3.246823e-02) (4.479037e-03 -1.193386e-04 -2.692419e-04))
247           	((1.573513e-02 9.034900e-01 1.301396e+01) (-1.216771e-03 1.680322e-02 3.880353e-01)) ((-3.760732e-03 2.962109e-02 3.235066e-02) (4.462660e-03 -1.151133e-04 -2.753998e-04))
248           	((1.331476e-02 9.081747e-01 1.301112e+01) (-1.219432e-03 1.681573e-02 3.879212e-01)) ((-5.405003e-03 2.954311e-02 3.224270e-02) (4.443564e-03 -1.084986e-04 -2.843508e-04))
249           	((1.139863e-02 9.136914e-01 1.300761e+01) (-1.213518e-03 1.683737e-02 3.878109e-01)) ((-7.168211e-03 2.948381e-02 3.214166e-02) (4.427128e-03 -1.000644e-04 -2.915586e-04))
250           	((9.746074e-03 9.194823e-01 1.300356e+01) (-1.207635e-03 1.683670e-02 3.877272e-01)) ((-8.974235e-03 2.943472e-02 3.208102e-02) (4.408808e-03 -9.185355e-05 -3.010726e-04))
251           	((8.350476e-03 9.248145e-01 1.299888e+01) (-1.204333e-03 1.683290e-02 3.876422e-01)) ((-1.076614e-02 2.941864e-02 3.208945e-02) (4.394286e-03 -8.123951e-05 -3.093384e-04))
252           	((7.283631e-03 9.292941e-01 1.299364e+01) (-1.199737e-03 1.682203e-02 3.875813e-01)) ((-1.249472e-02 2.942901e-02 3.220546e-02) (4.382323e-03 -7.259997e-05 -3.164532e-04))
253           	((6.500998e-03 9.326343e-01 1.298770e+01) (-1.203729e-03 1.679351e-02 3.875358e-01)) ((-1.414877e-02 2.951436e-02 3.243803e-02) (4.371224e-03 -6.247560e-05 -3.239073e-04))
254           	((6.199832e-03 9.348694e-01 1.298095e+01) (-1.202436e-03 1.677693e-02 3.875076e-01)) ((-1.573739e-02 2.966740e-02 3.275903e-02) (4.366482e-03 -5.269908e-05 -3.288768e-04))
255           	((6.176103e-03 9.361782e-01 1.297345e+01) (-1.204311e-03 1.673398e-02 3.874930e-01)) ((-1.728689e-02 2.989170e-02 3.311047e-02) (4.361752e-03 -4.426704e-05 -3.355850e-04))
256           	((6.427315e-03 9.366388e-01 1.296515e+01) (-1.207131e-03 1.670068e-02 3.874717e-01)) ((-1.884084e-02 3.015481e-02 3.343020e-02) (4.362512e-03 -3.308079e-05 -3.402926e-04))
257           	((6.900824e-03 9.365466e-01 1.295654e+01) (-1.205351e-03 1.665647e-02 3.874749e-01)) ((-2.039947e-02 3.041540e-02 3.368704e-02) (4.363028e-03 -2.506124e-05 -3.451113e-04))
258           	((7.449780e-03 9.360801e-01 1.294784e+01) (-1.213171e-03 1.660378e-02 3.874629e-01)) ((-2.198487e-02 3.069525e-02 3.386872e-02) (4.364973e-03 -1.491082e-05 -3.504342e-04))
259           	((8.142654e-03 9.355048e-01 1.293938e+01) (-1.213497e-03 1.656763e-02 3.874452e-01)) ((-2.358805e-02 3.094407e-02 3.399267e-02) (4.371162e-03 -6.761421e-06 -3.527600e-04))
260           	((8.831799e-03 9.350840e-01 1.293136e+01) (-1.225098e-03 1.650814e-02 3.874289e-01)) ((-2.519504e-02 3.117422e-02 3.404249e-02) (4.375803e-03 -2.738132e-07 -3.569041e-04))
261           	((9.761415e-03 9.351129e-01 1.292370e+01) (-1.242099e-03 1.646704e-02 3.873928e-01)) ((-2.678722e-02 3.136495e-02 3.398987e-02) (4.383971e-03 6.327857e-06 -3.577221e-04))
262           	((1.090595e-02 9.360164e-01 1.291662e+01) (-1.259087e-03 1.640895e-02 3.873564e-01)) ((-2.834636e-02 3.150239e-02 3.383073e-02) (4.390556e-03 9.333313e-06 -3.587005e-04))
263           	((1.223408e-02 9.380939e-01 1.290994e+01) (-1.285220e-03 1.635296e-02 3.873044e-01)) ((-2.988701e-02 3.159875e-02 3.355333e-02) (4.397590e-03 1.306757e-05 -3.589556e-04))
264           	((1.378405e-02 9.418990e-01 1.290382e+01) (-1.307168e-03 1.631224e-02 3.872429e-01)) ((-3.141474e-02 3.164286e-02 3.317883e-02) (4.407081e-03 1.344742e-05 -3.564009e-04))
265           	((1.535261e-02 9.475188e-01 1.289837e+01) (-1.337746e-03 1.625120e-02 3.871921e-01)) ((-3.294563e-02 3.166424e-02 3.271607e-02) (4.414058e-03 1.279250e-05 -3.557283e-04))
266           	((1.704917e-02 9.547269e-01 1.289372e+01) (-1.368886e-03 1.620812e-02 3.871186e-01)) ((-3.447525e-02 3.163658e-02 3.218493e-02) (4.424425e-03 1.238883e-05 -3.515250e-04))
267           	((1.872922e-02 9.632885e-01 1.289022e+01) (-1.399606e-03 1.615311e-02 3.870647e-01)) ((-3.596834e-02 3.154594e-02 3.162521e-02) (4.432141e-03 9.072513e-06 -3.483324e-04))
268           	((2.030382e-02 9.729592e-01 1.288782e+01) (-1.434609e-03 1.610042e-02 3.869948e-01)) ((-3.739374e-02 3.138577e-02 3.104410e-02) (4.441306e-03 5.675057e-06 -3.447261e-04))
269           	((2.168131e-02 9.836859e-01 1.288673e+01) (-1.464788e-03 1.606357e-02 3.869386e-01)) ((-3.870815e-02 3.111856e-02 3.046790e-02) (4.452138e-03 -3.286025e-07 -3.388097e-04))
270           	((2.267428e-02 9.953336e-01 1.288674e+01) (-1.502083e-03 1.601619e-02 3.868930e-01)) ((-3.989138e-02 3.078692e-02 2.989520e-02) (4.460845e-03 -6.144666e-06 -3.344379e-04))
271           	((2.347608e-02 1.007577e+00 1.288770e+01) (-1.534931e-03 1.599427e-02 3.868389e-01)) ((-4.092941e-02 3.040878e-02 2.933564e-02) (4.472531e-03 -1.301712e-05 -3.264791e-04))
272           	((2.403906e-02 1.020041e+00 1.288964e+01) (-1.573551e-03 1.596346e-02 3.868059e-01)) ((-4.179858e-02 3.004408e-02 2.881938e-02) (4.479906e-03 -2.228908e-05 -3.202927e-04))
273           	((2.457063e-02 1.032163e+00 1.289234e+01) (-1.611898e-03 1.594857e-02 3.867578e-01)) ((-4.247341e-02 2.971894e-02 2.834330e-02) (4.488267e-03 -3.088624e-05 -3.122493e-04))
274           	((2.520402e-02 1.043564e+00 1.289595e+01) (-1.649384e-03 1.593643e-02 3.867258e-01)) ((-4.291113e-02 2.943380e-02 2.792206e-02) (4.495411e-03 -4.232490e-05 -3.029353e-04))
275           	((2.589748e-02 1.053792e+00 1.290028e+01) (-1.695008e-03 1.592203e-02 3.866965e-01)) ((-4.310683e-02 2.924104e-02 2.755027e-02) (4.499327e-03 -5.344767e-05 -2.940593e-04))
276           	((2.669488e-02 1.062693e+00 1.290530e+01) (-1.731188e-03 1.593425e-02 3.866654e-01)) ((-4.307315e-02 2.911507e-02 2.726403e-02) (4.506191e-03 -6.485471e-05 -2.816785e-04))
277           	((2.743841e-02 1.070099e+00 1.291089e+01) (-1.766371e-03 1.593178e-02 3.866498e-01)) ((-4.285359e-02 2.908029e-02 2.708171e-02) (4.507152e-03 -7.669519e-05 -2.721465e-04))
278           	((2.834883e-02 1.075797e+00 1.291675e+01) (-1.798193e-03 1.595161e-02 3.866040e-01)) ((-4.250919e-02 2.911765e-02 2.700080e-02) (4.509803e-03 -8.761171e-05 -2.602299e-04))
279           	((2.935978e-02 1.080099e+00 1.292284e+01) (-1.818715e-03 1.596856e-02 3.865801e-01)) ((-4.206701e-02 2.919594e-02 2.703866e-02) (4.507726e-03 -1.004393e-04 -2.500951e-04))
280           	((3.056541e-02 1.082984e+00 1.292873e+01) (-1.834725e-03 1.598450e-02 3.865328e-01)) ((-4.158435e-02 2.932152e-02 2.713238e-02) (4.503576e-03 -1.110847e-04 -2.412517e-04))
281           	((3.219771e-02 1.084535e+00 1.293442e+01) (-1.837047e-03 1.601758e-02 3.864847e-01)) ((-4.111085e-02 2.946082e-02 2.721793e-02) (4.500137e-03 -1.223197e-04 -2.311319e-04))
282           	((3.410047e-02 1.084782e+00 1.293980e+01) (-1.831989e-03 1.603000e-02 3.864368e-01)) ((-4.067978e-02 2.965106e-02 2.726205e-02) (4.491663e-03 -1.320157e-04 -2.247080e-04))
283           	((3.631517e-02 1.083906e+00 1.294471e+01) (-1.817942e-03 1.606498e-02 3.863787e-01)) ((-4.029829e-02 2.989085e-02 2.726119e-02) (4.485722e-03 -1.387475e-04 -2.174350e-04))
284           	((3.866557e-02 1.082309e+00 1.294919e+01) (-1.790220e-03 1.607953e-02 3.863295e-01)) ((-3.994864e-02 3.019037e-02 2.724592e-02) (4.474924e-03 -1.478583e-04 -2.129015e-04))
285           	((4.108611e-02 1.080207e+00 1.295308e+01) (-1.758193e-03 1.609902e-02 3.862663e-01)) ((-3.962255e-02 3.056507e-02 2.722734e-02) (4.462856e-03 -1.526619e-04 -2.097547e-04))
286           	((4.350266e-02 1.078251e+00 1.295656e+01) (-1.709580e-03 1.612264e-02 3.862063e-01)) ((-3.928985e-02 3.097720e-02 2.723647e-02) (4.450377e-03 -1.579048e-04 -2.067089e-04))
287           	((4.576504e-02 1.076461e+00 1.295967e+01) (-1.657429e-03 1.612996e-02 3.861492e-01)) ((-3.897090e-02 3.142056e-02 2.726384e-02) (4.434207e-03 -1.610222e-04 -2.067404e-04))
288           	((4.792838e-02 1.074802e+00 1.296248e+01) (-1.593423e-03 1.615360e-02 3.860768e-01)) ((-3.869327e-02 3.184117e-02 2.731321e-02) (4.419867e-03 -1.611065e-04 -2.058330e-04))
289           	((4.975557e-02 1.073345e+00 1.296511e+01) (-1.522582e-03 1.614620e-02 3.860260e-01)) ((-3.848743e-02 3.222534e-02 2.740019e-02) (4.400880e-03 -1.610452e-04 -2.087065e-04))
290           	((5.136887e-02 1.071966e+00 1.296740e+01) (-1.453173e-03 1.614047e-02 3.859455e-01)) ((-3.840427e-02 3.258942e-02 2.751687e-02) (4.381987e-03 -1.586491e-04 -2.120562e-04))
291           	((5.276711e-02 1.070468e+00 1.296942e+01) (-1.374486e-03 1.612482e-02 3.858738e-01)) ((-3.846195e-02 3.292574e-02 2.766460e-02) (4.361964e-03 -1.572772e-04 -2.174014e-04))
292           	((5.385584e-02 1.068495e+00 1.297093e+01) (-1.297552e-03 1.608498e-02 3.857959e-01)) ((-3.866907e-02 3.325697e-02 2.779682e-02) (4.340591e-03 -1.524186e-04 -2.252969e-04))
293           	((5.497026e-02 1.066065e+00 1.297184e+01) (-1.216403e-03 1.605930e-02 3.857087e-01)) ((-3.897342e-02 3.353897e-02 2.789365e-02) (4.321437e-03 -1.489970e-04 -2.311675e-04))
294           	((5.612794e-02 1.063149e+00 1.297209e+01) (-1.139825e-03 1.600386e-02 3.856201e-01)) ((-3.933627e-02 3.378503e-02 2.794455e-02) (4.299626e-03 -1.441036e-04 -2.404495e-04))
295           	((5.749691e-02 1.059882e+00 1.297144e+01) (-1.066936e-03 1.595571e-02 3.855271e-01)) ((-3.973498e-02 3.398665e-02 2.795045e-02) (4.281483e-03 -1.365857e-04 -2.483011e-04))
296           	((5.898643e-02 1.056476e+00 1.297001e+01) (-9.932699e-04 1.588940e-02 3.854436e-01)) ((-4.015491e-02 3.414063e-02 2.794686e-02) (4.262672e-03 -1.307103e-04 -2.579045e-04))
297           	((6.049987e-02 1.052940e+00 1.296761e+01) (-9.302129e-04 1.581988e-02 3.853317e-01)) ((-4.062557e-02 3.428187e-02 2.796071e-02) (4.243903e-03 -1.229215e-04 -2.679535e-04))
298           	((6.207797e-02 1.049559e+00 1.296437e+01) (-8.675355e-04 1.576278e-02 3.852233e-01)) ((-4.115199e-02 3.438630e-02 2.799737e-02) (4.230039e-03 -1.161677e-04 -2.760316e-04))
299           	((6.349172e-02 1.046539e+00 1.296031e+01) (-8.171127e-04 1.568535e-02 3.851037e-01)) ((-4.173130e-02 3.447953e-02 2.805387e-02) (4.213495e-03 -1.110921e-04 -2.858198e-04))
300           	((6.477567e-02 1.043832e+00 1.295541e+01) (-7.698963e-04 1.563294e-02 3.849578e-01)) ((-4.236651e-02 3.455405e-02 2.809180e-02) (4.202192e-03 -1.043455e-04 -2.935158e-04))
301           	((6.587051e-02 1.041546e+00 1.294987e+01) (-7.302614e-04 1.556469e-02 3.848131e-01)) ((-4.301624e-02 3.461156e-02 2.809646e-02) (4.189797e-03 -1.016122e-04 -3.029181e-04))
302           	((6.678272e-02 1.039652e+00 1.294357e+01) (-7.063559e-04 1.550219e-02 3.846474e-01)) ((-4.367454e-02 3.467290e-02 2.803823e-02) (4.179399e-03 -9.802679e-05 -3.117293e-04))
303           	((6.756082e-02 1.038263e+00 1.293668e+01) (-6.815682e-04 1.545258e-02 3.844779e-01)) ((-4.433850e-02 3.472627e-02 2.792224e-02) (4.171352e-03 -9.792727e-05 -3.187021e-04))
304           	((6.810860e-02 1.037341e+00 1.292915e+01) (-6.785828e-04 1.539707e-02 3.843041e-01)) ((-4.502203e-02 3.480127e-02 2.775311e-02) (4.163099e-03 -9.745063e-05 -3.261723e-04))
305           	((6.857302e-02 1.036921e+00 1.292114e+01) (-6.811867e-04 1.536353e-02 3.841268e-01)) ((-4.576242e-02 3.487308e-02 2.755968e-02) (4.158281e-03 -9.953265e-05 -3.297889e-04))
306           	((6.864539e-02 1.037180e+00 1.291294e+01) (-6.962103e-04 1.532290e-02 3.839548e-01)) ((-4.659779e-02 3.494241e-02 2.738701e-02) (4.151745e-03 -1.031033e-04 -3.343337e-04))
307           	((6.822520e-02 1.038364e+00 1.290462e+01) (-7.195101e-04 1.529807e-02 3.837811e-01)) ((-4.756520e-02 3.500753e-02 2.726302e-02) (4.147281e-03 -1.072976e-04 -3.364687e-04))
308           	((6.710327e-02 1.040752e+00 1.289661e+01) (-7.478233e-04 1.528400e-02 3.836277e-01)) ((-4.868453e-02 3.505254e-02 2.721878e-02) (4.143327e-03 -1.144734e-04 -3.373150e-04))
309           	((6.520037e-02 1.044330e+00 1.288901e+01) (-7.846948e-04 1.526498e-02 3.834697e-01)) ((-4.995401e-02 3.510350e-02 2.723793e-02) (4.137765e-03 -1.217163e-04 -3.379180e-04))
310           	((6.277680e-02 1.049130e+00 1.288211e+01) (-8.199693e-04 1.527223e-02 3.833265e-01)) ((-5.132292e-02 3.512365e-02 2.732362e-02) (4.136592e-03 -1.301157e-04 -3.347038e-04))
311           	((5.996959e-02 1.055145e+00 1.287617e+01) (-8.602235e-04 1.526673e-02 3.832084e-01)) ((-5.270982e-02 3.512958e-02 2.745226e-02) (4.132022e-03 -1.410472e-04 -3.335985e-04))
312           	((5.702460e-02 1.062195e+00 1.287126e+01) (-9.029067e-04 1.529019e-02 3.830884e-01)) ((-5.404451e-02 3.510523e-02 2.759787e-02) (4.132089e-03 -1.505564e-04 -3.289286e-04))
313           	((5.383062e-02 1.069947e+00 1.286777e+01) (-9.397082e-04 1.531349e-02 3.830018e-01)) ((-5.525331e-02 3.503232e-02 2.778294e-02) (4.129365e-03 -1.638568e-04 -3.259727e-04))
314           	((5.033056e-02 1.077903e+00 1.286560e+01) (-9.816335e-04 1.535208e-02 3.829300e-01)) ((-5.631315e-02 3.494311e-02 2.799316e-02) (4.127476e-03 -1.741386e-04 -3.226648e-04))
315           	((4.663776e-02 1.085869e+00 1.286486e+01) (-1.013537e-03 1.541890e-02 3.828746e-01)) ((-5.722153e-02 3.482071e-02 2.823453e-02) (4.126610e-03 -1.858495e-04 -3.173506e-04))
316           	((4.268870e-02 1.093835e+00 1.286542e+01) (-1.043827e-03 1.547991e-02 3.828479e-01)) ((-5.801163e-02 3.470224e-02 2.849257e-02) (4.123460e-03 -1.958612e-04 -3.149373e-04))
317           	((3.873834e-02 1.101802e+00 1.286702e+01) (-1.066541e-03 1.557288e-02 3.828246e-01)) ((-5.873462e-02 3.458716e-02 2.875625e-02) (4.122966e-03 -2.050067e-04 -3.109888e-04))
318           	((3.474462e-02 1.110227e+00 1.286949e+01) (-1.085843e-03 1.566700e-02 3.828468e-01)) ((-5.941891e-02 3.448501e-02 2.902894e-02) (4.120721e-03 -2.136886e-04 -3.093280e-04))
319           	((3.082938e-02 1.119184e+00 1.287230e+01) (-1.101035e-03 1.577607e-02 3.828727e-01)) ((-6.008517e-02 3.441674e-02 2.930089e-02) (4.118623e-03 -2.196607e-04 -3.082929e-04))
320           	((2.714457e-02 1.128676e+00 1.287541e+01) (-1.105737e-03 1.590270e-02 3.829295e-01)) ((-6.074699e-02 3.436328e-02 2.956202e-02) (4.118146e-03 -2.248907e-04 -3.070408e-04))
321           	((2.364788e-02 1.138323e+00 1.287867e+01) (-1.107210e-03 1.602367e-02 3.829943e-01)) ((-6.143044e-02 3.433915e-02 2.979840e-02) (4.114994e-03 -2.276005e-04 -3.083940e-04))
322           	((2.055425e-02 1.147603e+00 1.288205e+01) (-1.101192e-03 1.617242e-02 3.830677e-01)) ((-6.215211e-02 3.430525e-02 2.999765e-02) (4.114943e-03 -2.275230e-04 -3.083462e-04))
323           	((1.793809e-02 1.156003e+00 1.288565e+01) (-1.088310e-03 1.630226e-02 3.831583e-01)) ((-6.289818e-02 3.426185e-02 3.012168e-02) (4.111486e-03 -2.274892e-04 -3.108126e-04))
324           	((1.596138e-02 1.163551e+00 1.288926e+01) (-1.077420e-03 1.644368e-02 3.832370e-01)) ((-6.365866e-02 3.420171e-02 3.016081e-02) (4.109682e-03 -2.229735e-04 -3.118474e-04))
325           	((1.470113e-02 1.170309e+00 1.289298e+01) (-1.057549e-03 1.657494e-02 3.833370e-01)) ((-6.440316e-02 3.411328e-02 3.009279e-02) (4.105523e-03 -2.199503e-04 -3.141807e-04))
326           	((1.419104e-02 1.176022e+00 1.289653e+01) (-1.044213e-03 1.668805e-02 3.834394e-01)) ((-6.514476e-02 3.405499e-02 2.988013e-02) (4.100140e-03 -2.128729e-04 -3.172605e-04))
327           	((1.457383e-02 1.180720e+00 1.289987e+01) (-1.016790e-03 1.680843e-02 3.835390e-01)) ((-6.588624e-02 3.402616e-02 2.952915e-02) (4.097244e-03 -2.055259e-04 -3.173272e-04))
328           	((1.569863e-02 1.184312e+00 1.290286e+01) (-9.981219e-04 1.688840e-02 3.836649e-01)) ((-6.664974e-02 3.407779e-02 2.906368e-02) (4.089533e-03 -1.977046e-04 -3.205241e-04))
329           	((1.763501e-02 1.186835e+00 1.290535e+01) (-9.710608e-04 1.696695e-02 3.837839e-01)) ((-6.744721e-02 3.420181e-02 2.851353e-02) (4.085504e-03 -1.876532e-04 -3.204112e-04))
330           	((2.033097e-02 1.188637e+00 1.290749e+01) (-9.427671e-04 1.701512e-02 3.839194e-01)) ((-6.824909e-02 3.437924e-02 2.793093e-02) (4.078976e-03 -1.781162e-04 -3.209199e-04))
331           	((2.364537e-02 1.189672e+00 1.290913e+01) (-9.147295e-04 1.703992e-02 3.840504e-01)) ((-6.903715e-02 3.461201e-02 2.737159e-02) (4.073302e-03 -1.666633e-04 -3.209094e-04))
332           	((2.746377e-02 1.189859e+00 1.291036e+01) (-8.846190e-04 1.705608e-02 3.841895e-01)) ((-6.975967e-02 3.486595e-02 2.685537e-02) (4.070723e-03 -1.558237e-04 -3.182145e-04))
333           	((3.148119e-02 1.188853e+00 1.291108e+01) (-8.526844e-04 1.703439e-02 3.843236e-01)) ((-7.037889e-02 3.515696e-02 2.638790e-02) (4.066015e-03 -1.446353e-04 -3.164410e-04))
334           	((3.562128e-02 1.186201e+00 1.291119e+01) (-8.288934e-04 1.701260e-02 3.844432e-01)) ((-7.088366e-02 3.545584e-02 2.597325e-02) (4.066567e-03 -1.312411e-04 -3.112823e-04))
335           	((3.965872e-02 1.181510e+00 1.291078e+01) (-8.008748e-04 1.695523e-02 3.845684e-01)) ((-7.126672e-02 3.575472e-02 2.561398e-02) (4.065255e-03 -1.208640e-04 -3.075308e-04))
336           	((4.345901e-02 1.174448e+00 1.290957e+01) (-7.818848e-04 1.688720e-02 3.846565e-01)) ((-7.154547e-02 3.605688e-02 2.530762e-02) (4.067197e-03 -1.080550e-04 -3.027477e-04))
337           	((4.713134e-02 1.165093e+00 1.290764e+01) (-7.569204e-04 1.680726e-02 3.847407e-01)) ((-7.171031e-02 3.634723e-02 2.503638e-02) (4.070468e-03 -9.865972e-05 -2.969543e-04))
338           	((5.078858e-02 1.153431e+00 1.290488e+01) (-7.428035e-04 1.670568e-02 3.848035e-01)) ((-7.175042e-02 3.667635e-02 2.479570e-02) (4.074110e-03 -8.866023e-05 -2.924312e-04))
339           	((5.469122e-02 1.139763e+00 1.290142e+01) (-7.313563e-04 1.660944e-02 3.848311e-01)) ((-7.164656e-02 3.702951e-02 2.460137e-02) (4.082395e-03 -8.008155e-05 -2.851246e-04))
340           	((5.875548e-02 1.124470e+00 1.289741e+01) (-7.284371e-04 1.647802e-02 3.848504e-01)) ((-7.139320e-02 3.740069e-02 2.444208e-02) (4.089217e-03 -7.157075e-05 -2.795709e-04))
341           	((6.296897e-02 1.108010e+00 1.289292e+01) (-7.278399e-04 1.635318e-02 3.848424e-01)) ((-7.099653e-02 3.775914e-02 2.430418e-02) (4.100615e-03 -6.275614e-05 -2.722764e-04))
342           	((6.706171e-02 1.090843e+00 1.288825e+01) (-7.336419e-04 1.621926e-02 3.848201e-01)) ((-7.042377e-02 3.807371e-02 2.423808e-02) (4.111783e-03 -5.718371e-05 -2.654227e-04))
343           	((7.079567e-02 1.073121e+00 1.288328e+01) (-7.427295e-04 1.607501e-02 3.847722e-01)) ((-6.965871e-02 3.836753e-02 2.424891e-02) (4.124126e-03 -5.163232e-05 -2.595246e-04))
344           	((7.420616e-02 1.054950e+00 1.287809e+01) (-7.539203e-04 1.595069e-02 3.847097e-01)) ((-6.867519e-02 3.862051e-02 2.432740e-02) (4.140539e-03 -4.828783e-05 -2.509113e-04))
345           	((7.712742e-02 1.036483e+00 1.287272e+01) (-7.660564e-04 1.580438e-02 3.846299e-01)) ((-6.748931e-02 3.887113e-02 2.444999e-02) (4.154172e-03 -4.649468e-05 -2.458228e-04))
346           	((7.965907e-02 1.017822e+00 1.286716e+01) (-7.802006e-04 1.567852e-02 3.845275e-01)) ((-6.615534e-02 3.911794e-02 2.460240e-02) (4.173052e-03 -4.322743e-05 -2.388745e-04))
347           	((8.160833e-02 9.994015e-01 1.286172e+01) (-7.840268e-04 1.554188e-02 3.844424e-01)) ((-6.472728e-02 3.934696e-02 2.481184e-02) (4.189614e-03 -4.420366e-05 -2.347747e-04))
348           	((8.299891e-02 9.815253e-01 1.285635e+01) (-7.894647e-04 1.541314e-02 3.843292e-01)) ((-6.331268e-02 3.956826e-02 2.507957e-02) (4.207360e-03 -4.352772e-05 -2.318010e-04))
349           	((8.401341e-02 9.645778e-01 1.285136e+01) (-7.834967e-04 1.530632e-02 3.842320e-01)) ((-6.196767e-02 3.973795e-02 2.538803e-02) (4.226030e-03 -4.522407e-05 -2.286255e-04))
350           	((8.455402e-02 9.488337e-01 1.284698e+01) (-7.827111e-04 1.519277e-02 3.841413e-01)) ((-6.072656e-02 3.987612e-02 2.571834e-02) (4.241242e-03 -4.726687e-05 -2.284645e-04))
351           	((8.479944e-02 9.347083e-01 1.284339e+01) (-7.768377e-04 1.511082e-02 3.840396e-01)) ((-5.958125e-02 3.995590e-02 2.605908e-02) (4.258716e-03 -4.949221e-05 -2.270311e-04))
352           	((8.462906e-02 9.226561e-01 1.284098e+01) (-7.663764e-04 1.502570e-02 3.839638e-01)) ((-5.850781e-02 3.997447e-02 2.642540e-02) (4.271883e-03 -5.333224e-05 -2.287418e-04))
353           	((8.405459e-02 9.129141e-01 1.283978e+01) (-7.551334e-04 1.495944e-02 3.838856e-01)) ((-5.748450e-02 3.994494e-02 2.681853e-02) (4.284897e-03 -5.666939e-05 -2.300526e-04))
354           	((8.312439e-02 9.057276e-01 1.283999e+01) (-7.355051e-04 1.491508e-02 3.838187e-01)) ((-5.647014e-02 3.986504e-02 2.724417e-02) (4.297584e-03 -6.196070e-05 -2.313052e-04))
355           	((8.173377e-02 9.010592e-01 1.284147e+01) (-7.186729e-04 1.487691e-02 3.837702e-01)) ((-5.546343e-02 3.979132e-02 2.768230e-02) (4.306716e-03 -6.716526e-05 -2.354309e-04))
356           	((7.991209e-02 8.990151e-01 1.284407e+01) (-6.962331e-04 1.487635e-02 3.837352e-01)) ((-5.449471e-02 3.971437e-02 2.811678e-02) (4.317549e-03 -7.262695e-05 -2.370608e-04))
357           	((7.753664e-02 8.999264e-01 1.284769e+01) (-6.703477e-04 1.487017e-02 3.837186e-01)) ((-5.361445e-02 3.964630e-02 2.852551e-02) (4.323387e-03 -7.947870e-05 -2.420037e-04))
358           	((7.482865e-02 9.040346e-01 1.285193e+01) (-6.465193e-04 1.489577e-02 3.837099e-01)) ((-5.289192e-02 3.957686e-02 2.888526e-02) (4.330298e-03 -8.341136e-05 -2.461582e-04))
359           	((7.173731e-02 9.111785e-01 1.285672e+01) (-6.147857e-04 1.492957e-02 3.837340e-01)) ((-5.236503e-02 3.948094e-02 2.922203e-02) (4.334225e-03 -9.001039e-05 -2.521837e-04))
360           	((6.816939e-02 9.209308e-01 1.286168e+01) (-5.941980e-04 1.497755e-02 3.837556e-01)) ((-5.208171e-02 3.938838e-02 2.952267e-02) (4.336149e-03 -9.351446e-05 -2.598472e-04))
361           	((6.430598e-02 9.330246e-01 1.286669e+01) (-5.608073e-04 1.505786e-02 3.837910e-01)) ((-5.204587e-02 3.927900e-02 2.979247e-02) (4.339936e-03 -9.785460e-05 -2.657639e-04))
362           	((6.005503e-02 9.469238e-01 1.287161e+01) (-5.393102e-04 1.512979e-02 3.838475e-01)) ((-5.226548e-02 3.917699e-02 3.004569e-02) (4.338786e-03 -1.024485e-04 -2.746222e-04))
363           	((5.580694e-02 9.619625e-01 1.287622e+01) (-5.193986e-04 1.523510e-02 3.838965e-01)) ((-5.274247e-02 3.905936e-02 3.027401e-02) (4.339239e-03 -1.053486e-04 -2.818135e-04))
364           	((5.164855e-02 9.777173e-01 1.288057e+01) (-4.998423e-04 1.533495e-02 3.839635e-01)) ((-5.344463e-02 3.891401e-02 3.048508e-02) (4.336200e-03 -1.103189e-04 -2.906276e-04))
365           	((4.769713e-02 9.936723e-01 1.288439e+01) (-4.851394e-04 1.543712e-02 3.840276e-01)) ((-5.435622e-02 3.876830e-02 3.066963e-02) (4.331700e-03 -1.140218e-04 -2.995957e-04))
366           	((4.413506e-02 1.009760e+00 1.288766e+01) (-4.706524e-04 1.555770e-02 3.840892e-01)) ((-5.544781e-02 3.862049e-02 3.081509e-02) (4.328062e-03 -1.183563e-04 -3.067496e-04))
367           	((4.094080e-02 1.025810e+00 1.289033e+01) (-4.629593e-04 1.566010e-02 3.841617e-01)) ((-5.669740e-02 3.851041e-02 3.090338e-02) (4.319657e-03 -1.224146e-04 -3.159780e-04))
368           	((3.821238e-02 1.041852e+00 1.289241e+01) (-4.602702e-04 1.578394e-02 3.842171e-01)) ((-5.808072e-02 3.843307e-02 3.096395e-02) (4.312890e-03 -1.248653e-04 -3.213458e-04))
369           	((3.593965e-02 1.057716e+00 1.289412e+01) (-4.569530e-04 1.588678e-02 3.842833e-01)) ((-5.956557e-02 3.839885e-02 3.101414e-02) (4.300748e-03 -1.291264e-04 -3.277384e-04))
370           	((3.432906e-02 1.072606e+00 1.289544e+01) (-4.623418e-04 1.598788e-02 3.843404e-01)) ((-6.112535e-02 3.843770e-02 3.103399e-02) (4.289184e-03 -1.304443e-04 -3.323099e-04))
371           	((3.348653e-02 1.085581e+00 1.289672e+01) (-4.624637e-04 1.608485e-02 3.844000e-01)) ((-6.268613e-02 3.856090e-02 3.104568e-02) (4.274744e-03 -1.346793e-04 -3.357282e-04))
372           	((3.338831e-02 1.095995e+00 1.289789e+01) (-4.710682e-04 1.616467e-02 3.844484e-01)) ((-6.419513e-02 3.881745e-02 3.104738e-02) (4.256435e-03 -1.369698e-04 -3.402451e-04))
373           	((3.420425e-02 1.103602e+00 1.289900e+01) (-4.679973e-04 1.625726e-02 3.844870e-01)) ((-6.560381e-02 3.918777e-02 3.101958e-02) (4.239167e-03 -1.390528e-04 -3.417336e-04))
374           	((3.569995e-02 1.108489e+00 1.290013e+01) (-4.681451e-04 1.632269e-02 3.845385e-01)) ((-6.689297e-02 3.967726e-02 3.095362e-02) (4.217187e-03 -1.407297e-04 -3.448563e-04))
375           	((3.772786e-02 1.110761e+00 1.290111e+01) (-4.661078e-04 1.639558e-02 3.845620e-01)) ((-6.805500e-02 4.024337e-02 3.084732e-02) (4.197609e-03 -1.398514e-04 -3.458302e-04))
376           	((3.989516e-02 1.110575e+00 1.290207e+01) (-4.589763e-04 1.645592e-02 3.845880e-01)) ((-6.905981e-02 4.081008e-02 3.072805e-02) (4.176531e-03 -1.396636e-04 -3.468220e-04))
377           	((4.188533e-02 1.107814e+00 1.290280e+01) (-4.520214e-04 1.650676e-02 3.846070e-01)) ((-6.988860e-02 4.134544e-02 3.060349e-02) (4.154818e-03 -1.373988e-04 -3.487641e-04))
378           	((4.357852e-02 1.102404e+00 1.290326e+01) (-4.405066e-04 1.657265e-02 3.846077e-01)) ((-7.051355e-02 4.177812e-02 3.051066e-02) (4.137306e-03 -1.340976e-04 -3.481235e-04))
379           	((4.477028e-02 1.094453e+00 1.290343e+01) (-4.350005e-04 1.660792e-02 3.846072e-01)) ((-7.093442e-02 4.211964e-02 3.045761e-02) (4.116687e-03 -1.308819e-04 -3.508973e-04))
380           	((4.570300e-02 1.084280e+00 1.290311e+01) (-4.288356e-04 1.665485e-02 3.845870e-01)) ((-7.118270e-02 4.236124e-02 3.040968e-02) (4.102273e-03 -1.230190e-04 -3.510203e-04))
381           	((4.637111e-02 1.072482e+00 1.290234e+01) (-4.187082e-04 1.668004e-02 3.845707e-01)) ((-7.129556e-02 4.250682e-02 3.033791e-02) (4.087257e-03 -1.170229e-04 -3.541211e-04))
382           	((4.679380e-02 1.059675e+00 1.290081e+01) (-4.149153e-04 1.669850e-02 3.845300e-01)) ((-7.131704e-02 4.259002e-02 3.019431e-02) (4.076253e-03 -1.064676e-04 -3.571754e-04))
383           	((4.709752e-02 1.046567e+00 1.289855e+01) (-4.052055e-04 1.671907e-02 3.845002e-01)) ((-7.123874e-02 4.260311e-02 2.994826e-02) (4.070467e-03 -9.542943e-05 -3.598431e-04))
384           	((4.718597e-02 1.033404e+00 1.289550e+01) (-3.985262e-04 1.671431e-02 3.844696e-01)) ((-7.104794e-02 4.257461e-02 2.960542e-02) (4.065851e-03 -8.108379e-05 -3.649013e-04))
385           	((4.710958e-02 1.020242e+00 1.289174e+01) (-3.900996e-04 1.672141e-02 3.844219e-01)) ((-7.072871e-02 4.247736e-02 2.924267e-02) (4.067732e-03 -6.426327e-05 -3.683968e-04))
386           	((4.668174e-02 1.007308e+00 1.288752e+01) (-3.791936e-04 1.671077e-02 3.843816e-01)) ((-7.026933e-02 4.229963e-02 2.894038e-02) (4.070539e-03 -4.687523e-05 -3.740309e-04))
387           	((4.590101e-02 9.946486e-01 1.288286e+01) (-3.633322e-04 1.669640e-02 3.843252e-01)) ((-6.966935e-02 4.203910e-02 2.874090e-02) (4.077652e-03 -2.756637e-05 -3.788205e-04))
388           	((4.490959e-02 9.822901e-01 1.287809e+01) (-3.471739e-04 1.667583e-02 3.842738e-01)) ((-6.894731e-02 4.169553e-02 2.865529e-02) (4.087826e-03 -9.639663e-06 -3.827342e-04))
389           	((4.372946e-02 9.700983e-01 1.287318e+01) (-3.318635e-04 1.663458e-02 3.842113e-01)) ((-6.818081e-02 4.132618e-02 2.864968e-02) (4.098631e-03 8.490255e-06 -3.882967e-04))
390           	((4.258965e-02 9.580501e-01 1.286803e+01) (-3.176489e-04 1.660382e-02 3.841463e-01)) ((-6.745851e-02 4.092648e-02 2.869637e-02) (4.114452e-03 2.759007e-05 -3.908477e-04))
391           	((4.159881e-02 9.464077e-01 1.286273e+01) (-3.054043e-04 1.653686e-02 3.840843e-01)) ((-6.685967e-02 4.052152e-02 2.872824e-02) (4.127332e-03 4.419949e-05 -3.957492e-04))
392           	((4.111472e-02 9.354198e-01 1.285736e+01) (-2.949917e-04 1.647552e-02 3.840203e-01)) ((-6.642079e-02 4.013249e-02 2.869373e-02) (4.145973e-03 6.227303e-05 -3.980531e-04))
393           	((4.126727e-02 9.255009e-01 1.285247e+01) (-2.802603e-04 1.639257e-02 3.839813e-01)) ((-6.609274e-02 3.975035e-02 2.861450e-02) (4.163395e-03 7.634729e-05 -4.017664e-04))
394           	((4.204920e-02 9.167734e-01 1.284842e+01) (-2.783025e-04 1.629921e-02 3.839435e-01)) ((-6.582272e-02 3.941926e-02 2.850867e-02) (4.181286e-03 9.208307e-05 -4.049624e-04))
395           	((4.346615e-02 9.096549e-01 1.284579e+01) (-2.685155e-04 1.622068e-02 3.839243e-01)) ((-6.553816e-02 3.912412e-02 2.841006e-02) (4.203556e-03 1.055525e-04 -4.047747e-04))
396           	((4.519142e-02 9.043117e-01 1.284482e+01) (-2.682298e-04 1.612619e-02 3.839344e-01)) ((-6.519454e-02 3.890526e-02 2.832923e-02) (4.221721e-03 1.185426e-04 -4.071063e-04))
397           	((4.717167e-02 9.008655e-01 1.284548e+01) (-2.660039e-04 1.605463e-02 3.839471e-01)) ((-6.480783e-02 3.877667e-02 2.823647e-02) (4.242754e-03 1.323457e-04 -4.059187e-04))
398           	((4.917717e-02 8.996132e-01 1.284781e+01) (-2.604402e-04 1.597737e-02 3.839991e-01)) ((-6.442295e-02 3.874798e-02 2.812786e-02) (4.261327e-03 1.431709e-04 -4.057999e-04))
399           	((5.112231e-02 9.008935e-01 1.285131e+01) (-2.565956e-04 1.591344e-02 3.840563e-01)) ((-6.411962e-02 3.882683e-02 2.800315e-02) (4.278754e-03 1.552744e-04 -4.056542e-04))
400           	((5.307676e-02 9.050895e-01 1.285571e+01) (-2.462850e-04 1.587158e-02 3.841402e-01)) ((-6.394930e-02 3.898658e-02 2.787029e-02) (4.297287e-03 1.654613e-04 -4.042322e-04))
401           	((5.485610e-02 9.122663e-01 1.286071e+01) (-2.425884e-04 1.582774e-02 3.842445e-01)) ((-6.396558e-02 3.923190e-02 2.772168e-02) (4.312389e-03 1.751869e-04 -4.046976e-04))
402           	((5.659690e-02 9.225465e-01 1.286594e+01) (-2.374053e-04 1.581400e-02 3.843480e-01)) ((-6.417165e-02 3.951062e-02 2.754086e-02) (4.328726e-03 1.850207e-04 -4.028699e-04))
403           	((5.793055e-02 9.357433e-01 1.287143e+01) (-2.373908e-04 1.580373e-02 3.844660e-01)) ((-6.453996e-02 3.978810e-02 2.736548e-02) (4.340527e-03 1.918492e-04 -4.024768e-04))
404           	((5.870295e-02 9.513581e-01 1.287678e+01) (-2.433830e-04 1.580532e-02 3.845830e-01)) ((-6.502225e-02 4.004568e-02 2.721742e-02) (4.351947e-03 1.985235e-04 -4.014665e-04))
405           	((5.896771e-02 9.690378e-01 1.288208e+01) (-2.461363e-04 1.582843e-02 3.847117e-01)) ((-6.555377e-02 4.023951e-02 2.710730e-02) (4.361418e-03 2.020822e-04 -3.992256e-04))
406           	((5.854599e-02 9.878942e-01 1.288719e+01) (-2.631866e-04 1.584605e-02 3.848345e-01)) ((-6.608998e-02 4.040176e-02 2.708389e-02) (4.366780e-03 2.041470e-04 -3.992713e-04))
407           	((5.768905e-02 1.007245e+00 1.289214e+01) (-2.816214e-04 1.589333e-02 3.849489e-01)) ((-6.659193e-02 4.051626e-02 2.715964e-02) (4.374224e-03 2.048316e-04 -3.965300e-04))
408           	((5.643348e-02 1.026468e+00 1.289695e+01) (-3.002371e-04 1.592325e-02 3.850722e-01)) ((-6.701249e-02 4.062346e-02 2.732825e-02) (4.375701e-03 2.025644e-04 -3.967985e-04))
409           	((5.507993e-02 1.044847e+00 1.290150e+01) (-3.245642e-04 1.597444e-02 3.851625e-01)) ((-6.730291e-02 4.074737e-02 2.755114e-02) (4.377419e-03 2.006325e-04 -3.946826e-04))
410           	((5.371365e-02 1.061856e+00 1.290595e+01) (-3.442304e-04 1.601845e-02 3.852648e-01)) ((-6.742280e-02 4.090567e-02 2.783519e-02) (4.374933e-03 1.947005e-04 -3.935261e-04))
411           	((5.256296e-02 1.076898e+00 1.291014e+01) (-3.650930e-04 1.605818e-02 3.853511e-01)) ((-6.739780e-02 4.114239e-02 2.815741e-02) (4.369084e-03 1.897263e-04 -3.932344e-04))
412           	((5.177956e-02 1.089366e+00 1.291410e+01) (-3.841487e-04 1.611009e-02 3.854306e-01)) ((-6.724779e-02 4.142661e-02 2.855444e-02) (4.363444e-03 1.833943e-04 -3.890695e-04))
413           	((5.124739e-02 1.098310e+00 1.291791e+01) (-4.099871e-04 1.613465e-02 3.855177e-01)) ((-6.697429e-02 4.176394e-02 2.903152e-02) (4.352586e-03 1.751998e-04 -3.873812e-04))
414           	((5.121913e-02 1.103138e+00 1.292140e+01) (-4.368740e-04 1.617255e-02 3.855776e-01)) ((-6.658937e-02 4.212296e-02 2.953381e-02) (4.343411e-03 1.689175e-04 -3.824766e-04))
415           	((5.166192e-02 1.103938e+00 1.292465e+01) (-4.586080e-04 1.618534e-02 3.856454e-01)) ((-6.609650e-02 4.248387e-02 3.003181e-02) (4.329708e-03 1.590769e-04 -3.786478e-04))
416           	((5.264997e-02 1.100916e+00 1.292733e+01) (-4.891645e-04 1.619130e-02 3.856934e-01)) ((-6.551450e-02 4.285677e-02 3.048213e-02) (4.315634e-03 1.512116e-04 -3.740712e-04))
417           	((5.423617e-02 1.094870e+00 1.292937e+01) (-5.127515e-04 1.620201e-02 3.857219e-01)) ((-6.485483e-02 4.321426e-02 3.088295e-02) (4.302020e-03 1.416936e-04 -3.666841e-04))
418           	((5.626074e-02 1.086728e+00 1.293054e+01) (-5.461514e-04 1.618709e-02 3.857416e-01)) ((-6.414023e-02 4.357795e-02 3.122596e-02) (4.285611e-03 1.325506e-04 -3.606905e-04))
419           	((5.876343e-02 1.077348e+00 1.293067e+01) (-5.784309e-04 1.618441e-02 3.857334e-01)) ((-6.338239e-02 4.393400e-02 3.150753e-02) (4.272634e-03 1.234549e-04 -3.511243e-04))
420           	((6.146927e-02 1.067132e+00 1.292993e+01) (-6.128120e-04 1.616097e-02 3.857085e-01)) ((-6.257677e-02 4.428766e-02 3.175470e-02) (4.257202e-03 1.140639e-04 -3.432700e-04))
421           	((6.423217e-02 1.055864e+00 1.292833e+01) (-6.501216e-04 1.613243e-02 3.856551e-01)) ((-6.175093e-02 4.464592e-02 3.199336e-02) (4.244045e-03 1.066845e-04 -3.345336e-04))
422           	((6.706625e-02 1.043388e+00 1.292621e+01) (-6.860689e-04 1.609780e-02 3.855868e-01)) ((-6.091241e-02 4.496573e-02 3.222945e-02) (4.232660e-03 9.885869e-05 -3.250022e-04))
423           	((6.986467e-02 1.029409e+00 1.292363e+01) (-7.219825e-04 1.604269e-02 3.854890e-01)) ((-6.006842e-02 4.525425e-02 3.244727e-02) (4.221359e-03 9.266278e-05 -3.185282e-04))
424           	((7.273891e-02 1.014014e+00 1.292067e+01) (-7.491640e-04 1.599617e-02 3.853740e-01)) ((-5.921258e-02 4.547373e-02 3.263891e-02) (4.214058e-03 8.729577e-05 -3.103866e-04))
425           	((7.537328e-02 9.975910e-01 1.291738e+01) (-7.746796e-04 1.592696e-02 3.852476e-01)) ((-5.831600e-02 4.561291e-02 3.279037e-02) (4.207076e-03 8.300774e-05 -3.063980e-04))
426           	((7.768811e-02 9.807879e-01 1.291341e+01) (-7.968244e-04 1.586887e-02 3.850921e-01)) ((-5.736010e-02 4.564610e-02 3.287090e-02) (4.203924e-03 8.092807e-05 -3.029849e-04))
427           	((7.949957e-02 9.643233e-01 1.290886e+01) (-8.112407e-04 1.580478e-02 3.849283e-01)) ((-5.633696e-02 4.554896e-02 3.291770e-02) (4.201830e-03 7.668476e-05 -3.011457e-04))
428           	((8.075894e-02 9.486714e-01 1.290347e+01) (-8.271402e-04 1.573344e-02 3.847508e-01)) ((-5.529472e-02 4.535493e-02 3.295362e-02) (4.199998e-03 7.429837e-05 -3.022480e-04))
429           	((8.163272e-02 9.345997e-01 1.289731e+01) (-8.294292e-04 1.568546e-02 3.845529e-01)) ((-5.430729e-02 4.503566e-02 3.299499e-02) (4.202374e-03 7.123975e-05 -3.014925e-04))
430           	((8.207526e-02 9.226014e-01 1.289052e+01) (-8.320565e-04 1.561627e-02 3.843496e-01)) ((-5.345306e-02 4.464396e-02 3.307544e-02) (4.201759e-03 6.779376e-05 -3.043192e-04))
431           	((8.247642e-02 9.128080e-01 1.288329e+01) (-8.295344e-04 1.557520e-02 3.841265e-01)) ((-5.282630e-02 4.420956e-02 3.318972e-02) (4.205519e-03 6.582012e-05 -3.048772e-04))
432           	((8.301224e-02 9.052232e-01 1.287606e+01) (-8.260405e-04 1.551915e-02 3.839096e-01)) ((-5.248748e-02 4.375869e-02 3.330796e-02) (4.206701e-03 6.003044e-05 -3.076214e-04))
433           	((8.376972e-02 8.996862e-01 1.286906e+01) (-8.306950e-04 1.546581e-02 3.836857e-01)) ((-5.246933e-02 4.333991e-02 3.338073e-02) (4.207567e-03 5.529866e-05 -3.105989e-04))
434           	((8.472472e-02 8.962924e-01 1.286282e+01) (-8.281991e-04 1.543391e-02 3.834785e-01)) ((-5.273596e-02 4.294802e-02 3.339475e-02) (4.210179e-03 4.925197e-05 -3.126339e-04))
435           	((8.575453e-02 8.950461e-01 1.285772e+01) (-8.348087e-04 1.538661e-02 3.832859e-01)) ((-5.321711e-02 4.262860e-02 3.332707e-02) (4.209937e-03 4.213849e-05 -3.177413e-04))
436           	((8.699559e-02 8.959488e-01 1.285395e+01) (-8.457499e-04 1.537530e-02 3.830983e-01)) ((-5.382798e-02 4.237124e-02 3.316270e-02) (4.212349e-03 3.581728e-05 -3.201295e-04))
437           	((8.836518e-02 8.991520e-01 1.285179e+01) (-8.564727e-04 1.535987e-02 3.829580e-01)) ((-5.446227e-02 4.216912e-02 3.289747e-02) (4.209777e-03 2.688566e-05 -3.252355e-04))
438           	((8.987389e-02 9.047356e-01 1.285114e+01) (-8.708531e-04 1.536480e-02 3.828195e-01)) ((-5.505859e-02 4.201326e-02 3.252929e-02) (4.208245e-03 2.013204e-05 -3.298430e-04))
439           	((9.139615e-02 9.130320e-01 1.285224e+01) (-8.795158e-04 1.538925e-02 3.827290e-01)) ((-5.558385e-02 4.186408e-02 3.209167e-02) (4.205458e-03 1.099647e-05 -3.339473e-04))
440           	((9.253585e-02 9.239625e-01 1.285491e+01) (-8.927959e-04 1.542142e-02 3.826679e-01)) ((-5.605236e-02 4.173668e-02 3.160457e-02) (4.200316e-03 4.969488e-06 -3.399376e-04))
441           	((9.327904e-02 9.373680e-01 1.285893e+01) (-9.010825e-04 1.549461e-02 3.826221e-01)) ((-5.649999e-02 4.160239e-02 3.108643e-02) (4.197490e-03 -1.908571e-06 -3.441569e-04))
442           	((9.332223e-02 9.529121e-01 1.286403e+01) (-9.141041e-04 1.557135e-02 3.826176e-01)) ((-5.697386e-02 4.145802e-02 3.057146e-02) (4.190376e-03 -8.922629e-06 -3.514094e-04))
443           	((9.253019e-02 9.698193e-01 1.286957e+01) (-9.255204e-04 1.568718e-02 3.826316e-01)) ((-5.752211e-02 4.128112e-02 3.008527e-02) (4.185294e-03 -1.354668e-05 -3.572393e-04))
444           	((9.076084e-02 9.876165e-01 1.287520e+01) (-9.264502e-04 1.580697e-02 3.826845e-01)) ((-5.815891e-02 4.103241e-02 2.966510e-02) (4.178047e-03 -1.941771e-05 -3.646812e-04))
445           	((8.801981e-02 1.005705e+00 1.288043e+01) (-9.367462e-04 1.594278e-02 3.827536e-01)) ((-5.889594e-02 4.072813e-02 2.930688e-02) (4.169356e-03 -2.140723e-05 -3.735834e-04))
446           	((8.462307e-02 1.023722e+00 1.288519e+01) (-9.294671e-04 1.610504e-02 3.828453e-01)) ((-5.969694e-02 4.035056e-02 2.901611e-02) (4.163532e-03 -2.289340e-05 -3.797788e-04))
447           	((8.055056e-02 1.041467e+00 1.288960e+01) (-9.309404e-04 1.625730e-02 3.829735e-01)) ((-6.052811e-02 3.994184e-02 2.878677e-02) (4.153179e-03 -2.177455e-05 -3.892010e-04))
448           	((7.604356e-02 1.058140e+00 1.289372e+01) (-9.294046e-04 1.643849e-02 3.830902e-01)) ((-6.136764e-02 3.953637e-02 2.863714e-02) (4.145712e-03 -1.790988e-05 -3.965132e-04))
449           	((7.106210e-02 1.072937e+00 1.289797e+01) (-9.274617e-04 1.661519e-02 3.832327e-01)) ((-6.218106e-02 3.916340e-02 2.860755e-02) (4.134487e-03 -1.596650e-05 -4.045333e-04))
450           	((6.567013e-02 1.085568e+00 1.290225e+01) (-9.273663e-04 1.679403e-02 3.833752e-01)) ((-6.299654e-02 3.884912e-02 2.869162e-02) (4.122776e-03 -1.139892e-05 -4.130644e-04))
451           	((6.014969e-02 1.095871e+00 1.290665e+01) (-9.239310e-04 1.698996e-02 3.835286e-01)) ((-6.380752e-02 3.855860e-02 2.886841e-02) (4.111625e-03 -7.535987e-06 -4.199139e-04))
452           	((5.465041e-02 1.103732e+00 1.291106e+01) (-9.209687e-04 1.716650e-02 3.836885e-01)) ((-6.460426e-02 3.831413e-02 2.910847e-02) (4.096637e-03 -2.708414e-06 -4.281493e-04))
453           	((4.956398e-02 1.109187e+00 1.291526e+01) (-9.177266e-04 1.735052e-02 3.838428e-01)) ((-6.538402e-02 3.810629e-02 2.937267e-02) (4.083360e-03 2.835886e-06 -4.335273e-04))
454           	((4.490394e-02 1.112357e+00 1.291924e+01) (-9.137320e-04 1.750558e-02 3.840030e-01)) ((-6.615690e-02 3.795648e-02 2.964482e-02) (4.065986e-03 7.337380e-06 -4.395936e-04))
455           	((4.096444e-02 1.113476e+00 1.292273e+01) (-9.112715e-04 1.764335e-02 3.841526e-01)) ((-6.695196e-02 3.788226e-02 2.988729e-02) (4.048678e-03 1.296183e-05 -4.438996e-04))
456           	((3.785645e-02 1.113290e+00 1.292583e+01) (-9.008363e-04 1.776517e-02 3.842940e-01)) ((-6.776391e-02 3.786126e-02 3.012255e-02) (4.031009e-03 1.697945e-05 -4.458032e-04))
457           	((3.557730e-02 1.112156e+00 1.292847e+01) (-8.985396e-04 1.785041e-02 3.844338e-01)) ((-6.861176e-02 3.792134e-02 3.031345e-02) (4.009195e-03 2.108165e-05 -4.478207e-04))
458           	((3.433932e-02 1.109977e+00 1.293066e+01) (-8.880331e-04 1.793360e-02 3.845459e-01)) ((-6.949936e-02 3.803794e-02 3.042290e-02) (3.991399e-03 2.616338e-05 -4.453375e-04))
459           	((3.393615e-02 1.106480e+00 1.293243e+01) (-8.777058e-04 1.797254e-02 3.846568e-01)) ((-7.041302e-02 3.823525e-02 3.045773e-02) (3.969624e-03 2.953649e-05 -4.432859e-04))
460           	((3.438261e-02 1.101365e+00 1.293355e+01) (-8.681168e-04 1.800292e-02 3.847401e-01)) ((-7.132903e-02 3.852040e-02 3.041271e-02) (3.951252e-03 3.715468e-05 -4.378283e-04))
461           	((3.560520e-02 1.094716e+00 1.293424e+01) (-8.502479e-04 1.800753e-02 3.848177e-01)) ((-7.217946e-02 3.887621e-02 3.029007e-02) (3.932864e-03 4.146138e-05 -4.311702e-04))
462           	((3.740012e-02 1.086352e+00 1.293426e+01) (-8.387024e-04 1.798491e-02 3.848710e-01)) ((-7.290323e-02 3.930397e-02 3.009921e-02) (3.916030e-03 4.922731e-05 -4.242144e-04))
463           	((3.975165e-02 1.076253e+00 1.293362e+01) (-8.154096e-04 1.796075e-02 3.849043e-01)) ((-7.342205e-02 3.971704e-02 2.987982e-02) (3.904254e-03 5.583898e-05 -4.130533e-04))
464           	((4.244219e-02 1.064405e+00 1.293230e+01) (-7.986187e-04 1.789552e-02 3.849163e-01)) ((-7.368282e-02 4.008143e-02 2.964984e-02) (3.892302e-03 6.257030e-05 -4.042107e-04))
465           	((4.557701e-02 1.050843e+00 1.293014e+01) (-7.788175e-04 1.783109e-02 3.848938e-01)) ((-7.366516e-02 4.033600e-02 2.941757e-02) (3.887324e-03 7.164461e-05 -3.924712e-04))
466           	((4.910666e-02 1.035723e+00 1.292729e+01) (-7.615950e-04 1.772913e-02 3.848614e-01)) ((-7.336177e-02 4.046598e-02 2.920768e-02) (3.883040e-03 7.867238e-05 -3.821053e-04))
467           	((5.294908e-02 1.019094e+00 1.292376e+01) (-7.552432e-04 1.760622e-02 3.847907e-01)) ((-7.279239e-02 4.050113e-02 2.902666e-02) (3.883296e-03 8.675876e-05 -3.719453e-04))
468           	((5.713925e-02 1.001198e+00 1.291987e+01) (-7.471999e-04 1.747532e-02 3.846945e-01)) ((-7.197513e-02 4.046062e-02 2.888717e-02) (3.888897e-03 9.318367e-05 -3.603612e-04))
469           	((6.153343e-02 9.824271e-01 1.291579e+01) (-7.496516e-04 1.731391e-02 3.845856e-01)) ((-7.096426e-02 4.041230e-02 2.876178e-02) (3.895003e-03 9.897039e-05 -3.515957e-04))
470           	((6.616810e-02 9.631460e-01 1.291160e+01) (-7.571332e-04 1.716210e-02 3.844418e-01)) ((-6.981858e-02 4.036974e-02 2.864757e-02) (3.907485e-03 1.058784e-04 -3.402057e-04))
471           	((7.080818e-02 9.437860e-01 1.290749e+01) (-7.697125e-04 1.698403e-02 3.842892e-01)) ((-6.858176e-02 4.035359e-02 2.856331e-02) (3.919297e-03 1.084643e-04 -3.309260e-04))
472           	((7.537925e-02 9.246632e-01 1.290329e+01) (-7.885955e-04 1.680745e-02 3.841089e-01)) ((-6.731618e-02 4.037814e-02 2.851944e-02) (3.934239e-03 1.136939e-04 -3.211370e-04))
473           	((7.996453e-02 9.067939e-01 1.289921e+01) (-7.995542e-04 1.662768e-02 3.839254e-01)) ((-6.610117e-02 4.044036e-02 2.852456e-02) (3.951817e-03 1.143755e-04 -3.103242e-04))
474           	((8.448026e-02 8.910039e-01 1.289503e+01) (-8.170736e-04 1.643260e-02 3.837463e-01)) ((-6.505258e-02 4.053159e-02 2.856129e-02) (3.968144e-03 1.175250e-04 -3.009029e-04))
475           	((8.912544e-02 8.780052e-01 1.289089e+01) (-8.252576e-04 1.625128e-02 3.835612e-01)) ((-6.425398e-02 4.061400e-02 2.858632e-02) (3.989808e-03 1.201380e-04 -2.885250e-04))
476           	((9.389249e-02 8.681029e-01 1.288720e+01) (-8.340555e-04 1.605175e-02 3.833851e-01)) ((-6.371874e-02 4.073036e-02 2.857584e-02) (4.007584e-03 1.214652e-04 -2.797147e-04))
477           	((9.879816e-02 8.613908e-01 1.288416e+01) (-8.406818e-04 1.586836e-02 3.832020e-01)) ((-6.342847e-02 4.087781e-02 2.851678e-02) (4.027863e-03 1.243099e-04 -2.695893e-04))
478           	((1.035933e-01 8.581310e-01 1.288224e+01) (-8.405158e-04 1.568684e-02 3.830421e-01)) ((-6.333687e-02 4.103732e-02 2.845413e-02) (4.044699e-03 1.240282e-04 -2.619344e-04))
479           	((1.080065e-01 8.584644e-01 1.288147e+01) (-8.417950e-04 1.551480e-02 3.828760e-01)) ((-6.340047e-02 4.121660e-02 2.838947e-02) (4.060845e-03 1.246489e-04 -2.566152e-04))
480           	((1.120597e-01 8.626030e-01 1.288183e+01) (-8.277173e-04 1.537666e-02 3.827241e-01)) ((-6.352794e-02 4.135694e-02 2.833752e-02) (4.078144e-03 1.230548e-04 -2.502952e-04))
481           	((1.155143e-01 8.705729e-01 1.288322e+01) (-8.193119e-04 1.523927e-02 3.825987e-01)) ((-6.364362e-02 4.145032e-02 2.832379e-02) (4.091857e-03 1.203056e-04 -2.474616e-04))
482           	((1.183594e-01 8.822899e-01 1.288531e+01) (-8.052094e-04 1.514286e-02 3.824854e-01)) ((-6.369906e-02 4.146948e-02 2.835316e-02) (4.107539e-03 1.173856e-04 -2.439430e-04))
483           	((1.203601e-01 8.976190e-01 1.288821e+01) (-7.811048e-04 1.505959e-02 3.823930e-01)) ((-6.369827e-02 4.141726e-02 2.844314e-02) (4.119523e-03 1.126070e-04 -2.424727e-04))
484           	((1.213810e-01 9.163472e-01 1.289160e+01) (-7.576685e-04 1.500076e-02 3.823083e-01)) ((-6.367713e-02 4.132365e-02 2.854355e-02) (4.128449e-03 1.092002e-04 -2.431285e-04))
485           	((1.213945e-01 9.380954e-01 1.289544e+01) (-7.252611e-04 1.498154e-02 3.822417e-01)) ((-6.368057e-02 4.116854e-02 2.863342e-02) (4.138709e-03 1.052113e-04 -2.425330e-04))
486           	((1.202938e-01 9.621375e-01 1.289941e+01) (-6.919918e-04 1.496676e-02 3.821962e-01)) ((-6.376647e-02 4.097363e-02 2.871367e-02) (4.144536e-03 1.016830e-04 -2.456011e-04))
487           	((1.183435e-01 9.878603e-01 1.290317e+01) (-6.545313e-04 1.499449e-02 3.821582e-01)) ((-6.397609e-02 4.072050e-02 2.878756e-02) (4.152954e-03 9.966223e-05 -2.468244e-04))
488           	((1.155965e-01 1.014661e+00 1.290664e+01) (-6.170300e-04 1.502313e-02 3.821584e-01)) ((-6.433027e-02 4.041926e-02 2.890210e-02) (4.156705e-03 9.636641e-05 -2.515082e-04))
489           	((1.120991e-01 1.041812e+00 1.290951e+01) (-5.791685e-04 1.507787e-02 3.821499e-01)) ((-6.486014e-02 4.009954e-02 2.907858e-02) (4.161059e-03 9.681960e-05 -2.563196e-04))
490           	((1.077983e-01 1.068756e+00 1.291185e+01) (-5.379994e-04 1.514757e-02 3.821688e-01)) ((-6.557250e-02 3.975866e-02 2.933571e-02) (4.164153e-03 9.585131e-05 -2.621547e-04))
491           	((1.025931e-01 1.094685e+00 1.291359e+01) (-4.998808e-04 1.522484e-02 3.821987e-01)) ((-6.647808e-02 3.942875e-02 2.967421e-02) (4.164631e-03 9.742457e-05 -2.703413e-04))
492           	((9.669537e-02 1.119340e+00 1.291470e+01) (-4.643919e-04 1.533198e-02 3.822320e-01)) ((-6.755976e-02 3.911194e-02 3.009867e-02) (4.166842e-03 9.941436e-05 -2.769437e-04))
493           	((9.016182e-02 1.142640e+00 1.291531e+01) (-4.331966e-04 1.543223e-02 3.822793e-01)) ((-6.879466e-02 3.885356e-02 3.062212e-02) (4.164142e-03 1.009482e-04 -2.857607e-04))
494           	((8.345859e-02 1.164653e+00 1.291530e+01) (-4.097652e-04 1.555058e-02 3.823290e-01)) ((-7.016744e-02 3.867314e-02 3.119364e-02) (4.162265e-03 1.031797e-04 -2.933729e-04))
495           	((7.691712e-02 1.185342e+00 1.291494e+01) (-3.859191e-04 1.566887e-02 3.823997e-01)) ((-7.166738e-02 3.857634e-02 3.177121e-02) (4.157419e-03 1.025531e-04 -3.013958e-04))
496           	((7.093107e-02 1.204632e+00 1.291415e+01) (-3.658856e-04 1.577922e-02 3.824651e-01)) ((-7.328436e-02 3.860123e-02 3.224822e-02) (4.149043e-03 1.032021e-04 -3.104546e-04))
497           	((6.579092e-02 1.222266e+00 1.291299e+01) (-3.451077e-04 1.590918e-02 3.825369e-01)) ((-7.496922e-02 3.870963e-02 3.260452e-02) (4.141508e-03 1.027730e-04 -3.155831e-04))
498           	((6.145711e-02 1.238047e+00 1.291154e+01) (-3.208308e-04 1.600864e-02 3.826190e-01)) ((-7.666083e-02 3.892642e-02 3.282108e-02) (4.126771e-03 1.017691e-04 -3.240936e-04))
499           	((5.824050e-02 1.251855e+00 1.290978e+01) (-2.998532e-04 1.612046e-02 3.826803e-01)) ((-7.829376e-02 3.921712e-02 3.288144e-02) (4.113323e-03 1.035253e-04 -3.287090e-04))
500           	((5.590958e-02 1.263619e+00 1.290796e+01) (-2.753111e-04 1.620712e-02 3.827536e-01)) ((-7.979927e-02 3.955053e-02 3.283171e-02) (4.094319e-03 1.014220e-04 -3.349514e-04))
