# Forces      
# CofR        : (0.000000e+00 0.000000e+00 0.000000e+00)
# Time        forces(pressure viscous)	moments(pressure viscous)
0             	((0.000000e+00 0.000000e+00 0.000000e+00) (0.000000e+00 0.000000e+00 0.000000e+00)) ((0.000000e+00 0.000000e+00 0.000000e+00) (0.000000e+00 0.000000e+00 0.000000e+00))
0.01          	((-7.075913e-02 -2.384141e-02 3.970143e+01) (-3.996370e-05 4.457662e-06 3.388764e-03)) ((7.614256e-03 -3.510148e-01 -3.019448e-03) (-1.092456e-06 -3.660275e-05 2.290203e-06))
0.02          	((-7.055607e-02 -2.189284e-02 3.898623e+01) (-7.880911e-05 7.073055e-06 6.777363e-03)) ((7.317838e-03 -3.450430e-01 -2.754688e-03) (-2.127478e-06 -7.358528e-05 4.413415e-06))
0.03          	((-7.202997e-02 -2.266003e-02 3.921987e+01) (-1.171101e-04 9.022844e-06 1.017137e-02)) ((7.355844e-03 -3.466548e-01 -2.628666e-03) (-3.104095e-06 -1.108146e-04 6.328002e-06))
0.04          	((-7.069378e-02 -2.286212e-02 3.903482e+01) (-1.552668e-04 1.091826e-05 1.355242e-02)) ((7.306715e-03 -3.447352e-01 -2.480678e-03) (-4.158793e-06 -1.481143e-04 7.890807e-06))
0.05          	((-6.941313e-02 -2.301822e-02 3.883727e+01) (-1.931877e-04 1.259139e-05 1.692325e-02)) ((7.228976e-03 -3.421592e-01 -2.321774e-03) (-5.172266e-06 -1.854367e-04 8.962657e-06))
0.06          	((-6.868045e-02 -2.321949e-02 3.864129e+01) (-2.310595e-04 1.432997e-05 2.029182e-02)) ((7.152975e-03 -3.392696e-01 -2.208878e-03) (-6.285093e-06 -2.228369e-04 9.566716e-06))
0.07          	((-6.828966e-02 -2.337110e-02 3.842954e+01) (-2.690139e-04 1.577579e-05 2.366377e-02)) ((7.018831e-03 -3.359984e-01 -2.135965e-03) (-7.409822e-06 -2.604348e-04 9.605834e-06))
0.08          	((-6.698945e-02 -2.356249e-02 3.818669e+01) (-3.070198e-04 1.719473e-05 2.704230e-02)) ((6.897947e-03 -3.321149e-01 -2.077271e-03) (-8.894962e-06 -2.981981e-04 9.194138e-06))
0.09          	((-6.580671e-02 -2.357981e-02 3.791028e+01) (-3.445881e-04 1.876466e-05 3.042583e-02)) ((6.766449e-03 -3.276549e-01 -1.944150e-03) (-1.026639e-05 -3.365391e-04 8.485564e-06))
0.1           	((-6.461235e-02 -2.345000e-02 3.760020e+01) (-3.824952e-04 1.934924e-05 3.380436e-02)) ((6.656832e-03 -3.226152e-01 -1.845715e-03) (-1.198578e-05 -3.749383e-04 7.511896e-06))
0.11          	((-6.328002e-02 -2.319048e-02 3.725371e+01) (-4.208498e-04 2.049568e-05 3.716832e-02)) ((6.458561e-03 -3.169926e-01 -1.760968e-03) (-1.372760e-05 -4.138310e-04 6.360511e-06))
0.12          	((-6.133306e-02 -2.368509e-02 3.686695e+01) (-4.612153e-04 2.248193e-05 4.050436e-02)) ((6.256291e-03 -3.107820e-01 -1.790859e-03) (-1.540870e-05 -4.540233e-04 5.036376e-06))
0.13          	((-5.944823e-02 -2.401565e-02 3.643637e+01) (-5.038991e-04 2.734706e-05 4.380243e-02)) ((6.074925e-03 -3.040772e-01 -1.780497e-03) (-1.706737e-05 -4.945987e-04 3.448155e-06))
0.14          	((-5.718720e-02 -2.365365e-02 3.595582e+01) (-5.474313e-04 3.160719e-05 4.704019e-02)) ((5.873004e-03 -2.969702e-01 -1.872433e-03) (-1.883871e-05 -5.358667e-04 1.536928e-06))
0.15          	((-5.517616e-02 -2.341795e-02 3.542072e+01) (-5.913624e-04 3.578038e-05 5.020746e-02)) ((5.616198e-03 -2.895165e-01 -2.107222e-03) (-2.053269e-05 -5.774734e-04 -6.390278e-07))
0.16          	((-5.324204e-02 -2.389427e-02 3.483246e+01) (-6.402557e-04 3.969507e-05 5.327978e-02)) ((5.326365e-03 -2.818633e-01 -2.245210e-03) (-2.249706e-05 -6.203732e-04 -2.578500e-06))
0.17          	((-5.062438e-02 -2.410641e-02 3.418738e+01) (-6.926486e-04 4.431014e-05 5.624675e-02)) ((5.045296e-03 -2.736934e-01 -2.497389e-03) (-2.338194e-05 -6.639187e-04 -4.103708e-06))
0.18          	((-4.884504e-02 -2.420839e-02 3.348500e+01) (-7.477078e-04 5.001963e-05 5.909220e-02)) ((4.853952e-03 -2.650678e-01 -2.760740e-03) (-2.345438e-05 -7.081862e-04 -5.053561e-06))
0.19          	((-4.762861e-02 -2.489106e-02 3.272931e+01) (-8.015420e-04 5.625326e-05 6.179714e-02)) ((4.411449e-03 -2.562077e-01 -3.110282e-03) (-2.477125e-05 -7.520620e-04 -5.509824e-06))
0.2           	((-4.624437e-02 -2.451140e-02 3.191444e+01) (-8.561851e-04 6.251335e-05 6.434560e-02)) ((4.192289e-03 -2.469282e-01 -3.488356e-03) (-2.507248e-05 -7.963720e-04 -5.629727e-06))
0.21          	((-4.489406e-02 -2.478547e-02 3.103163e+01) (-9.083375e-04 6.854121e-05 6.671228e-02)) ((3.960829e-03 -2.371793e-01 -4.191384e-03) (-2.525445e-05 -8.399925e-04 -5.982530e-06))
0.22          	((-4.282355e-02 -2.437579e-02 3.009457e+01) (-9.610553e-04 7.490915e-05 6.888405e-02)) ((3.432865e-03 -2.268279e-01 -4.684069e-03) (-2.583206e-05 -8.824056e-04 -6.015616e-06))
0.23          	((-4.123096e-02 -2.279127e-02 2.911000e+01) (-1.010931e-03 8.207079e-05 7.084800e-02)) ((3.002987e-03 -2.161178e-01 -5.254284e-03) (-2.592016e-05 -9.224402e-04 -5.438125e-06))
0.24          	((-3.964078e-02 -2.202973e-02 2.806919e+01) (-1.058562e-03 9.168970e-05 7.258723e-02)) ((2.594484e-03 -2.049967e-01 -5.606050e-03) (-2.647152e-05 -9.609984e-04 -5.156845e-06))
0.25          	((-3.838032e-02 -2.141509e-02 2.698086e+01) (-1.099854e-03 1.017888e-04 7.410101e-02)) ((1.911409e-03 -1.934345e-01 -6.322851e-03) (-2.652715e-05 -9.981848e-04 -4.780476e-06))
0.26          	((-3.728200e-02 -2.056038e-02 2.583430e+01) (-1.141024e-03 1.125487e-04 7.538669e-02)) ((1.305806e-03 -1.814760e-01 -6.787481e-03) (-2.557657e-05 -1.033993e-03 -4.869384e-06))
0.27          	((-3.455312e-02 -1.920945e-02 2.463651e+01) (-1.181626e-03 1.206426e-04 7.644634e-02)) ((8.880301e-04 -1.692809e-01 -7.061641e-03) (-2.466281e-05 -1.071402e-03 -4.802687e-06))
0.28          	((-3.192707e-02 -1.812868e-02 2.338068e+01) (-1.223085e-03 1.297603e-04 7.727210e-02)) ((-9.715863e-05 -1.563755e-01 -7.063334e-03) (-2.313474e-05 -1.107503e-03 -4.677430e-06))
0.29          	((-2.872318e-02 -1.631330e-02 2.208140e+01) (-1.262369e-03 1.399395e-04 7.786034e-02)) ((-7.066199e-04 -1.433173e-01 -7.315744e-03) (-2.085435e-05 -1.140669e-03 -4.487582e-06))
0.3           	((-2.553540e-02 -1.483120e-02 2.072376e+01) (-1.295518e-03 1.462301e-04 7.820972e-02)) ((-1.542591e-03 -1.300417e-01 -7.592481e-03) (-1.877329e-05 -1.170792e-03 -4.437067e-06))
0.31          	((-2.186641e-02 -1.281600e-02 1.931189e+01) (-1.327147e-03 1.508292e-04 7.832929e-02)) ((-2.357881e-03 -1.164986e-01 -7.768417e-03) (-1.633681e-05 -1.197548e-03 -4.488476e-06))
0.32          	((-1.974379e-02 -1.025177e-02 1.784921e+01) (-1.354555e-03 1.531623e-04 7.822903e-02)) ((-3.128368e-03 -1.033910e-01 -8.152933e-03) (-1.322911e-05 -1.221574e-03 -5.013639e-06))
0.33          	((-1.501266e-02 -6.942521e-03 1.634427e+01) (-1.380310e-03 1.530269e-04 7.790056e-02)) ((-4.041098e-03 -9.018748e-02 -8.383127e-03) (-1.094187e-05 -1.240589e-03 -5.047255e-06))
0.34          	((-1.004123e-02 -4.642274e-03 1.479569e+01) (-1.400116e-03 1.525242e-04 7.735981e-02)) ((-4.243468e-03 -7.642829e-02 -8.683579e-03) (-8.491352e-06 -1.255445e-03 -4.380939e-06))
0.35          	((-6.088414e-03 -2.695322e-03 1.320452e+01) (-1.407167e-03 1.498767e-04 7.661192e-02)) ((-5.136135e-03 -6.256635e-02 -8.874900e-03) (-5.538039e-06 -1.265576e-03 -3.768447e-06))
0.36          	((4.541053e-04 -1.049770e-03 1.157609e+01) (-1.409375e-03 1.468720e-04 7.566191e-02)) ((-5.801304e-03 -4.829291e-02 -9.168346e-03) (-2.855142e-06 -1.270971e-03 -3.258261e-06))
0.37          	((4.217181e-03 -1.075419e-04 9.919708e+00) (-1.411620e-03 1.434185e-04 7.451984e-02)) ((-5.873682e-03 -3.411635e-02 -9.412730e-03) (1.136562e-06 -1.271708e-03 -2.356323e-06))
0.38          	((1.145385e-02 1.556379e-03 8.226422e+00) (-1.406288e-03 1.419715e-04 7.319460e-02)) ((-6.427905e-03 -1.941363e-02 -9.146541e-03) (5.289418e-06 -1.268165e-03 -9.632761e-07))
0.39          	((1.863159e-02 4.131844e-03 6.494242e+00) (-1.395528e-03 1.385592e-04 7.169126e-02)) ((-6.232991e-03 -5.118586e-03 -9.467329e-03) (8.953765e-06 -1.260675e-03 1.063126e-06))
0.4           	((2.670871e-02 6.293970e-03 4.737122e+00) (-1.381822e-03 1.354871e-04 7.002028e-02)) ((-6.023715e-03 9.718564e-03 -9.518663e-03) (1.137705e-05 -1.249435e-03 3.738562e-06))
0.41          	((3.551459e-02 9.041659e-03 2.964542e+00) (-1.364789e-03 1.338057e-04 6.818892e-02)) ((-6.467016e-03 2.475424e-02 -9.555412e-03) (1.441529e-05 -1.235274e-03 6.580347e-06))
0.42          	((4.250390e-02 1.034717e-02 1.176510e+00) (-1.344654e-03 1.307786e-04 6.621043e-02)) ((-6.952465e-03 3.961988e-02 -9.487331e-03) (1.775749e-05 -1.218020e-03 8.692032e-06))
0.43          	((4.926159e-02 1.181672e-02 -6.252197e-01) (-1.322975e-03 1.238475e-04 6.408518e-02)) ((-6.824379e-03 5.432215e-02 -9.314025e-03) (2.011281e-05 -1.197306e-03 1.082873e-05))
0.44          	((5.682638e-02 1.319743e-02 -2.429750e+00) (-1.297568e-03 1.152152e-04 6.182453e-02)) ((-7.136640e-03 6.939312e-02 -9.583238e-03) (2.186056e-05 -1.173175e-03 1.284929e-05))
0.45          	((6.602211e-02 1.351389e-02 -4.245467e+00) (-1.270178e-03 1.053460e-04 5.943098e-02)) ((-7.187869e-03 8.452688e-02 -9.697899e-03) (2.439207e-05 -1.146450e-03 1.474098e-05))
0.46          	((7.274467e-02 1.449425e-02 -6.052891e+00) (-1.238093e-03 9.112015e-05 5.690770e-02)) ((-7.259700e-03 9.960721e-02 -9.441311e-03) (2.638738e-05 -1.117373e-03 1.684738e-05))
0.47          	((8.034499e-02 1.482871e-02 -7.855589e+00) (-1.200107e-03 7.617183e-05 5.425947e-02)) ((-7.395823e-03 1.143934e-01 -8.936137e-03) (2.789535e-05 -1.085981e-03 1.823957e-05))
0.48          	((9.097571e-02 1.499777e-02 -9.643886e+00) (-1.163357e-03 6.374565e-05 5.150284e-02)) ((-7.433657e-03 1.292841e-01 -8.926595e-03) (2.950766e-05 -1.052256e-03 1.976968e-05))
0.49          	((9.964411e-02 1.772557e-02 -1.141823e+01) (-1.126295e-03 4.889092e-05 4.863563e-02)) ((-7.778611e-03 1.435880e-01 -8.863127e-03) (3.086448e-05 -1.017145e-03 2.096665e-05))
0.5           	((1.060601e-01 1.636392e-02 -1.317370e+01) (-1.093436e-03 3.930915e-05 4.567283e-02)) ((-7.978617e-03 1.575448e-01 -8.763235e-03) (3.298902e-05 -9.805417e-04 2.181236e-05))
0.51          	((1.115446e-01 1.576373e-02 -1.490425e+01) (-1.060749e-03 3.029373e-05 4.261382e-02)) ((-8.119871e-03 1.713466e-01 -8.205842e-03) (3.440657e-05 -9.419862e-04 2.229266e-05))
0.52          	((1.167926e-01 1.546826e-02 -1.660038e+01) (-1.032723e-03 2.191661e-05 3.946609e-02)) ((-8.246532e-03 1.848710e-01 -8.181584e-03) (3.513305e-05 -9.018617e-04 2.249265e-05))
0.53          	((1.198325e-01 1.520223e-02 -1.826764e+01) (-1.006368e-03 1.421113e-05 3.623712e-02)) ((-8.054408e-03 1.977224e-01 -7.607888e-03) (3.575627e-05 -8.604898e-04 2.234307e-05))
0.54          	((1.213360e-01 1.647102e-02 -1.989949e+01) (-9.839315e-04 1.062801e-05 3.293248e-02)) ((-8.385070e-03 2.106578e-01 -7.043345e-03) (3.628258e-05 -8.182748e-04 2.159490e-05))
0.55          	((1.202582e-01 1.617954e-02 -2.149383e+01) (-9.653447e-04 9.205684e-06 2.956010e-02)) ((-8.434639e-03 2.227238e-01 -6.444666e-03) (3.687123e-05 -7.744817e-04 2.026586e-05))
0.56          	((1.213307e-01 1.864422e-02 -2.303278e+01) (-9.495256e-04 8.317841e-06 2.612605e-02)) ((-8.586565e-03 2.345216e-01 -6.114309e-03) (3.698842e-05 -7.299535e-04 1.815416e-05))
0.57          	((1.219403e-01 1.948839e-02 -2.452482e+01) (-9.342204e-04 6.999049e-06 2.263817e-02)) ((-8.405905e-03 2.456436e-01 -5.542106e-03) (3.718046e-05 -6.846017e-04 1.601764e-05))
0.58          	((1.203272e-01 1.904547e-02 -2.596093e+01) (-9.201886e-04 6.128963e-06 1.910120e-02)) ((-8.789352e-03 2.566375e-01 -4.911589e-03) (3.741470e-05 -6.393220e-04 1.428817e-05))
0.59          	((1.176603e-01 2.107429e-02 -2.734059e+01) (-9.092589e-04 7.443908e-06 1.552089e-02)) ((-8.633334e-03 2.668498e-01 -4.344379e-03) (3.734265e-05 -5.933767e-04 1.220679e-05))
0.6           	((1.134969e-01 2.197408e-02 -2.867663e+01) (-8.995351e-04 1.153729e-05 1.190501e-02)) ((-9.183193e-03 2.762473e-01 -3.638068e-03) (3.671565e-05 -5.466287e-04 9.425554e-06))
0.61          	((1.099505e-01 2.198979e-02 -2.994195e+01) (-8.898053e-04 1.478955e-05 8.257978e-03)) ((-9.645226e-03 2.851857e-01 -2.782738e-03) (3.582596e-05 -4.990463e-04 6.836074e-06))
0.62          	((1.050971e-01 2.464925e-02 -3.112913e+01) (-8.829009e-04 1.968229e-05 4.582975e-03)) ((-8.461793e-03 2.932938e-01 -1.939274e-03) (3.518979e-05 -4.514824e-04 4.500520e-06))
0.63          	((1.004885e-01 2.666277e-02 -3.226981e+01) (-8.800995e-04 2.428061e-05 8.819621e-04)) ((-8.713262e-03 3.013753e-01 -1.571026e-03) (3.415797e-05 -4.037806e-04 2.930711e-06))
0.64          	((9.261903e-02 2.705010e-02 -3.335184e+01) (-8.755252e-04 2.669617e-05 -2.836994e-03)) ((-9.956739e-03 3.091844e-01 -9.349707e-04) (3.331303e-05 -3.558946e-04 6.877224e-07))
0.65          	((8.770754e-02 3.119091e-02 -3.435569e+01) (-8.718780e-04 2.948730e-05 -6.568332e-03)) ((-9.474801e-03 3.152032e-01 -4.838725e-04) (3.249532e-05 -3.076623e-04 -7.409123e-07))
0.66          	((8.069191e-02 3.078656e-02 -3.528792e+01) (-8.648673e-04 3.520404e-05 -1.031138e-02)) ((-8.570198e-03 3.206807e-01 4.128249e-04) (3.132124e-05 -2.586400e-04 -1.527138e-06))
0.67          	((7.423707e-02 3.485981e-02 -3.617103e+01) (-8.521095e-04 3.415931e-05 -1.406580e-02)) ((-8.935051e-03 3.254697e-01 1.001848e-03) (3.083149e-05 -2.093498e-04 -3.152098e-06))
0.68          	((6.656527e-02 3.579993e-02 -3.700018e+01) (-8.376896e-04 3.418391e-05 -1.783694e-02)) ((-8.501144e-03 3.290779e-01 1.627388e-03) (3.163961e-05 -1.598182e-04 -4.023282e-06))
0.69          	((6.261399e-02 3.812609e-02 -3.777149e+01) (-8.185984e-04 3.178462e-05 -2.162348e-02)) ((-8.500124e-03 3.325756e-01 3.419631e-03) (3.322369e-05 -1.094669e-04 -5.881004e-06))
0.7           	((5.575250e-02 3.670556e-02 -3.849724e+01) (-7.960496e-04 3.177975e-05 -2.543004e-02)) ((-8.202773e-03 3.354979e-01 4.224736e-03) (3.528701e-05 -5.941429e-05 -8.011278e-06))
0.71          	((5.182404e-02 3.921487e-02 -3.916611e+01) (-7.685932e-04 2.506967e-05 -2.927096e-02)) ((-7.399928e-03 3.374491e-01 4.449187e-03) (3.807930e-05 -9.297628e-06 -9.764688e-06))
0.72          	((4.928896e-02 3.535925e-02 -3.977106e+01) (-7.339124e-04 1.501436e-05 -3.313971e-02)) ((-7.344324e-03 3.393670e-01 5.746530e-03) (4.063928e-05 4.218359e-05 -1.091318e-05))
0.73          	((5.066906e-02 3.692412e-02 -4.032905e+01) (-6.941934e-04 6.725301e-06 -3.704182e-02)) ((-7.885157e-03 3.402217e-01 7.061208e-03) (4.304192e-05 9.527477e-05 -1.196987e-05))
0.74          	((5.301980e-02 3.771036e-02 -4.083771e+01) (-6.355723e-04 2.373462e-06 -4.097054e-02)) ((-6.878197e-03 3.409764e-01 8.535876e-03) (4.547396e-05 1.506105e-04 -1.238987e-05))
0.75          	((5.351045e-02 3.040297e-02 -4.132959e+01) (-5.656196e-04 -1.446624e-06 -4.493009e-02)) ((-5.976889e-03 3.400018e-01 1.010071e-02) (4.806194e-05 2.090826e-04 -1.231245e-05))
0.76          	((5.515633e-02 3.261033e-02 -4.186789e+01) (-4.860198e-04 -8.570950e-06 -4.892458e-02)) ((-6.252714e-03 3.417506e-01 1.165107e-02) (5.027103e-05 2.702700e-04 -1.263040e-05))
0.77          	((5.403417e-02 3.180894e-02 -4.200570e+01) (-4.021160e-04 -8.302289e-06 -5.293028e-02)) ((-6.544010e-03 3.386421e-01 1.230105e-02) (5.232787e-05 3.336719e-04 -1.305384e-05))
0.78          	((6.263921e-02 2.968238e-02 -4.259125e+01) (-3.111117e-04 -3.609567e-06 -5.697504e-02)) ((-6.086585e-03 3.400375e-01 1.383424e-02) (5.351369e-05 3.997011e-04 -1.445799e-05))
0.79          	((7.767230e-02 2.487688e-02 -4.283433e+01) (-2.103505e-04 3.332025e-06 -6.104060e-02)) ((-5.440392e-03 3.396680e-01 1.548499e-02) (5.433331e-05 4.682348e-04 -1.631485e-05))
0.8           	((8.562769e-02 2.337160e-02 -4.310001e+01) (-1.067250e-04 1.434148e-05 -6.511295e-02)) ((-5.133759e-03 3.376193e-01 1.719164e-02) (5.499805e-05 5.376866e-04 -1.815020e-05))
0.81          	((9.291657e-02 1.877363e-02 -4.333227e+01) (-1.759847e-06 2.968468e-05 -6.918610e-02)) ((-4.415390e-03 3.350937e-01 1.793031e-02) (5.407458e-05 6.078674e-04 -1.928776e-05))
0.82          	((1.055647e-01 1.816792e-02 -4.350781e+01) (1.033532e-04 5.080240e-05 -7.325051e-02)) ((-4.039629e-03 3.330560e-01 1.910084e-02) (5.237630e-05 6.791856e-04 -2.105629e-05))
0.83          	((1.243270e-01 1.361761e-02 -4.360918e+01) (2.029617e-04 7.439073e-05 -7.729379e-02)) ((-2.840966e-03 3.301521e-01 1.988991e-02) (5.145305e-05 7.511479e-04 -2.375532e-05))
0.84          	((1.396018e-01 1.148313e-02 -4.360012e+01) (3.007121e-04 9.585213e-05 -8.128038e-02)) ((-2.260361e-03 3.260330e-01 2.039542e-02) (4.926965e-05 8.233805e-04 -2.623412e-05))
0.85          	((1.565043e-01 6.335707e-03 -4.351801e+01) (3.919483e-04 1.213061e-04 -8.517624e-02)) ((-1.784806e-03 3.224010e-01 2.099129e-02) (4.610906e-05 8.960787e-04 -2.940385e-05))
0.86          	((1.743700e-01 1.854359e-03 -4.339451e+01) (4.765821e-04 1.479917e-04 -8.896619e-02)) ((-8.668398e-04 3.186339e-01 2.143703e-02) (4.163296e-05 9.709793e-04 -3.354981e-05))
0.87          	((1.900902e-01 -4.144206e-04 -4.320518e+01) (5.633913e-04 1.729500e-04 -9.262676e-02)) ((-3.683775e-04 3.140123e-01 2.162165e-02) (3.576782e-05 1.047327e-03 -3.928309e-05))
0.88          	((2.053122e-01 -7.539078e-03 -4.297502e+01) (6.524778e-04 1.974498e-04 -9.613888e-02)) ((3.052392e-04 3.091214e-01 2.121737e-02) (3.094560e-05 1.124034e-03 -4.552634e-05))
0.89          	((2.212754e-01 -1.169082e-02 -4.266921e+01) (7.461202e-04 2.167516e-04 -9.947718e-02)) ((8.811668e-04 3.043847e-01 2.093261e-02) (2.708677e-05 1.201299e-03 -5.298809e-05))
0.9           	((2.347321e-01 -1.989785e-02 -4.230230e+01) (8.471013e-04 2.383496e-04 -1.026133e-01)) ((1.632618e-03 2.989462e-01 2.080204e-02) (2.328087e-05 1.278241e-03 -6.240350e-05))
0.91          	((2.444858e-01 -2.705446e-02 -4.186100e+01) (9.559845e-04 2.562066e-04 -1.055288e-01)) ((2.804634e-03 2.935222e-01 2.066497e-02) (1.841809e-05 1.355524e-03 -7.347959e-05))
0.92          	((2.527349e-01 -3.124608e-02 -4.134253e+01) (1.066646e-03 2.688596e-04 -1.082029e-01)) ((3.035017e-03 2.883780e-01 2.068082e-02) (1.511718e-05 1.431385e-03 -8.592641e-05))
0.93          	((2.622302e-01 -3.812551e-02 -4.074073e+01) (1.189570e-03 2.737550e-04 -1.106181e-01)) ((3.640847e-03 2.823071e-01 2.070726e-02) (1.257301e-05 1.504616e-03 -1.001676e-04))
0.94          	((2.706925e-01 -4.388487e-02 -4.004475e+01) (1.324780e-03 2.759602e-04 -1.127585e-01)) ((4.381036e-03 2.766453e-01 2.049868e-02) (9.845579e-06 1.574932e-03 -1.154036e-04))
0.95          	((2.737304e-01 -4.969303e-02 -3.925117e+01) (1.473244e-03 2.743133e-04 -1.146137e-01)) ((5.676231e-03 2.706466e-01 2.003068e-02) (6.838419e-06 1.642186e-03 -1.323353e-04))
0.96          	((2.743810e-01 -5.556243e-02 -3.836830e+01) (1.635034e-03 2.680075e-04 -1.161796e-01)) ((5.961988e-03 2.644394e-01 2.009066e-02) (3.649392e-06 1.705337e-03 -1.494910e-04))
0.97          	((2.726612e-01 -5.892481e-02 -3.739082e+01) (1.803722e-03 2.572554e-04 -1.174699e-01)) ((6.629396e-03 2.575771e-01 2.060910e-02) (6.847713e-07 1.761232e-03 -1.684903e-04))
0.98          	((2.676191e-01 -6.312922e-02 -3.632149e+01) (1.980924e-03 2.475419e-04 -1.184574e-01)) ((7.049032e-03 2.509198e-01 2.136658e-02) (-3.220313e-06 1.810869e-03 -1.870415e-04))
0.99          	((2.604258e-01 -6.402767e-02 -3.516717e+01) (2.162782e-03 2.395685e-04 -1.191470e-01)) ((7.556023e-03 2.438156e-01 2.178646e-02) (-7.885750e-06 1.853443e-03 -2.049782e-04))
1             	((2.513627e-01 -6.786765e-02 -3.392491e+01) (2.344400e-03 2.328683e-04 -1.195504e-01)) ((7.531339e-03 2.356967e-01 2.216543e-02) (-1.334340e-05 1.887638e-03 -2.225595e-04))
1.01          	((2.415935e-01 -6.848999e-02 -3.258833e+01) (2.528529e-03 2.309686e-04 -1.196764e-01)) ((7.015336e-03 2.271158e-01 2.324307e-02) (-1.830537e-05 1.912834e-03 -2.382756e-04))
1.02          	((2.298914e-01 -6.581462e-02 -3.117692e+01) (2.706264e-03 2.348854e-04 -1.195235e-01)) ((7.450941e-03 2.176804e-01 2.361487e-02) (-2.365616e-05 1.929733e-03 -2.525635e-04))
1.03          	((2.163308e-01 -6.351078e-02 -2.969036e+01) (2.882992e-03 2.479584e-04 -1.191149e-01)) ((7.353035e-03 2.076703e-01 2.430916e-02) (-2.954961e-05 1.937708e-03 -2.650908e-04))
1.04          	((2.043030e-01 -6.020934e-02 -2.813248e+01) (3.053015e-03 2.631334e-04 -1.184549e-01)) ((7.515853e-03 1.971457e-01 2.522022e-02) (-3.428506e-05 1.935957e-03 -2.761630e-04))
1.05          	((1.908848e-01 -5.576924e-02 -2.650075e+01) (3.219595e-03 2.776138e-04 -1.175447e-01)) ((7.014017e-03 1.862881e-01 2.618301e-02) (-3.847524e-05 1.926474e-03 -2.856937e-04))
1.06          	((1.776595e-01 -5.247483e-02 -2.482029e+01) (3.381855e-03 2.944515e-04 -1.163895e-01)) ((6.630615e-03 1.748251e-01 2.677346e-02) (-4.193730e-05 1.910968e-03 -2.936426e-04))
1.07          	((1.645295e-01 -5.030194e-02 -2.308203e+01) (3.542138e-03 3.179031e-04 -1.150125e-01)) ((6.852873e-03 1.630989e-01 2.750644e-02) (-4.687519e-05 1.889620e-03 -2.991685e-04))
1.08          	((1.489983e-01 -4.724796e-02 -2.129459e+01) (3.688775e-03 3.431912e-04 -1.134100e-01)) ((6.439471e-03 1.508716e-01 2.822963e-02) (-5.036939e-05 1.862328e-03 -3.021001e-04))
1.09          	((1.331367e-01 -4.446782e-02 -1.946318e+01) (3.825547e-03 3.624373e-04 -1.115959e-01)) ((6.755886e-03 1.381990e-01 2.892487e-02) (-5.326472e-05 1.830995e-03 -3.030735e-04))
1.1           	((1.220573e-01 -4.117035e-02 -1.760200e+01) (3.946904e-03 3.819522e-04 -1.095849e-01)) ((7.055919e-03 1.256729e-01 2.989691e-02) (-5.453525e-05 1.795443e-03 -3.031042e-04))
1.11          	((1.099795e-01 -4.317447e-02 -1.571533e+01) (4.047182e-03 4.037658e-04 -1.073836e-01)) ((7.689405e-03 1.123215e-01 3.046446e-02) (-5.496111e-05 1.756565e-03 -3.023533e-04))
1.12          	((1.006840e-01 -4.263231e-02 -1.380564e+01) (4.125745e-03 4.244934e-04 -1.049984e-01)) ((7.699295e-03 9.845192e-02 3.017161e-02) (-5.589645e-05 1.715279e-03 -3.010946e-04))
1.13          	((9.205727e-02 -3.978192e-02 -1.187901e+01) (4.184426e-03 4.446088e-04 -1.024336e-01)) ((7.500212e-03 8.467984e-02 3.064878e-02) (-5.555186e-05 1.671255e-03 -2.987902e-04))
1.14          	((8.563499e-02 -3.835449e-02 -9.933282e+00) (4.218164e-03 4.628845e-04 -9.969654e-02)) ((8.193526e-03 7.065151e-02 3.082376e-02) (-5.495355e-05 1.624241e-03 -2.953929e-04))
1.15          	((7.828109e-02 -3.645590e-02 -7.973903e+00) (4.230541e-03 4.829266e-04 -9.679872e-02)) ((7.932102e-03 5.569438e-02 3.081449e-02) (-5.374775e-05 1.576126e-03 -2.912392e-04))
1.16          	((7.257474e-02 -3.239053e-02 -6.009613e+00) (4.228464e-03 5.054374e-04 -9.374062e-02)) ((7.534027e-03 4.096338e-02 3.105251e-02) (-5.284095e-05 1.527244e-03 -2.863022e-04))
1.17          	((6.728947e-02 -3.286283e-02 -4.036447e+00) (4.208730e-03 5.259348e-04 -9.053195e-02)) ((7.840671e-03 2.602284e-02 3.068816e-02) (-5.164259e-05 1.477328e-03 -2.806822e-04))
1.18          	((6.163862e-02 -3.083099e-02 -2.057402e+00) (4.177478e-03 5.428654e-04 -8.717420e-02)) ((7.893161e-03 1.059324e-02 3.017570e-02) (-5.094709e-05 1.425587e-03 -2.748199e-04))
1.19          	((5.577959e-02 -3.067082e-02 -8.059667e-02) (4.140289e-03 5.620212e-04 -8.367138e-02)) ((7.998760e-03 -4.695881e-03 2.940627e-02) (-5.007351e-05 1.372736e-03 -2.695691e-04))
1.2           	((5.033933e-02 -3.205118e-02 1.885199e+00) (4.092321e-03 5.829725e-04 -8.003558e-02)) ((8.213815e-03 -1.992432e-02 2.879496e-02) (-5.018893e-05 1.318894e-03 -2.636646e-04))
1.21          	((4.510767e-02 -3.083073e-02 3.845932e+00) (4.034512e-03 6.038189e-04 -7.627969e-02)) ((8.340103e-03 -3.533995e-02 2.815208e-02) (-5.117176e-05 1.264071e-03 -2.582661e-04))
1.22          	((3.847674e-02 -3.024019e-02 5.787058e+00) (3.969381e-03 6.176344e-04 -7.241526e-02)) ((8.209596e-03 -5.024666e-02 2.693680e-02) (-5.232805e-05 1.208172e-03 -2.547299e-04))
1.23          	((2.995690e-02 -3.349459e-02 7.713142e+00) (3.903693e-03 6.249895e-04 -6.844503e-02)) ((8.179242e-03 -6.527469e-02 2.560816e-02) (-5.296745e-05 1.150607e-03 -2.520977e-04))
1.24          	((2.259977e-02 -3.166702e-02 9.625056e+00) (3.833320e-03 6.272625e-04 -6.438375e-02)) ((7.707216e-03 -8.063110e-02 2.442776e-02) (-5.318063e-05 1.091839e-03 -2.506403e-04))
1.25          	((1.780411e-02 -2.894872e-02 1.149772e+01) (3.756906e-03 6.238468e-04 -6.023863e-02)) ((7.217904e-03 -9.488154e-02 2.299290e-02) (-5.348997e-05 1.031871e-03 -2.496756e-04))
1.26          	((1.380895e-02 -2.989561e-02 1.334668e+01) (3.671026e-03 6.173053e-04 -5.601839e-02)) ((7.431116e-03 -1.095760e-01 2.139721e-02) (-5.325093e-05 9.704170e-04 -2.483506e-04))
1.27          	((9.352720e-03 -3.198449e-02 1.516423e+01) (3.574236e-03 6.076695e-04 -5.173959e-02)) ((7.459156e-03 -1.237209e-01 1.951233e-02) (-5.239698e-05 9.085313e-04 -2.467810e-04))
1.28          	((6.895950e-03 -3.192737e-02 1.693883e+01) (3.477032e-03 6.016913e-04 -4.740687e-02)) ((7.346317e-03 -1.373833e-01 1.789015e-02) (-5.147272e-05 8.451154e-04 -2.443608e-04))
1.29          	((8.548561e-04 -3.168191e-02 1.867169e+01) (3.377435e-03 5.955161e-04 -4.302549e-02)) ((6.949288e-03 -1.512652e-01 1.600128e-02) (-5.056029e-05 7.814431e-04 -2.404767e-04))
1.3           	((-4.701835e-03 -3.196110e-02 2.035297e+01) (3.273272e-03 5.858047e-04 -3.860454e-02)) ((7.348330e-03 -1.647975e-01 1.440291e-02) (-4.963107e-05 7.179875e-04 -2.355704e-04))
1.31          	((-9.702171e-03 -3.261126e-02 2.197900e+01) (3.163533e-03 5.760781e-04 -3.414823e-02)) ((7.382012e-03 -1.778025e-01 1.306508e-02) (-4.771943e-05 6.542843e-04 -2.302534e-04))
1.32          	((-1.289451e-02 -3.465058e-02 2.355146e+01) (3.052007e-03 5.626846e-04 -2.966796e-02)) ((7.192029e-03 -1.905815e-01 1.181139e-02) (-4.512353e-05 5.895872e-04 -2.245730e-04))
1.33          	((-1.506887e-02 -3.697032e-02 2.506519e+01) (2.936440e-03 5.462012e-04 -2.516671e-02)) ((6.994072e-03 -2.027799e-01 1.022763e-02) (-4.201772e-05 5.235886e-04 -2.177464e-04))
1.34          	((-2.087478e-02 -3.523780e-02 2.652070e+01) (2.815904e-03 5.309485e-04 -2.065416e-02)) ((6.520900e-03 -2.143544e-01 9.208217e-03) (-3.868640e-05 4.562294e-04 -2.103266e-04))
1.35          	((-2.650327e-02 -3.457243e-02 2.790605e+01) (2.692147e-03 5.144350e-04 -1.613121e-02)) ((6.253284e-03 -2.254526e-01 7.996243e-03) (-3.558098e-05 3.882928e-04 -2.042230e-04))
1.36          	((-3.234380e-02 -3.584718e-02 2.921484e+01) (2.570205e-03 4.934727e-04 -1.160621e-02)) ((6.185496e-03 -2.359748e-01 7.049179e-03) (-3.253597e-05 3.203846e-04 -1.991063e-04))
1.37          	((-3.910793e-02 -3.455159e-02 3.046015e+01) (2.452348e-03 4.709513e-04 -7.087854e-03)) ((6.098776e-03 -2.460308e-01 6.423422e-03) (-2.936642e-05 2.521303e-04 -1.958581e-04))
1.38          	((-4.624043e-02 -3.396059e-02 3.163552e+01) (2.334494e-03 4.475946e-04 -2.574413e-03)) ((5.514537e-03 -2.555830e-01 6.150868e-03) (-2.703785e-05 1.836375e-04 -1.935770e-04))
1.39          	((-5.434555e-02 -2.832603e-02 3.274215e+01) (2.219186e-03 4.222278e-04 1.934279e-03)) ((5.576689e-03 -2.650589e-01 5.362699e-03) (-2.499149e-05 1.150179e-04 -1.927301e-04))
1.4           	((-6.316788e-02 -3.131522e-02 3.378720e+01) (2.107194e-03 3.976515e-04 6.433581e-03)) ((5.079110e-03 -2.732677e-01 4.194988e-03) (-2.338832e-05 4.636209e-05 -1.931508e-04))
1.41          	((-6.741692e-02 -3.086594e-02 3.474663e+01) (1.994467e-03 3.720274e-04 1.092231e-02)) ((5.361733e-03 -2.807508e-01 3.836896e-03) (-2.280833e-05 -2.199769e-05 -1.954211e-04))
1.42          	((-7.492880e-02 -2.590099e-02 3.565504e+01) (1.883325e-03 3.427173e-04 1.540030e-02)) ((4.938990e-03 -2.890368e-01 3.113078e-03) (-2.281133e-05 -8.972107e-05 -2.007346e-04))
1.43          	((-8.345063e-02 -2.616840e-02 3.649867e+01) (1.774922e-03 3.200687e-04 1.986534e-02)) ((5.813236e-03 -2.960984e-01 2.384918e-03) (-2.326441e-05 -1.564347e-04 -2.078537e-04))
1.44          	((-8.850885e-02 -2.479691e-02 3.726743e+01) (1.667831e-03 2.951561e-04 2.432160e-02)) ((4.740394e-03 -3.023832e-01 2.533243e-03) (-2.485933e-05 -2.231823e-04 -2.161614e-04))
1.45          	((-1.003806e-01 -2.269297e-02 3.796270e+01) (1.566176e-03 2.714074e-04 2.877428e-02)) ((3.811040e-03 -3.085959e-01 2.163429e-03) (-2.716908e-05 -2.891854e-04 -2.249870e-04))
1.46          	((-1.091736e-01 -2.221191e-02 3.862102e+01) (1.470508e-03 2.508002e-04 3.321839e-02)) ((4.405098e-03 -3.142953e-01 1.328395e-03) (-2.943711e-05 -3.530490e-04 -2.362810e-04))
1.47          	((-1.168257e-01 -2.395411e-02 3.922428e+01) (1.377306e-03 2.375925e-04 3.765250e-02)) ((5.079608e-03 -3.185554e-01 2.730791e-04) (-3.181548e-05 -4.160151e-04 -2.500482e-04))
1.48          	((-1.228308e-01 -1.948416e-02 3.976618e+01) (1.282166e-03 2.272879e-04 4.208094e-02)) ((4.775429e-03 -3.232635e-01 -1.071861e-03) (-3.477769e-05 -4.776251e-04 -2.649864e-04))
1.49          	((-1.297952e-01 -2.236624e-02 4.023595e+01) (1.187397e-03 2.234267e-04 4.650875e-02)) ((4.160062e-03 -3.265188e-01 -1.494476e-03) (-3.703912e-05 -5.387824e-04 -2.821976e-04))
1.5           	((-1.341325e-01 -1.802238e-02 4.066701e+01) (1.086534e-03 2.202825e-04 5.093404e-02)) ((3.693447e-03 -3.303572e-01 -2.161974e-03) (-3.944703e-05 -5.989899e-04 -2.998130e-04))
1.51          	((-1.475526e-01 -1.361603e-02 4.128571e+01) (9.879853e-04 2.218980e-04 5.537832e-02)) ((3.175835e-03 -3.344681e-01 -4.525882e-03) (-4.160558e-05 -6.585451e-04 -3.170600e-04))
1.52          	((-1.522006e-01 -1.110186e-02 4.148743e+01) (8.943793e-04 2.292711e-04 5.979818e-02)) ((2.840853e-03 -3.351670e-01 -6.149657e-03) (-4.387851e-05 -7.168493e-04 -3.343472e-04))
1.53          	((-1.548477e-01 -1.428340e-02 4.203610e+01) (8.112697e-04 2.421118e-04 6.422404e-02)) ((3.484982e-03 -3.378669e-01 -7.329422e-03) (-4.481688e-05 -7.737872e-04 -3.515966e-04))
1.54          	((-1.504264e-01 -1.657175e-02 4.233282e+01) (7.273146e-04 2.644102e-04 6.863338e-02)) ((4.482187e-03 -3.385758e-01 -8.533254e-03) (-4.480821e-05 -8.293760e-04 -3.684542e-04))
1.55          	((-1.515152e-01 -1.514613e-02 4.260231e+01) (6.434306e-04 2.878995e-04 7.302063e-02)) ((4.151913e-03 -3.384853e-01 -9.959015e-03) (-4.496178e-05 -8.842197e-04 -3.862931e-04))
1.56          	((-1.505256e-01 -1.318000e-02 4.281547e+01) (5.592670e-04 3.153349e-04 7.736177e-02)) ((4.134043e-03 -3.368566e-01 -1.110722e-02) (-4.488010e-05 -9.383153e-04 -4.038918e-04))
1.57          	((-1.521166e-01 -1.285772e-02 4.298914e+01) (4.696054e-04 3.415117e-04 8.163563e-02)) ((3.473279e-03 -3.344617e-01 -1.183800e-02) (-4.355358e-05 -9.919161e-04 -4.205448e-04))
1.58          	((-1.472618e-01 -1.285603e-02 4.307477e+01) (3.808623e-04 3.663524e-04 8.582099e-02)) ((3.625817e-03 -3.319807e-01 -1.199364e-02) (-4.237968e-05 -1.045826e-03 -4.344244e-04))
1.59          	((-1.367200e-01 -1.477905e-02 4.312591e+01) (2.899162e-04 3.961672e-04 8.990050e-02)) ((4.542386e-03 -3.278913e-01 -1.220181e-02) (-4.108224e-05 -1.100361e-03 -4.466815e-04))
1.6           	((-1.251464e-01 -1.482546e-02 4.313013e+01) (1.991165e-04 4.229071e-04 9.386840e-02)) ((5.136002e-03 -3.240219e-01 -1.132451e-02) (-3.949399e-05 -1.155199e-03 -4.576788e-04))
1.61          	((-1.144281e-01 -1.420085e-02 4.307004e+01) (9.957887e-05 4.547194e-04 9.770176e-02)) ((4.686578e-03 -3.193492e-01 -1.041203e-02) (-3.970228e-05 -1.209321e-03 -4.675981e-04))
1.62          	((-1.032718e-01 -1.361916e-02 4.294845e+01) (-3.709526e-06 4.935218e-04 1.013849e-01)) ((4.418612e-03 -3.136991e-01 -8.584047e-03) (-3.810290e-05 -1.263578e-03 -4.762248e-04))
1.63          	((-9.717604e-02 -1.094642e-02 4.275340e+01) (-1.120338e-04 5.376829e-04 1.048693e-01)) ((4.558917e-03 -3.081520e-01 -6.748123e-03) (-3.452116e-05 -1.319830e-03 -4.833984e-04))
1.64          	((-8.819228e-02 -1.549845e-02 4.248778e+01) (-2.248580e-04 5.793146e-04 1.081408e-01)) ((4.611446e-03 -3.019179e-01 -4.623634e-03) (-2.792534e-05 -1.375243e-03 -4.875172e-04))
1.65          	((-7.832443e-02 -1.399275e-02 4.214430e+01) (-3.410125e-04 6.167963e-04 1.111765e-01)) ((3.487031e-03 -2.946206e-01 -2.322965e-03) (-2.004659e-05 -1.431695e-03 -4.893619e-04))
1.66          	((-7.240585e-02 -1.117326e-02 4.172414e+01) (-4.581956e-04 6.554669e-04 1.139591e-01)) ((2.435904e-03 -2.863738e-01 -5.876160e-04) (-1.096497e-05 -1.487954e-03 -4.899184e-04))
1.67          	((-6.550504e-02 -1.472250e-02 4.122599e+01) (-5.779279e-04 6.962061e-04 1.164823e-01)) ((2.204591e-03 -2.781963e-01 8.731042e-04) (-5.159437e-07 -1.543183e-03 -4.886211e-04))
1.68          	((-6.124548e-02 -1.067544e-02 4.064591e+01) (-6.921068e-04 7.384197e-04 1.187392e-01)) ((1.096228e-03 -2.702501e-01 1.748001e-03) (8.590337e-06 -1.598698e-03 -4.856973e-04))
1.69          	((-5.640048e-02 -1.055747e-02 3.997343e+01) (-8.080904e-04 7.738112e-04 1.207102e-01)) ((-1.461511e-04 -2.612941e-01 1.604515e-03) (1.863813e-05 -1.653524e-03 -4.820152e-04))
1.7           	((-5.169990e-02 -1.026477e-02 3.921509e+01) (-9.238395e-04 8.035441e-04 1.223956e-01)) ((-1.494651e-03 -2.523293e-01 7.507310e-04) (2.996424e-05 -1.707358e-03 -4.786145e-04))
1.71          	((-4.993517e-02 -1.169392e-02 3.836828e+01) (-1.036081e-03 8.227264e-04 1.237857e-01)) ((-2.321281e-03 -2.432550e-01 -2.263793e-04) (4.253001e-05 -1.759722e-03 -4.765796e-04))
1.72          	((-4.642494e-02 -1.103673e-02 3.743025e+01) (-1.144001e-03 8.337007e-04 1.248797e-01)) ((-3.525942e-03 -2.344170e-01 -2.167553e-03) (5.599581e-05 -1.809083e-03 -4.747747e-04))
1.73          	((-4.049794e-02 -7.933782e-03 3.640515e+01) (-1.249661e-03 8.345076e-04 1.256845e-01)) ((-4.506831e-03 -2.251976e-01 -5.151619e-03) (6.916658e-05 -1.855581e-03 -4.724535e-04))
1.74          	((-3.419685e-02 -6.446901e-03 3.527468e+01) (-1.340630e-03 8.278300e-04 1.261997e-01)) ((-5.725176e-03 -2.152859e-01 -8.193223e-03) (8.244616e-05 -1.897781e-03 -4.700199e-04))
1.75          	((-2.432191e-02 -5.133652e-03 3.405605e+01) (-1.426316e-03 8.179371e-04 1.264312e-01)) ((-6.075729e-03 -2.048875e-01 -1.204805e-02) (9.548841e-05 -1.935695e-03 -4.687423e-04))
1.76          	((-1.951157e-02 -1.139145e-03 3.275305e+01) (-1.513435e-03 8.102285e-04 1.263897e-01)) ((-7.364929e-03 -1.949507e-01 -1.636129e-02) (1.087035e-04 -1.970232e-03 -4.668072e-04))
1.77          	((-1.036283e-02 4.368163e-03 3.136865e+01) (-1.593462e-03 8.003591e-04 1.260794e-01)) ((-7.948605e-03 -1.847367e-01 -2.028722e-02) (1.203827e-04 -2.000230e-03 -4.640327e-04))
1.78          	((1.404474e-03 9.277577e-03 2.989885e+01) (-1.673362e-03 7.795419e-04 1.255030e-01)) ((-8.426834e-03 -1.743303e-01 -2.358622e-02) (1.308598e-04 -2.026492e-03 -4.608816e-04))
1.79          	((1.533773e-02 1.434578e-02 2.835314e+01) (-1.749993e-03 7.517344e-04 1.246745e-01)) ((-9.230064e-03 -1.639499e-01 -2.739699e-02) (1.393816e-04 -2.047437e-03 -4.563871e-04))
1.8           	((2.894002e-02 2.069547e-02 2.673767e+01) (-1.822150e-03 7.232591e-04 1.236023e-01)) ((-9.581346e-03 -1.531635e-01 -3.104649e-02) (1.453999e-04 -2.063831e-03 -4.504379e-04))
1.81          	((4.084510e-02 2.720918e-02 2.505143e+01) (-1.893295e-03 6.986918e-04 1.222902e-01)) ((-9.856711e-03 -1.419976e-01 -3.335711e-02) (1.490777e-04 -2.075473e-03 -4.431355e-04))
1.82          	((5.414378e-02 3.319481e-02 2.330992e+01) (-1.964763e-03 6.734258e-04 1.207467e-01)) ((-9.920495e-03 -1.301751e-01 -3.480649e-02) (1.515420e-04 -2.083463e-03 -4.340046e-04))
1.83          	((6.647557e-02 3.544851e-02 2.151508e+01) (-2.040505e-03 6.490750e-04 1.189780e-01)) ((-1.009997e-02 -1.184936e-01 -3.596863e-02) (1.535562e-04 -2.087508e-03 -4.240359e-04))
1.84          	((7.704774e-02 3.893740e-02 1.967609e+01) (-2.117343e-03 6.240196e-04 1.169953e-01)) ((-1.007954e-02 -1.060180e-01 -3.713104e-02) (1.553518e-04 -2.088040e-03 -4.124898e-04))
1.85          	((8.623523e-02 3.997722e-02 1.780157e+01) (-2.194936e-03 5.991843e-04 1.148039e-01)) ((-9.753178e-03 -9.330421e-02 -3.819718e-02) (1.565284e-04 -2.085104e-03 -3.998585e-04))
1.86          	((9.468340e-02 4.226475e-02 1.589426e+01) (-2.278850e-03 5.778741e-04 1.124121e-01)) ((-1.017834e-02 -8.031139e-02 -3.899367e-02) (1.566697e-04 -2.079510e-03 -3.851624e-04))
1.87          	((1.015347e-01 4.311305e-02 1.394998e+01) (-2.363341e-03 5.575696e-04 1.098281e-01)) ((-9.486122e-03 -6.707344e-02 -3.946574e-02) (1.562752e-04 -2.069326e-03 -3.690132e-04))
1.88          	((1.063006e-01 4.254013e-02 1.198938e+01) (-2.451127e-03 5.425091e-04 1.070627e-01)) ((-9.355643e-03 -5.297013e-02 -3.980019e-02) (1.554413e-04 -2.055604e-03 -3.523021e-04))
1.89          	((1.120188e-01 4.103424e-02 1.001268e+01) (-2.545973e-03 5.291009e-04 1.041271e-01)) ((-8.995851e-03 -3.854850e-02 -3.969342e-02) (1.552167e-04 -2.039380e-03 -3.347439e-04))
1.9           	((1.142232e-01 4.133828e-02 8.025188e+00) (-2.640462e-03 5.128673e-04 1.010288e-01)) ((-8.868119e-03 -2.406148e-02 -4.001976e-02) (1.548888e-04 -2.018995e-03 -3.167395e-04))
1.91          	((1.177582e-01 3.632632e-02 6.033667e+00) (-2.731183e-03 4.988445e-04 9.778206e-02)) ((-8.217056e-03 -9.544007e-03 -3.954318e-02) (1.540882e-04 -1.995197e-03 -2.988369e-04))
1.92          	((1.210248e-01 3.332598e-02 4.038077e+00) (-2.823118e-03 4.828056e-04 9.438881e-02)) ((-7.724291e-03 5.727793e-03 -3.858271e-02) (1.513004e-04 -1.967989e-03 -2.813377e-04))
1.93          	((1.258823e-01 2.833532e-02 2.042037e+00) (-2.909680e-03 4.651865e-04 9.085882e-02)) ((-7.232499e-03 2.111583e-02 -3.789302e-02) (1.479151e-04 -1.937514e-03 -2.645043e-04))
1.94          	((1.254239e-01 2.309215e-02 5.721222e-02) (-2.991660e-03 4.438306e-04 8.720599e-02)) ((-6.708054e-03 3.624672e-02 -3.769517e-02) (1.441096e-04 -1.904187e-03 -2.480495e-04))
1.95          	((1.230777e-01 2.322629e-02 -1.922355e+00) (-3.060924e-03 4.160129e-04 8.343413e-02)) ((-7.194848e-03 5.119712e-02 -3.693368e-02) (1.389787e-04 -1.868058e-03 -2.329724e-04))
1.96          	((1.220662e-01 1.448235e-02 -3.884514e+00) (-3.118121e-03 3.907154e-04 7.954602e-02)) ((-6.315550e-03 6.647241e-02 -3.569888e-02) (1.334091e-04 -1.828935e-03 -2.195601e-04))
1.97          	((1.193794e-01 7.884762e-03 -5.818850e+00) (-3.162054e-03 3.665959e-04 7.555830e-02)) ((-6.281378e-03 8.132373e-02 -3.484486e-02) (1.271110e-04 -1.786571e-03 -2.070239e-04))
1.98          	((1.161078e-01 4.855039e-03 -7.738409e+00) (-3.192022e-03 3.419816e-04 7.148185e-02)) ((-6.418042e-03 9.623947e-02 -3.257165e-02) (1.200927e-04 -1.741867e-03 -1.951433e-04))
1.99          	((1.129733e-01 2.358947e-03 -9.632495e+00) (-3.207601e-03 3.123340e-04 6.732314e-02)) ((-6.121786e-03 1.113607e-01 -3.110003e-02) (1.124287e-04 -1.694420e-03 -1.835397e-04))
2             	((1.101385e-01 4.958554e-05 -1.150032e+01) (-3.209194e-03 2.861867e-04 6.308647e-02)) ((-6.482481e-03 1.263286e-01 -2.938766e-02) (1.040357e-04 -1.644114e-03 -1.728126e-04))
2.01          	((1.067744e-01 2.697021e-04 -1.333438e+01) (-3.198246e-03 2.644347e-04 5.878066e-02)) ((-7.051084e-03 1.406855e-01 -2.746449e-02) (9.458178e-05 -1.591153e-03 -1.622605e-04))
2.02          	((1.018014e-01 6.120873e-04 -1.513317e+01) (-3.178164e-03 2.462243e-04 5.441332e-02)) ((-7.827222e-03 1.543013e-01 -2.530722e-02) (8.496618e-05 -1.535946e-03 -1.533571e-04))
2.03          	((9.756558e-02 3.469841e-03 -1.689321e+01) (-3.146246e-03 2.324046e-04 4.998706e-02)) ((-8.553948e-03 1.682813e-01 -2.346360e-02) (7.544574e-05 -1.478363e-03 -1.462568e-04))
2.04          	((9.259612e-02 3.838105e-03 -1.861927e+01) (-3.103235e-03 2.209238e-04 4.551140e-02)) ((-8.613136e-03 1.824742e-01 -2.186748e-02) (6.598759e-05 -1.418350e-03 -1.400948e-04))
2.05          	((8.516133e-02 9.060525e-03 -2.030796e+01) (-3.051437e-03 2.141475e-04 4.099573e-02)) ((-9.882682e-03 1.958217e-01 -1.982360e-02) (5.702793e-05 -1.356153e-03 -1.344588e-04))
2.06          	((7.899757e-02 1.329210e-02 -2.194709e+01) (-2.989858e-03 2.079800e-04 3.644426e-02)) ((-1.100088e-02 2.087180e-01 -1.776958e-02) (4.727570e-05 -1.292256e-03 -1.289877e-04))
2.07          	((7.097342e-02 1.457243e-02 -2.352838e+01) (-2.921319e-03 2.065174e-04 3.186110e-02)) ((-1.142638e-02 2.209150e-01 -1.588293e-02) (3.782678e-05 -1.227109e-03 -1.245159e-04))
2.08          	((6.466375e-02 1.930939e-02 -2.505213e+01) (-2.848056e-03 2.066288e-04 2.725380e-02)) ((-1.191625e-02 2.325325e-01 -1.395380e-02) (2.913861e-05 -1.160556e-03 -1.214548e-04))
2.09          	((5.628501e-02 2.152711e-02 -2.651680e+01) (-2.773716e-03 2.082923e-04 2.262746e-02)) ((-1.266274e-02 2.442289e-01 -1.194476e-02) (2.090079e-05 -1.093167e-03 -1.183735e-04))
2.1           	((4.478639e-02 2.798412e-02 -2.793414e+01) (-2.695983e-03 2.083907e-04 1.798948e-02)) ((-1.300107e-02 2.546318e-01 -9.996539e-03) (1.372688e-05 -1.024969e-03 -1.146542e-04))
2.11          	((3.452744e-02 3.458224e-02 -2.927656e+01) (-2.617462e-03 2.104873e-04 1.334190e-02)) ((-1.365515e-02 2.652786e-01 -7.811335e-03) (7.158815e-06 -9.564771e-04 -1.113043e-04))
2.12          	((2.316007e-02 4.097816e-02 -3.055941e+01) (-2.538055e-03 2.077432e-04 8.686693e-03)) ((-1.415922e-02 2.751471e-01 -5.859634e-03) (2.535015e-06 -8.876354e-04 -1.088092e-04))
2.13          	((1.625314e-02 4.516089e-02 -3.176601e+01) (-2.453071e-03 2.049630e-04 4.025147e-03)) ((-1.423015e-02 2.841618e-01 -4.176507e-03) (-1.940136e-06 -8.184095e-04 -1.061896e-04))
2.14          	((9.240079e-03 4.804787e-02 -3.289265e+01) (-2.368060e-03 1.973747e-04 -6.393623e-04)) ((-1.506198e-02 2.929183e-01 -2.389915e-03) (-5.217164e-06 -7.492989e-04 -1.037586e-04))
2.15          	((-2.107451e-03 5.516884e-02 -3.395144e+01) (-2.284104e-03 1.908382e-04 -5.303675e-03)) ((-1.465795e-02 2.997874e-01 3.596257e-04) (-8.507458e-06 -6.797210e-04 -1.009885e-04))
2.16          	((-1.135446e-02 6.304718e-02 -3.495676e+01) (-2.201900e-03 1.865681e-04 -9.963771e-03)) ((-1.457071e-02 3.058493e-01 1.569572e-03) (-1.074890e-05 -6.101723e-04 -9.729911e-05))
2.17          	((-1.901894e-02 6.524109e-02 -3.590090e+01) (-2.114200e-03 1.870646e-04 -1.462255e-02)) ((-1.417315e-02 3.121620e-01 3.895462e-03) (-1.253290e-05 -5.398517e-04 -9.303766e-05))
2.18          	((-2.963164e-02 7.029541e-02 -3.676647e+01) (-2.027987e-03 1.899308e-04 -1.928438e-02)) ((-1.431512e-02 3.178297e-01 5.516614e-03) (-1.379071e-05 -4.699442e-04 -8.790985e-05))
2.19          	((-3.536294e-02 7.460812e-02 -3.757114e+01) (-1.938841e-03 1.950349e-04 -2.394593e-02)) ((-1.475850e-02 3.241725e-01 7.637643e-03) (-1.453671e-05 -4.007322e-04 -8.268764e-05))
2.2           	((-3.973741e-02 8.221655e-02 -3.832873e+01) (-1.857351e-03 1.990360e-04 -2.861487e-02)) ((-1.626019e-02 3.289405e-01 9.436746e-03) (-1.527624e-05 -3.330387e-04 -7.711138e-05))
2.21          	((-4.338362e-02 8.628264e-02 -3.902924e+01) (-1.772328e-03 2.052942e-04 -3.328747e-02)) ((-1.526041e-02 3.312196e-01 1.070486e-02) (-1.518568e-05 -2.661759e-04 -7.233449e-05))
2.22          	((-5.160237e-02 8.128061e-02 -3.965738e+01) (-1.684693e-03 2.077516e-04 -3.797937e-02)) ((-1.406165e-02 3.333734e-01 1.283288e-02) (-1.289751e-05 -1.999429e-04 -6.727881e-05))
2.23          	((-5.233301e-02 8.040535e-02 -4.022683e+01) (-1.602655e-03 2.067316e-04 -4.269301e-02)) ((-1.485076e-02 3.353876e-01 1.512552e-02) (-1.049477e-05 -1.344078e-04 -6.218134e-05))
2.24          	((-4.743187e-02 8.693746e-02 -4.074906e+01) (-1.528108e-03 2.086876e-04 -4.742034e-02)) ((-1.370055e-02 3.371486e-01 1.708186e-02) (-7.889761e-06 -6.810715e-05 -5.602541e-05))
2.25          	((-4.815781e-02 8.123550e-02 -4.124085e+01) (-1.449312e-03 2.196034e-04 -5.215114e-02)) ((-1.276590e-02 3.379314e-01 1.897432e-02) (-5.979047e-06 -1.324133e-06 -4.981841e-05))
2.26          	((-5.951381e-02 8.024258e-02 -4.179673e+01) (-1.369424e-03 2.285063e-04 -5.689444e-02)) ((-1.248396e-02 3.384111e-01 2.011236e-02) (-4.982848e-06 6.630688e-05 -4.315546e-05))
2.27          	((-4.482479e-02 7.543614e-02 -4.191554e+01) (-1.283798e-03 2.379822e-04 -6.161294e-02)) ((-1.187157e-02 3.358257e-01 2.216267e-02) (-4.792847e-06 1.362910e-04 -3.611552e-05))
2.28          	((-5.102478e-02 8.142392e-02 -4.244559e+01) (-1.196811e-03 2.484536e-04 -6.633934e-02)) ((-1.131088e-02 3.362194e-01 2.391562e-02) (-4.867711e-06 2.069855e-04 -3.021672e-05))
2.29          	((-4.488878e-02 8.034371e-02 -4.269534e+01) (-1.102819e-03 2.625414e-04 -7.106461e-02)) ((-1.076518e-02 3.350728e-01 2.518666e-02) (-5.702711e-06 2.800300e-04 -2.330374e-05))
2.3           	((-4.203519e-02 7.529803e-02 -4.292834e+01) (-1.006565e-03 2.735057e-04 -7.577351e-02)) ((-9.890567e-03 3.321412e-01 2.642005e-02) (-8.377766e-06 3.548033e-04 -1.619054e-05))
2.31          	((-2.998975e-02 7.064411e-02 -4.312858e+01) (-9.065857e-04 2.840371e-04 -8.045561e-02)) ((-9.518473e-03 3.290649e-01 2.744402e-02) (-1.354507e-05 4.305437e-04 -9.544799e-06))
2.32          	((-1.885698e-02 6.416851e-02 -4.325189e+01) (-8.065181e-04 2.955281e-04 -8.508982e-02)) ((-8.803212e-03 3.258140e-01 2.811647e-02) (-2.012633e-05 5.089053e-04 -3.297480e-06))
2.33          	((-8.774130e-03 5.802707e-02 -4.331260e+01) (-7.075877e-04 3.109496e-04 -8.965688e-02)) ((-8.477938e-03 3.225840e-01 2.853319e-02) (-2.677159e-05 5.892240e-04 2.095777e-06))
2.34          	((4.275531e-03 4.905281e-02 -4.331548e+01) (-6.080734e-04 3.298483e-04 -9.413185e-02)) ((-7.500764e-03 3.193731e-01 2.834029e-02) (-3.200415e-05 6.705629e-04 6.686999e-06))
2.35          	((1.461563e-02 4.300519e-02 -4.325767e+01) (-5.103942e-04 3.435588e-04 -9.849625e-02)) ((-6.098105e-03 3.154290e-01 2.823778e-02) (-3.719426e-05 7.545754e-04 9.213563e-06))
2.36          	((2.240503e-02 3.809347e-02 -4.312551e+01) (-4.143446e-04 3.559376e-04 -1.027121e-01)) ((-5.332126e-03 3.115128e-01 2.829452e-02) (-4.154360e-05 8.406937e-04 1.048716e-05))
2.37          	((3.622683e-02 2.613058e-02 -4.294091e+01) (-3.185561e-04 3.694540e-04 -1.067676e-01)) ((-4.639709e-03 3.077296e-01 2.768239e-02) (-4.504459e-05 9.297807e-04 1.037524e-05))
2.38          	((4.959833e-02 1.287219e-02 -4.270289e+01) (-2.180966e-04 3.861823e-04 -1.106299e-01)) ((-3.655693e-03 3.035753e-01 2.680291e-02) (-4.997886e-05 1.020571e-03 7.554053e-06))
2.39          	((5.805944e-02 -5.416449e-04 -4.239646e+01) (-1.149172e-04 4.035434e-04 -1.142757e-01)) ((-2.501032e-03 2.993233e-01 2.524290e-02) (-5.508391e-05 1.111041e-03 2.144698e-06))
2.4           	((7.100162e-02 -1.256073e-02 -4.201534e+01) (-1.001920e-05 4.267714e-04 -1.176843e-01)) ((-6.180464e-04 2.945809e-01 2.336983e-02) (-6.024806e-05 1.200993e-03 -5.440718e-06))
2.41          	((8.796769e-02 -2.730457e-02 -4.155975e+01) (9.950625e-05 4.436675e-04 -1.208327e-01)) ((1.487157e-03 2.887358e-01 2.207372e-02) (-6.444542e-05 1.290148e-03 -1.603516e-05))
2.42          	((1.027700e-01 -4.266686e-02 -4.102857e+01) (2.219780e-04 4.544956e-04 -1.237064e-01)) ((3.481588e-03 2.828064e-01 2.068282e-02) (-6.812037e-05 1.377202e-03 -2.947508e-05))
2.43          	((1.155074e-01 -5.381776e-02 -4.041624e+01) (3.524325e-04 4.543364e-04 -1.262811e-01)) ((5.007298e-03 2.772413e-01 1.872329e-02) (-7.041907e-05 1.460836e-03 -4.497283e-05))
2.44          	((1.302336e-01 -6.778087e-02 -3.970378e+01) (4.952502e-04 4.511975e-04 -1.285474e-01)) ((6.936905e-03 2.709298e-01 1.661755e-02) (-7.245975e-05 1.538953e-03 -6.258483e-05))
2.45          	((1.396450e-01 -8.069850e-02 -3.890345e+01) (6.522207e-04 4.432856e-04 -1.304899e-01)) ((9.043070e-03 2.641266e-01 1.494835e-02) (-7.404520e-05 1.612837e-03 -8.128456e-05))
2.46          	((1.516428e-01 -9.333753e-02 -3.800431e+01) (8.232760e-04 4.259817e-04 -1.321118e-01)) ((1.082672e-02 2.567654e-01 1.320829e-02) (-7.464966e-05 1.682160e-03 -1.001369e-04))
2.47          	((1.624798e-01 -1.049307e-01 -3.700881e+01) (1.013190e-03 4.020222e-04 -1.334087e-01)) ((1.208989e-02 2.493746e-01 1.159308e-02) (-7.444931e-05 1.746854e-03 -1.180830e-04))
2.48          	((1.692511e-01 -1.157223e-01 -3.592268e+01) (1.210190e-03 3.752741e-04 -1.343819e-01)) ((1.311789e-02 2.415790e-01 1.054685e-02) (-7.371350e-05 1.805206e-03 -1.360855e-04))
2.49          	((1.740885e-01 -1.199912e-01 -3.474439e+01) (1.415521e-03 3.490760e-04 -1.350383e-01)) ((1.327948e-02 2.337553e-01 9.542216e-03) (-7.311936e-05 1.857318e-03 -1.542537e-04))
2.5           	((1.775588e-01 -1.255253e-01 -3.347914e+01) (1.631552e-03 3.273486e-04 -1.353774e-01)) ((1.335492e-02 2.260682e-01 8.477431e-03) (-7.207216e-05 1.902724e-03 -1.709068e-04))
2.51          	((1.797335e-01 -1.329186e-01 -3.213728e+01) (1.857188e-03 3.099912e-04 -1.354134e-01)) ((1.379783e-02 2.180890e-01 7.862128e-03) (-7.145141e-05 1.941557e-03 -1.870538e-04))
2.52          	((1.780211e-01 -1.346036e-01 -3.071325e+01) (2.082304e-03 2.990477e-04 -1.351593e-01)) ((1.433052e-02 2.100421e-01 7.080504e-03) (-7.247328e-05 1.973275e-03 -2.034367e-04))
2.53          	((1.744414e-01 -1.373280e-01 -2.922276e+01) (2.313624e-03 2.942197e-04 -1.346219e-01)) ((1.437513e-02 2.020690e-01 6.367589e-03) (-7.356484e-05 1.997748e-03 -2.190780e-04))
2.54          	((1.650000e-01 -1.349082e-01 -2.766809e+01) (2.539075e-03 2.927393e-04 -1.338065e-01)) ((1.442123e-02 1.938500e-01 6.005074e-03) (-7.391184e-05 2.014725e-03 -2.341535e-04))
2.55          	((1.568865e-01 -1.319132e-01 -2.605898e+01) (2.753313e-03 2.938708e-04 -1.327291e-01)) ((1.457868e-02 1.856386e-01 5.520849e-03) (-7.509643e-05 2.023869e-03 -2.500350e-04))
2.56          	((1.462466e-01 -1.304803e-01 -2.438714e+01) (2.953415e-03 2.947260e-04 -1.313965e-01)) ((1.437197e-02 1.773821e-01 5.563300e-03) (-7.619048e-05 2.024227e-03 -2.641583e-04))
2.57          	((1.356691e-01 -1.273885e-01 -2.266705e+01) (3.138425e-03 3.065131e-04 -1.298198e-01)) ((1.423037e-02 1.685804e-01 6.479271e-03) (-7.793877e-05 2.015884e-03 -2.771739e-04))
2.58          	((1.217914e-01 -1.233169e-01 -2.090773e+01) (3.295831e-03 3.243503e-04 -1.280134e-01)) ((1.440323e-02 1.590900e-01 7.350933e-03) (-7.991056e-05 1.999457e-03 -2.881762e-04))
2.59          	((1.107303e-01 -1.182938e-01 -1.910554e+01) (3.436755e-03 3.448425e-04 -1.259908e-01)) ((1.418093e-02 1.490214e-01 8.561894e-03) (-8.105537e-05 1.976949e-03 -2.982389e-04))
2.6           	((9.951233e-02 -1.107452e-01 -1.727216e+01) (3.553225e-03 3.652430e-04 -1.237574e-01)) ((1.381289e-02 1.384503e-01 1.004177e-02) (-8.158214e-05 1.948859e-03 -3.057946e-04))
2.61          	((8.959143e-02 -1.049943e-01 -1.540420e+01) (3.647932e-03 3.896441e-04 -1.213249e-01)) ((1.373651e-02 1.270237e-01 1.161315e-02) (-8.247297e-05 1.915226e-03 -3.112441e-04))
2.62          	((7.899764e-02 -9.932664e-02 -1.350934e+01) (3.726140e-03 4.175617e-04 -1.186964e-01)) ((1.375752e-02 1.148410e-01 1.358800e-02) (-8.298439e-05 1.876120e-03 -3.157901e-04))
2.63          	((7.186544e-02 -9.210152e-02 -1.159918e+01) (3.786474e-03 4.427349e-04 -1.158733e-01)) ((1.305892e-02 1.016309e-01 1.526906e-02) (-8.270711e-05 1.831526e-03 -3.195021e-04))
2.64          	((6.707816e-02 -8.461866e-02 -9.670615e+00) (3.831864e-03 4.597568e-04 -1.128662e-01)) ((1.233554e-02 8.843826e-02 1.726365e-02) (-8.168075e-05 1.783378e-03 -3.223938e-04))
2.65          	((5.853795e-02 -7.556802e-02 -7.725243e+00) (3.857707e-03 4.740534e-04 -1.096767e-01)) ((1.142199e-02 7.477814e-02 1.869655e-02) (-8.036553e-05 1.730651e-03 -3.245013e-04))
2.66          	((5.355833e-02 -6.901661e-02 -5.761817e+00) (3.871849e-03 4.911086e-04 -1.063154e-01)) ((1.093049e-02 6.028295e-02 2.036017e-02) (-7.838055e-05 1.674350e-03 -3.255315e-04))
2.67          	((4.699384e-02 -6.286368e-02 -3.795808e+00) (3.876118e-03 5.034346e-04 -1.027860e-01)) ((1.073748e-02 4.568847e-02 2.203260e-02) (-7.571235e-05 1.615356e-03 -3.252254e-04))
2.68          	((4.176973e-02 -5.609620e-02 -1.817933e+00) (3.871203e-03 5.097052e-04 -9.909188e-02)) ((1.036925e-02 3.095696e-02 2.356582e-02) (-7.198581e-05 1.553606e-03 -3.238715e-04))
2.69          	((3.420922e-02 -4.850811e-02 1.570105e-01) (3.856510e-03 5.151582e-04 -9.524175e-02)) ((1.003348e-02 1.606740e-02 2.436756e-02) (-6.863777e-05 1.490001e-03 -3.228024e-04))
2.7           	((2.995694e-02 -4.275226e-02 2.130951e+00) (3.836298e-03 5.159520e-04 -9.123954e-02)) ((1.000068e-02 9.369285e-04 2.489547e-02) (-6.365780e-05 1.424087e-03 -3.218891e-04))
2.71          	((2.606768e-02 -3.929582e-02 4.091140e+00) (3.806310e-03 5.178774e-04 -8.710170e-02)) ((1.043121e-02 -1.387520e-02 2.482944e-02) (-5.903920e-05 1.355974e-03 -3.217706e-04))
2.72          	((2.106476e-02 -3.507689e-02 6.042173e+00) (3.776115e-03 5.182190e-04 -8.283647e-02)) ((1.033380e-02 -2.890214e-02 2.480985e-02) (-5.490096e-05 1.287595e-03 -3.221739e-04))
2.73          	((1.682898e-02 -3.259801e-02 7.972594e+00) (3.744241e-03 5.199472e-04 -7.844798e-02)) ((1.037756e-02 -4.423633e-02 2.438724e-02) (-5.218090e-05 1.218417e-03 -3.232248e-04))
2.74          	((1.128471e-02 -3.024244e-02 9.878947e+00) (3.699619e-03 5.185925e-04 -7.395495e-02)) ((1.045742e-02 -5.914770e-02 2.376154e-02) (-4.995697e-05 1.148146e-03 -3.238884e-04))
2.75          	((5.704191e-03 -2.753261e-02 1.176314e+01) (3.648049e-03 5.131280e-04 -6.936509e-02)) ((1.032322e-02 -7.380255e-02 2.304368e-02) (-4.784981e-05 1.076570e-03 -3.251020e-04))
2.76          	((-1.696065e-03 -2.571775e-02 1.361116e+01) (3.589090e-03 5.087286e-04 -6.468969e-02)) ((1.017547e-02 -8.839311e-02 2.230942e-02) (-4.580746e-05 1.003653e-03 -3.263553e-04))
2.77          	((-5.713472e-03 -2.371626e-02 1.542890e+01) (3.518908e-03 5.047283e-04 -5.994068e-02)) ((1.007323e-02 -1.027148e-01 2.119077e-02) (-4.316250e-05 9.295254e-04 -3.270117e-04))
2.78          	((-1.004918e-02 -2.159085e-02 1.719942e+01) (3.438919e-03 4.997591e-04 -5.512885e-02)) ((9.948975e-03 -1.168934e-01 2.024525e-02) (-4.077195e-05 8.552588e-04 -3.268130e-04))
2.79          	((-1.521228e-02 -1.947531e-02 1.892986e+01) (3.350120e-03 4.945085e-04 -5.026453e-02)) ((1.021896e-02 -1.309592e-01 1.914665e-02) (-3.833484e-05 7.814829e-04 -3.255558e-04))
2.8           	((-2.099164e-02 -1.965903e-02 2.061101e+01) (3.252884e-03 4.885810e-04 -4.535279e-02)) ((1.024989e-02 -1.447813e-01 1.785633e-02) (-3.493897e-05 7.077281e-04 -3.229435e-04))
2.81          	((-2.406172e-02 -1.466441e-02 2.223252e+01) (3.147409e-03 4.774799e-04 -4.040392e-02)) ((1.019327e-02 -1.584645e-01 1.728048e-02) (-3.115347e-05 6.337386e-04 -3.196939e-04))
2.82          	((-2.719145e-02 -1.322880e-02 2.379867e+01) (3.034143e-03 4.641304e-04 -3.542447e-02)) ((1.056001e-02 -1.721231e-01 1.629576e-02) (-2.755283e-05 5.600498e-04 -3.157123e-04))
2.83          	((-2.943044e-02 -8.571385e-03 2.530504e+01) (2.916463e-03 4.501957e-04 -3.042562e-02)) ((9.797456e-03 -1.852239e-01 1.522142e-02) (-2.374043e-05 4.866422e-04 -3.096708e-04))
2.84          	((-3.233057e-02 -8.154684e-03 2.674116e+01) (2.788934e-03 4.376548e-04 -2.541625e-02)) ((9.072668e-03 -1.971482e-01 1.437194e-02) (-1.984114e-05 4.137153e-04 -3.028922e-04))
2.85          	((-3.614130e-02 -9.952103e-03 2.811671e+01) (2.656487e-03 4.283846e-04 -2.040173e-02)) ((8.936119e-03 -2.084303e-01 1.358119e-02) (-1.452780e-05 3.411100e-04 -2.959450e-04))
2.86          	((-3.973413e-02 -6.499989e-03 2.942563e+01) (2.516196e-03 4.155462e-04 -1.538503e-02)) ((8.378686e-03 -2.198035e-01 1.286836e-02) (-8.806562e-06 2.676778e-04 -2.889360e-04))
2.87          	((-4.297627e-02 -8.482964e-03 3.066117e+01) (2.368817e-03 4.008084e-04 -1.037271e-02)) ((8.280276e-03 -2.303358e-01 1.268973e-02) (-4.095230e-06 1.943802e-04 -2.820843e-04))
2.88          	((-4.820395e-02 -9.062192e-03 3.183231e+01) (2.219885e-03 3.857335e-04 -5.372353e-03)) ((8.670248e-03 -2.413004e-01 1.191674e-02) (-3.117203e-07 1.210764e-04 -2.753536e-04))
2.89          	((-5.305604e-02 -1.118832e-02 3.292991e+01) (2.067706e-03 3.693714e-04 -3.899593e-04)) ((8.441953e-03 -2.512325e-01 1.157783e-02) (2.757263e-06 4.808369e-05 -2.684859e-04))
2.9           	((-5.831278e-02 -1.198475e-02 3.395835e+01) (1.912850e-03 3.530336e-04 4.580298e-03)) ((8.280008e-03 -2.606324e-01 1.114214e-02) (5.399099e-06 -2.394708e-05 -2.613945e-04))
2.91          	((-6.410629e-02 -1.351307e-02 3.491784e+01) (1.758867e-03 3.380358e-04 9.526307e-03)) ((8.671760e-03 -2.693191e-01 1.105810e-02) (6.861118e-06 -9.465299e-05 -2.561019e-04))
2.92          	((-7.125622e-02 -1.128877e-02 3.581279e+01) (1.604076e-03 3.231648e-04 1.445003e-02)) ((8.520896e-03 -2.777801e-01 1.056016e-02) (7.820708e-06 -1.633367e-04 -2.522329e-04))
2.93          	((-7.873082e-02 -1.380401e-02 3.665049e+01) (1.448720e-03 3.089385e-04 1.934935e-02)) ((7.895552e-03 -2.859532e-01 1.031701e-02) (8.303246e-06 -2.300080e-04 -2.503979e-04))
2.94          	((-8.170990e-02 -1.380965e-02 3.740267e+01) (1.295021e-03 2.938538e-04 2.422913e-02)) ((6.090259e-03 -2.926541e-01 1.035835e-02) (8.532855e-06 -2.957342e-04 -2.505222e-04))
2.95          	((-9.004472e-02 -9.093845e-03 3.809224e+01) (1.143733e-03 2.816539e-04 2.908266e-02)) ((6.124673e-03 -2.989278e-01 1.013634e-02) (8.651530e-06 -3.601099e-04 -2.515090e-04))
2.96          	((-9.897420e-02 -1.240964e-02 3.874509e+01) (9.949913e-04 2.748695e-04 3.390809e-02)) ((7.118311e-03 -3.041305e-01 8.997576e-03) (8.558803e-06 -4.228974e-04 -2.562816e-04))
2.97          	((-1.119842e-01 -1.115330e-02 3.934144e+01) (8.477916e-04 2.661080e-04 3.870923e-02)) ((6.699989e-03 -3.092162e-01 8.887751e-03) (7.602166e-06 -4.840297e-04 -2.633687e-04))
2.98          	((-1.188944e-01 -1.307556e-02 3.987084e+01) (6.994857e-04 2.567807e-04 4.348338e-02)) ((6.780414e-03 -3.139897e-01 8.727404e-03) (5.390164e-06 -5.433819e-04 -2.721261e-04))
2.99          	((-1.273371e-01 -1.107448e-02 4.036038e+01) (5.497862e-04 2.537741e-04 4.823452e-02)) ((5.190417e-03 -3.187820e-01 8.599039e-03) (3.770948e-06 -6.012616e-04 -2.832898e-04))
3             	((-1.358975e-01 -1.276967e-02 4.074968e+01) (4.006777e-04 2.543512e-04 5.296449e-02)) ((4.387483e-03 -3.207058e-01 8.102540e-03) (1.499342e-06 -6.574278e-04 -2.963169e-04))
