# Forces      
# CofR        : (2.875000e-01 1.270000e-01 2.286000e-01)
# Time        forces(pressure viscous)	moments(pressure viscous)
0             	((0.000000e+00 0.000000e+00 0.000000e+00) (-2.062902e-03 -7.398184e-03 1.542306e+00)) ((0.000000e+00 0.000000e+00 0.000000e+00) (3.208779e-02 1.902273e-03 4.767284e-05))
1             	((-3.683895e-01 -1.441981e+00 4.344303e+01) (-2.300005e-03 -9.614747e-03 1.678804e+00)) ((3.226748e-01 6.465848e-02 1.552229e-02) (3.522278e-02 2.046255e-03 1.974767e-05))
2             	((-6.782309e-01 -1.002242e+00 9.833759e+01) (-1.546603e-03 -9.492967e-03 1.776440e+00)) ((6.373712e-01 1.082791e-01 3.133362e-02) (3.774538e-02 2.244557e-03 -6.909189e-05))
3             	((-9.788078e-01 -4.099726e-01 1.274380e+02) (3.380958e-04 -6.127396e-03 1.807258e+00)) ((7.058678e-01 1.599972e-01 7.629534e-02) (3.908867e-02 1.780087e-03 6.987747e-05))
4             	((-1.260255e+00 -1.446594e-01 1.290603e+02) (6.942171e-04 -3.081461e-03 1.795582e+00)) ((5.476210e-01 1.827420e-01 1.243825e-01) (3.978760e-02 2.368974e-03 -1.655072e-04))
5             	((-1.511879e+00 -3.852170e-01 1.105366e+02) (1.323818e-03 -1.671914e-03 1.768543e+00)) ((2.315903e-01 1.751679e-01 1.664217e-01) (3.997617e-02 2.696833e-03 -4.173741e-04))
6             	((-1.712422e+00 -1.073217e+00 8.335195e+01) (1.696583e-03 -2.289603e-03 1.745795e+00)) ((-1.255307e-01 1.421747e-01 2.184503e-01) (4.044329e-02 3.161332e-03 -6.136658e-04))
7             	((-1.693429e+00 -1.274278e+00 6.038945e+01) (2.427958e-03 -3.313867e-03 1.734590e+00)) ((-3.873589e-01 1.187742e-01 2.598031e-01) (4.131153e-02 3.421111e-03 -6.778516e-04))
8             	((-1.507923e+00 -1.065685e-01 4.919817e+01) (3.326642e-03 -2.930528e-03 1.730626e+00)) ((-5.157027e-01 1.121371e-01 2.702380e-01) (4.240920e-02 3.565342e-03 -6.893443e-04))
9             	((-1.212999e+00 2.050893e+00 4.925159e+01) (3.334444e-03 -9.977052e-04 1.729495e+00)) ((-5.477263e-01 1.124776e-01 2.639748e-01) (4.328624e-02 3.549839e-03 -6.666979e-04))
10            	((-8.189598e-01 4.837720e+00 5.634727e+01) (3.320934e-03 1.913901e-03 1.725731e+00)) ((-5.405916e-01 1.215045e-01 2.282689e-01) (4.399044e-02 3.446671e-03 -6.543226e-04))
11            	((-4.201654e-01 7.635520e+00 6.592584e+01) (3.567266e-03 4.586081e-03 1.715213e+00)) ((-5.434379e-01 1.292160e-01 1.713980e-01) (4.441152e-02 3.438831e-03 -6.782639e-04))
12            	((-1.633546e-01 9.417263e+00 7.307730e+01) (2.972550e-03 7.259268e-03 1.700362e+00)) ((-5.627942e-01 1.293620e-01 1.078143e-01) (4.447429e-02 3.228553e-03 -6.900635e-04))
13            	((-1.635649e-01 9.877087e+00 7.510772e+01) (2.485591e-03 9.525240e-03 1.681992e+00)) ((-5.764970e-01 1.215742e-01 5.881370e-02) (4.440159e-02 3.155570e-03 -6.809208e-04))
14            	((-3.197419e-01 9.551248e+00 7.267415e+01) (1.733916e-03 1.150159e-02 1.662276e+00)) ((-5.776664e-01 1.115961e-01 4.037905e-02) (4.433821e-02 3.244542e-03 -6.668372e-04))
15            	((-5.618572e-01 8.944644e+00 6.786075e+01) (1.538855e-03 1.336231e-02 1.642384e+00)) ((-5.596480e-01 1.009416e-01 4.895953e-02) (4.423397e-02 3.300042e-03 -6.463580e-04))
16            	((-8.175646e-01 8.404222e+00 6.249146e+01) (1.535050e-03 1.524169e-02 1.623086e+00)) ((-5.271861e-01 9.298303e-02 7.726642e-02) (4.402954e-02 3.354665e-03 -6.114130e-04))
17            	((-1.028595e+00 8.227499e+00 5.831885e+01) (1.752214e-03 1.722079e-02 1.603551e+00)) ((-5.001672e-01 8.903742e-02 1.094921e-01) (4.379148e-02 3.275566e-03 -5.809166e-04))
18            	((-1.144127e+00 8.506267e+00 5.617810e+01) (2.078088e-03 1.905768e-02 1.584846e+00)) ((-4.938558e-01 8.377838e-02 1.316723e-01) (4.347085e-02 3.365186e-03 -6.103693e-04))
19            	((-1.183452e+00 9.088061e+00 5.582328e+01) (2.432068e-03 2.095821e-02 1.565811e+00)) ((-5.095125e-01 7.718035e-02 1.353969e-01) (4.305708e-02 3.470913e-03 -6.523725e-04))
20            	((-1.185814e+00 9.802126e+00 5.657204e+01) (2.614557e-03 2.276588e-02 1.546730e+00)) ((-5.391828e-01 6.865046e-02 1.234810e-01) (4.255096e-02 3.522240e-03 -6.498176e-04))
21            	((-1.131247e+00 1.054774e+01 5.776276e+01) (2.933047e-03 2.414453e-02 1.527621e+00)) ((-5.644030e-01 5.918330e-02 1.008138e-01) (4.191330e-02 3.565300e-03 -6.862492e-04))
22            	((-1.001527e+00 1.117605e+01 5.872953e+01) (3.310274e-03 2.506584e-02 1.508229e+00)) ((-5.642978e-01 5.151158e-02 7.566811e-02) (4.120231e-02 3.611332e-03 -7.407701e-04))
23            	((-8.074133e-01 1.156817e+01 5.901385e+01) (3.453409e-03 2.593201e-02 1.489636e+00)) ((-5.308125e-01 4.847806e-02 5.549522e-02) (4.046624e-02 3.732919e-03 -7.815982e-04))
24            	((-5.942523e-01 1.169470e+01 5.855087e+01) (3.495931e-03 2.662305e-02 1.471388e+00)) ((-4.750208e-01 5.184897e-02 4.388138e-02) (3.975620e-02 3.821321e-03 -7.594578e-04))
25            	((-3.946086e-01 1.159892e+01 5.758217e+01) (3.524460e-03 2.725817e-02 1.453297e+00)) ((-4.125172e-01 5.883499e-02 4.226665e-02) (3.907892e-02 3.847933e-03 -7.024311e-04))
26            	((-2.333991e-01 1.131250e+01 5.639282e+01) (3.643291e-03 2.791194e-02 1.435360e+00)) ((-3.545266e-01 6.671322e-02 4.909637e-02) (3.840465e-02 3.813455e-03 -6.248383e-04))
27            	((-1.366047e-01 1.085802e+01 5.521714e+01) (3.531233e-03 2.858575e-02 1.417707e+00)) ((-3.087550e-01 7.241673e-02 6.109977e-02) (3.773391e-02 3.756059e-03 -5.417404e-04))
28            	((-1.125207e-01 1.030531e+01 5.423473e+01) (3.267006e-03 2.909044e-02 1.400195e+00)) ((-2.804962e-01 7.476056e-02 7.410536e-02) (3.708037e-02 3.704797e-03 -4.485465e-04))
29            	((-1.467204e-01 9.744825e+00 5.353058e+01) (2.890794e-03 2.953431e-02 1.383017e+00)) ((-2.672625e-01 7.416954e-02 8.394838e-02) (3.640431e-02 3.657509e-03 -3.591954e-04))
30            	((-2.011356e-01 9.251795e+00 5.307766e+01) (2.476400e-03 2.965906e-02 1.366190e+00)) ((-2.618552e-01 7.121936e-02 8.800616e-02) (3.573024e-02 3.622014e-03 -2.774392e-04))
31            	((-2.439924e-01 8.866363e+00 5.278281e+01) (2.015143e-03 2.958239e-02 1.349924e+00)) ((-2.554245e-01 6.525830e-02 8.467877e-02) (3.504867e-02 3.554934e-03 -2.191901e-04))
32            	((-2.473278e-01 8.612015e+00 5.253894e+01) (1.470227e-03 2.947427e-02 1.334051e+00)) ((-2.414501e-01 5.764593e-02 7.508278e-02) (3.434916e-02 3.489877e-03 -1.886790e-04))
33            	((-2.068516e-01 8.458158e+00 5.226337e+01) (1.048978e-03 2.928474e-02 1.318854e+00)) ((-2.167375e-01 5.060099e-02 6.184789e-02) (3.366492e-02 3.476604e-03 -1.741555e-04))
34            	((-1.255586e-01 8.355756e+00 5.190245e+01) (5.524287e-04 2.906392e-02 1.304269e+00)) ((-1.836053e-01 4.493642e-02 4.794684e-02) (3.299787e-02 3.480466e-03 -1.915939e-04))
35            	((-2.468420e-02 8.236394e+00 5.144282e+01) (-3.639437e-05 2.895946e-02 1.290543e+00)) ((-1.463450e-01 4.070015e-02 3.648098e-02) (3.233788e-02 3.507758e-03 -2.197398e-04))
36            	((7.284915e-02 8.051072e+00 5.089915e+01) (-6.101420e-04 2.900034e-02 1.277610e+00)) ((-1.088819e-01 3.760931e-02 2.971282e-02) (3.168540e-02 3.577044e-03 -2.445158e-04))
37            	((1.524983e-01 7.771997e+00 5.029655e+01) (-1.093427e-03 2.913983e-02 1.265289e+00)) ((-7.474077e-02 3.461863e-02 2.851832e-02) (3.106195e-02 3.661234e-03 -2.667268e-04))
38            	((2.107436e-01 7.401414e+00 4.965850e+01) (-1.381752e-03 2.934612e-02 1.253714e+00)) ((-4.589740e-02 3.258404e-02 3.135538e-02) (3.048482e-02 3.768925e-03 -2.795725e-04))
39            	((2.446853e-01 6.960727e+00 4.902891e+01) (-1.503219e-03 2.963840e-02 1.242783e+00)) ((-2.485623e-02 3.357705e-02 3.604191e-02) (2.992949e-02 3.882677e-03 -2.936680e-04))
40            	((2.528461e-01 6.470552e+00 4.847089e+01) (-1.545052e-03 3.015426e-02 1.233044e+00)) ((-1.378771e-02 3.743895e-02 3.999437e-02) (2.941853e-02 4.003235e-03 -3.035448e-04))
41            	((2.469082e-01 5.975409e+00 4.800568e+01) (-1.460157e-03 3.094349e-02 1.223705e+00)) ((-1.031745e-02 4.498078e-02 4.280001e-02) (2.890416e-02 4.139106e-03 -3.114163e-04))
42            	((2.349826e-01 5.511733e+00 4.762229e+01) (-1.247050e-03 3.190513e-02 1.214673e+00)) ((-1.056932e-02 5.628388e-02 4.502696e-02) (2.839330e-02 4.293873e-03 -3.205824e-04))
43            	((2.231243e-01 5.100552e+00 4.729028e+01) (-9.542719e-04 3.296134e-02 1.206055e+00)) ((-1.065121e-02 7.017993e-02 4.612554e-02) (2.788615e-02 4.419481e-03 -3.231751e-04))
44            	((2.247872e-01 4.754941e+00 4.698608e+01) (-6.787870e-04 3.408376e-02 1.197754e+00)) ((-7.163461e-03 8.374952e-02 4.587171e-02) (2.736565e-02 4.532762e-03 -3.298263e-04))
45            	((2.430940e-01 4.489016e+00 4.669336e+01) (-4.573383e-04 3.530124e-02 1.189746e+00)) ((6.995721e-04 9.564460e-02 4.377301e-02) (2.683142e-02 4.617361e-03 -3.266863e-04))
46            	((2.731282e-01 4.310936e+00 4.640433e+01) (-3.791893e-04 3.661569e-02 1.181960e+00)) ((1.125523e-02 1.049921e-01 3.963238e-02) (2.628503e-02 4.678390e-03 -3.209868e-04))
47            	((3.116238e-01 4.216199e+00 4.611337e+01) (-2.531160e-04 3.804648e-02 1.174240e+00)) ((2.221833e-02 1.111688e-01 3.452774e-02) (2.573393e-02 4.720438e-03 -3.196221e-04))
48            	((3.543773e-01 4.186197e+00 4.581979e+01) (-9.643225e-05 3.955208e-02 1.166629e+00)) ((3.175046e-02 1.140452e-01 2.916980e-02) (2.517860e-02 4.757168e-03 -3.272560e-04))
49            	((3.980464e-01 4.192625e+00 4.552767e+01) (-4.662664e-05 4.129455e-02 1.159039e+00)) ((3.860172e-02 1.147284e-01 2.352548e-02) (2.464636e-02 4.804958e-03 -3.434566e-04))
50            	((4.404536e-01 4.205533e+00 4.524035e+01) (8.361165e-05 4.296023e-02 1.151820e+00)) ((4.302597e-02 1.146656e-01 1.782079e-02) (2.409086e-02 4.801895e-03 -3.708473e-04))
51            	((4.773644e-01 4.206535e+00 4.495751e+01) (2.531499e-04 4.474544e-02 1.144684e+00)) ((4.520810e-02 1.146425e-01 1.193048e-02) (2.353777e-02 4.782348e-03 -4.120021e-04))
52            	((5.003378e-01 4.182975e+00 4.467771e+01) (5.157963e-04 4.659998e-02 1.137695e+00)) ((4.559873e-02 1.144992e-01 6.161585e-03) (2.301323e-02 4.756648e-03 -4.669841e-04))
53            	((5.008929e-01 4.129189e+00 4.440409e+01) (8.181882e-04 4.847811e-02 1.130860e+00)) ((4.430006e-02 1.140247e-01 8.921491e-04) (2.251004e-02 4.733926e-03 -5.362894e-04))
54            	((4.769714e-01 4.051589e+00 4.414096e+01) (1.219297e-03 5.036073e-02 1.124177e+00)) ((4.180661e-02 1.127357e-01 -3.849272e-03) (2.203402e-02 4.714304e-03 -6.090397e-04))
55            	((4.351371e-01 3.962298e+00 4.389629e+01) (1.790000e-03 5.219883e-02 1.117718e+00)) ((3.873699e-02 1.107477e-01 -7.614827e-03) (2.157203e-02 4.696132e-03 -6.889724e-04))
56            	((3.786335e-01 3.865899e+00 4.367487e+01) (2.390818e-03 5.404847e-02 1.111450e+00)) ((3.573981e-02 1.084008e-01 -9.541632e-03) (2.111984e-02 4.682941e-03 -7.620204e-04))
57            	((3.114646e-01 3.762415e+00 4.347643e+01) (3.077787e-03 5.583955e-02 1.105433e+00)) ((3.236535e-02 1.053884e-01 -9.165744e-03) (2.067866e-02 4.661729e-03 -8.256723e-04))
58            	((2.402051e-01 3.648938e+00 4.329609e+01) (3.791518e-03 5.754831e-02 1.099648e+00)) ((2.876791e-02 1.018917e-01 -6.379999e-03) (2.024606e-02 4.653540e-03 -8.862593e-04))
59            	((1.750454e-01 3.524232e+00 4.312573e+01) (4.495170e-03 5.916736e-02 1.094115e+00)) ((2.457898e-02 9.891006e-02 -1.667494e-03) (1.983905e-02 4.654909e-03 -9.422687e-04))
60            	((1.191993e-01 3.385287e+00 4.296025e+01) (5.210539e-03 6.066274e-02 1.088828e+00)) ((1.968765e-02 9.780223e-02 4.505345e-03) (1.944433e-02 4.659952e-03 -1.001563e-03))
61            	((7.478896e-02 3.227462e+00 4.279325e+01) (5.940551e-03 6.204340e-02 1.083709e+00)) ((1.422488e-02 9.951406e-02 1.161706e-02) (1.906991e-02 4.676982e-03 -1.059000e-03))
62            	((4.358761e-02 3.049363e+00 4.262123e+01) (6.639196e-03 6.330504e-02 1.078873e+00)) ((8.715510e-03 1.036883e-01 1.893428e-02) (1.872216e-02 4.694934e-03 -1.105752e-03))
63            	((3.078860e-02 2.856224e+00 4.243815e+01) (7.252085e-03 6.439385e-02 1.074352e+00)) ((3.552235e-03 1.096459e-01 2.564100e-02) (1.839568e-02 4.726729e-03 -1.150264e-03))
64            	((3.833818e-02 2.653345e+00 4.224040e+01) (7.844822e-03 6.531544e-02 1.070125e+00)) ((-1.577453e-03 1.165674e-01 3.087710e-02) (1.810571e-02 4.769712e-03 -1.180453e-03))
65            	((6.060596e-02 2.443334e+00 4.202789e+01) (8.406140e-03 6.599662e-02 1.066192e+00)) ((-6.827163e-03 1.231151e-01 3.391336e-02) (1.783655e-02 4.809774e-03 -1.201144e-03))
66            	((8.995334e-02 2.231892e+00 4.180318e+01) (8.878278e-03 6.648143e-02 1.062520e+00)) ((-1.221788e-02 1.276690e-01 3.388196e-02) (1.759597e-02 4.860275e-03 -1.206213e-03))
67            	((1.176548e-01 2.022804e+00 4.157213e+01) (9.332486e-03 6.676121e-02 1.059149e+00)) ((-1.773152e-02 1.292714e-01 3.055911e-02) (1.737747e-02 4.898916e-03 -1.202621e-03))
68            	((1.383158e-01 1.818860e+00 4.134041e+01) (9.712042e-03 6.684193e-02 1.056098e+00)) ((-2.298069e-02 1.284615e-01 2.422260e-02) (1.718026e-02 4.947861e-03 -1.189401e-03))
69            	((1.502889e-01 1.620910e+00 4.111326e+01) (9.962534e-03 6.675587e-02 1.053354e+00)) ((-2.700401e-02 1.266813e-01 1.590323e-02) (1.702674e-02 4.989209e-03 -1.161036e-03))
70            	((1.552147e-01 1.425942e+00 4.089528e+01) (1.013340e-02 6.641878e-02 1.050879e+00)) ((-2.888319e-02 1.254526e-01 7.008104e-03) (1.689514e-02 5.015356e-03 -1.131485e-03))
71            	((1.582126e-01 1.226797e+00 4.069171e+01) (1.021514e-02 6.595567e-02 1.048518e+00)) ((-2.819511e-02 1.256709e-01 -1.632608e-03) (1.679272e-02 5.037945e-03 -1.090851e-03))
72            	((1.605834e-01 1.015721e+00 4.050715e+01) (1.023688e-02 6.532260e-02 1.046337e+00)) ((-2.451568e-02 1.278192e-01 -9.538722e-03) (1.669793e-02 5.053537e-03 -1.046809e-03))
73            	((1.621166e-01 7.835568e-01 4.034333e+01) (1.017727e-02 6.452111e-02 1.044246e+00)) ((-1.744823e-02 1.317204e-01 -1.653099e-02) (1.661353e-02 5.075410e-03 -9.956957e-04))
74            	((1.636817e-01 5.262921e-01 4.020069e+01) (1.006339e-02 6.368338e-02 1.042253e+00)) ((-6.456435e-03 1.368844e-01 -2.254458e-02) (1.654704e-02 5.079103e-03 -9.431134e-04))
75            	((1.685844e-01 2.485424e-01 4.007996e+01) (9.867269e-03 6.274559e-02 1.040293e+00)) ((8.358953e-03 1.430389e-01 -2.769551e-02) (1.648145e-02 5.071357e-03 -8.939177e-04))
76            	((1.826940e-01 -3.853670e-02 3.998098e+01) (9.633052e-03 6.175968e-02 1.038302e+00)) ((2.611279e-02 1.498586e-01 -3.187716e-02) (1.642200e-02 5.059688e-03 -8.360511e-04))
77            	((2.091427e-01 -3.201544e-01 3.990181e+01) (9.357942e-03 6.070825e-02 1.036332e+00)) ((4.504364e-02 1.573208e-01 -3.504741e-02) (1.635851e-02 5.028264e-03 -7.782839e-04))
78            	((2.501160e-01 -5.846735e-01 3.983678e+01) (9.032106e-03 5.964765e-02 1.034292e+00)) ((6.321580e-02 1.650630e-01 -3.678172e-02) (1.629719e-02 4.988488e-03 -7.156384e-04))
79            	((3.033978e-01 -8.237778e-01 3.977964e+01) (8.644081e-03 5.859866e-02 1.032305e+00)) ((7.941778e-02 1.726894e-01 -3.649278e-02) (1.623003e-02 4.941623e-03 -6.369503e-04))
80            	((3.636508e-01 -1.029304e+00 3.972169e+01) (8.165713e-03 5.755728e-02 1.030247e+00)) ((9.273397e-02 1.800798e-01 -3.400881e-02) (1.614771e-02 4.896691e-03 -5.629654e-04))
81            	((4.236521e-01 -1.195480e+00 3.965572e+01) (7.634267e-03 5.662122e-02 1.028108e+00)) ((1.030188e-01 1.864643e-01 -2.965075e-02) (1.605843e-02 4.848217e-03 -4.794268e-04))
82            	((4.760746e-01 -1.320314e+00 3.957848e+01) (7.065738e-03 5.571953e-02 1.025993e+00)) ((1.103615e-01 1.916015e-01 -2.421251e-02) (1.595348e-02 4.806083e-03 -4.055412e-04))
83            	((5.172034e-01 -1.405275e+00 3.948939e+01) (6.482390e-03 5.496403e-02 1.023850e+00)) ((1.149729e-01 1.954542e-01 -1.862756e-02) (1.585035e-02 4.772362e-03 -3.273778e-04))
84            	((5.441900e-01 -1.453296e+00 3.939021e+01) (5.853400e-03 5.428629e-02 1.021651e+00)) ((1.170446e-01 1.981733e-01 -1.339479e-02) (1.573649e-02 4.736924e-03 -2.516818e-04))
85            	((5.496577e-01 -1.473384e+00 3.932592e+01) (5.195270e-03 5.360324e-02 1.019370e+00)) ((1.181334e-01 1.995002e-01 -1.166804e-02) (1.562235e-02 4.709878e-03 -1.744871e-04))
86            	((5.534346e-01 -1.463209e+00 3.919004e+01) (4.491497e-03 5.296887e-02 1.017032e+00)) ((1.150056e-01 2.015009e-01 -6.088042e-03) (1.550574e-02 4.686601e-03 -1.057060e-04))
87            	((5.525834e-01 -1.430328e+00 3.904961e+01) (3.711586e-03 5.237709e-02 1.014593e+00)) ((1.100751e-01 2.040582e-01 -1.012347e-03) (1.537529e-02 4.667318e-03 -4.689080e-05))
88            	((5.505670e-01 -1.382363e+00 3.891608e+01) (2.892458e-03 5.190300e-02 1.012032e+00)) ((1.042532e-01 2.071470e-01 3.268938e-03) (1.524561e-02 4.643419e-03 1.179391e-05))
89            	((5.503720e-01 -1.359528e+00 3.883886e+01) (2.036982e-03 5.142699e-02 1.009450e+00)) ((1.019219e-01 2.088806e-01 4.580455e-03) (1.510068e-02 4.607568e-03 6.061773e-05))
90            	((5.580896e-01 -1.284077e+00 3.870938e+01) (1.194319e-03 5.101902e-02 1.006842e+00)) ((9.505510e-02 2.128532e-01 7.481862e-03) (1.495192e-02 4.564961e-03 1.117393e-04))
91            	((5.750503e-01 -1.200986e+00 3.858618e+01) (3.981818e-04 5.065111e-02 1.004183e+00)) ((8.836474e-02 2.165834e-01 8.823075e-03) (1.480089e-02 4.506970e-03 1.688414e-04))
92            	((5.997403e-01 -1.116780e+00 3.847294e+01) (-3.501214e-04 5.026853e-02 1.001445e+00)) ((8.220550e-02 2.200875e-01 8.349624e-03) (1.464657e-02 4.441040e-03 2.275568e-04))
93            	((6.116057e-01 -1.080095e+00 3.840218e+01) (-1.053587e-03 4.993443e-02 9.986529e-01)) ((7.945568e-02 2.207836e-01 7.598373e-03) (1.450457e-02 4.357178e-03 2.910764e-04))
94            	((6.461021e-01 -9.871811e-01 3.829058e+01) (-1.682626e-03 4.955526e-02 9.958769e-01)) ((7.416346e-02 2.243788e-01 4.054009e-03) (1.435779e-02 4.268680e-03 3.392751e-04))
95            	((6.810708e-01 -9.025804e-01 3.818551e+01) (-2.272648e-03 4.925584e-02 9.930298e-01)) ((7.021247e-02 2.277416e-01 7.190796e-04) (1.421646e-02 4.187638e-03 3.825334e-04))
96            	((7.127986e-01 -8.354518e-01 3.809540e+01) (-2.821646e-03 4.893714e-02 9.902078e-01)) ((6.814415e-02 2.303839e-01 -1.212949e-03) (1.407114e-02 4.105251e-03 4.067510e-04))
97            	((7.384021e-01 -7.903540e-01 3.802279e+01) (-3.327563e-03 4.868323e-02 9.874339e-01)) ((6.811023e-02 2.320633e-01 -1.515965e-03) (1.392683e-02 4.017736e-03 4.256196e-04))
98            	((7.405206e-01 -7.962610e-01 3.797557e+01) (-3.719418e-03 4.849526e-02 9.846853e-01)) ((6.992495e-02 2.314541e-01 -1.025848e-03) (1.380156e-02 3.923900e-03 4.486667e-04))
99            	((7.522112e-01 -7.973329e-01 3.791628e+01) (-4.037370e-03 4.823051e-02 9.819781e-01)) ((7.407561e-02 2.319601e-01 1.163374e-03) (1.368019e-02 3.839160e-03 4.524570e-04))
100           	((7.569474e-01 -8.187218e-01 3.786502e+01) (-4.250372e-03 4.801365e-02 9.793253e-01)) ((7.942110e-02 2.319084e-01 3.195231e-03) (1.357788e-02 3.771226e-03 4.532899e-04))
101           	((7.553825e-01 -8.558387e-01 3.782449e+01) (-4.355749e-03 4.773640e-02 9.767927e-01)) ((8.506918e-02 2.311900e-01 4.527371e-03) (1.348436e-02 3.700377e-03 4.391075e-04))
102           	((7.499840e-01 -9.032230e-01 3.779196e+01) (-4.393025e-03 4.743789e-02 9.742869e-01)) ((9.050336e-02 2.300204e-01 5.099440e-03) (1.340742e-02 3.647146e-03 4.185892e-04))
103           	((7.377990e-01 -9.414076e-01 3.776159e+01) (-4.374701e-03 4.716762e-02 9.718111e-01)) ((9.352251e-02 2.284927e-01 5.943022e-03) (1.335384e-02 3.596351e-03 3.987001e-04))
104           	((7.257182e-01 -1.012185e+00 3.772153e+01) (-4.308387e-03 4.677430e-02 9.693552e-01)) ((9.971319e-02 2.269192e-01 6.419018e-03) (1.330732e-02 3.550032e-03 3.728135e-04))
105           	((7.127454e-01 -1.087601e+00 3.767640e+01) (-4.193000e-03 4.642370e-02 9.669196e-01)) ((1.061830e-01 2.250608e-01 7.818455e-03) (1.328079e-02 3.515738e-03 3.481649e-04))
106           	((6.993711e-01 -1.158287e+00 3.762861e+01) (-4.021165e-03 4.605038e-02 9.646062e-01)) ((1.124275e-01 2.225967e-01 1.076138e-02) (1.326115e-02 3.468561e-03 3.210780e-04))
107           	((6.829563e-01 -1.216161e+00 3.757852e+01) (-3.882813e-03 4.563742e-02 9.623397e-01)) ((1.179807e-01 2.192719e-01 1.555220e-02) (1.325002e-02 3.423115e-03 2.899244e-04))
108           	((6.597847e-01 -1.256474e+00 3.752659e+01) (-3.775201e-03 4.525188e-02 9.601662e-01)) ((1.225688e-01 2.148231e-01 2.217029e-02) (1.325681e-02 3.367598e-03 2.655947e-04))
109           	((6.261413e-01 -1.278572e+00 3.747347e+01) (-3.725441e-03 4.477016e-02 9.581045e-01)) ((1.261745e-01 2.094322e-01 3.005139e-02) (1.326612e-02 3.303819e-03 2.331398e-04))
110           	((5.838089e-01 -1.283783e+00 3.741928e+01) (-3.718312e-03 4.433700e-02 9.561026e-01)) ((1.289649e-01 2.033267e-01 3.837637e-02) (1.329947e-02 3.235162e-03 2.096802e-04))
111           	((5.355153e-01 -1.274244e+00 3.736569e+01) (-3.741782e-03 4.387002e-02 9.542331e-01)) ((1.310752e-01 1.967493e-01 4.676370e-02) (1.333978e-02 3.145374e-03 1.805227e-04))
112           	((4.813775e-01 -1.253365e+00 3.731428e+01) (-3.846420e-03 4.336253e-02 9.524326e-01)) ((1.323711e-01 1.900170e-01 5.468279e-02) (1.338449e-02 3.049040e-03 1.464829e-04))
113           	((4.222817e-01 -1.223281e+00 3.726668e+01) (-3.963178e-03 4.293252e-02 9.507214e-01)) ((1.326997e-01 1.833233e-01 6.201937e-02) (1.344360e-02 2.939517e-03 1.195287e-04))
114           	((3.588245e-01 -1.186673e+00 3.722348e+01) (-4.122035e-03 4.248673e-02 9.491151e-01)) ((1.319483e-01 1.767631e-01 6.897288e-02) (1.349951e-02 2.828553e-03 7.937514e-05))
115           	((2.930965e-01 -1.145650e+00 3.718414e+01) (-4.362229e-03 4.218532e-02 9.476521e-01)) ((1.301477e-01 1.699992e-01 7.553107e-02) (1.355691e-02 2.702483e-03 4.462630e-05))
116           	((2.268860e-01 -1.098763e+00 3.714852e+01) (-4.618658e-03 4.189227e-02 9.463093e-01)) ((1.273445e-01 1.630939e-01 8.156798e-02) (1.360461e-02 2.568980e-03 3.867964e-06))
117           	((1.606189e-01 -1.044063e+00 3.711611e+01) (-4.936374e-03 4.162562e-02 9.449649e-01)) ((1.235253e-01 1.562063e-01 8.690754e-02) (1.365637e-02 2.436126e-03 -3.723438e-05))
118           	((9.442154e-02 -9.780877e-01 3.708639e+01) (-5.254118e-03 4.144620e-02 9.436572e-01)) ((1.188279e-01 1.492459e-01 9.151040e-02) (1.371094e-02 2.298811e-03 -6.757353e-05))
119           	((2.831273e-02 -8.986508e-01 3.705829e+01) (-5.575278e-03 4.125588e-02 9.424255e-01)) ((1.132706e-01 1.423830e-01 9.558583e-02) (1.375001e-02 2.166515e-03 -9.876826e-05))
120           	((-3.628282e-02 -8.051808e-01 3.703229e+01) (-5.869530e-03 4.116268e-02 9.411757e-01)) ((1.066265e-01 1.356821e-01 9.896444e-02) (1.378478e-02 2.047120e-03 -1.229089e-04))
121           	((-9.877729e-02 -6.961965e-01 3.700915e+01) (-6.123944e-03 4.110562e-02 9.399445e-01)) ((9.884598e-02 1.292952e-01 1.015022e-01) (1.380393e-02 1.932839e-03 -1.503346e-04))
122           	((-1.585687e-01 -5.715601e-01 3.698794e+01) (-6.375444e-03 4.113762e-02 9.386867e-01)) ((8.971025e-02 1.236463e-01 1.030293e-01) (1.381098e-02 1.825150e-03 -1.765975e-04))
123           	((-2.147915e-01 -4.320355e-01 3.696883e+01) (-6.588863e-03 4.126352e-02 9.374449e-01)) ((7.924842e-02 1.187864e-01 1.032417e-01) (1.380592e-02 1.720281e-03 -1.974391e-04))
124           	((-2.667360e-01 -2.794833e-01 3.695142e+01) (-6.802221e-03 4.138348e-02 9.361883e-01)) ((6.774209e-02 1.147645e-01 1.018359e-01) (1.377978e-02 1.624706e-03 -2.234235e-04))
125           	((-3.121427e-01 -1.156505e-01 3.693516e+01) (-6.983145e-03 4.160553e-02 9.349037e-01)) ((5.554284e-02 1.114199e-01 9.873102e-02) (1.375931e-02 1.532424e-03 -2.363522e-04))
126           	((-3.494576e-01 5.857528e-02 3.692020e+01) (-7.114580e-03 4.180744e-02 9.336433e-01)) ((4.300003e-02 1.085344e-01 9.421011e-02) (1.372685e-02 1.437584e-03 -2.538970e-04))
127           	((-3.777085e-01 2.410692e-01 3.690513e+01) (-7.194868e-03 4.205915e-02 9.323244e-01)) ((3.047663e-02 1.061510e-01 8.869959e-02) (1.369268e-02 1.350768e-03 -2.682673e-04))
128           	((-3.982347e-01 4.279644e-01 3.689011e+01) (-7.229296e-03 4.230815e-02 9.310063e-01)) ((1.827998e-02 1.042769e-01 8.257456e-02) (1.364795e-02 1.263629e-03 -2.825519e-04))
129           	((-4.134004e-01 6.151866e-01 3.687392e+01) (-7.274478e-03 4.254331e-02 9.296404e-01)) ((6.550322e-03 1.030951e-01 7.618766e-02) (1.360003e-02 1.187534e-03 -2.972673e-04))
130           	((-4.232740e-01 7.992188e-01 3.685579e+01) (-7.291849e-03 4.285132e-02 9.282456e-01)) ((-4.519833e-03 1.025621e-01 6.989823e-02) (1.356559e-02 1.110435e-03 -2.980083e-04))
131           	((-4.281936e-01 9.776512e-01 3.683572e+01) (-7.278077e-03 4.310548e-02 9.268678e-01)) ((-1.476763e-02 1.027141e-01 6.400237e-02) (1.352000e-02 1.033678e-03 -3.075791e-04))
132           	((-4.270144e-01 1.148789e+00 3.681321e+01) (-7.256223e-03 4.339737e-02 9.254106e-01)) ((-2.424372e-02 1.034916e-01 5.841737e-02) (1.348633e-02 9.670721e-04 -3.123323e-04))
133           	((-4.208335e-01 1.312282e+00 3.678949e+01) (-7.222970e-03 4.366037e-02 9.240406e-01)) ((-3.295947e-02 1.048158e-01 5.304410e-02) (1.345321e-02 8.886700e-04 -3.178861e-04))
134           	((-4.104731e-01 1.466793e+00 3.676438e+01) (-7.206170e-03 4.391512e-02 9.226376e-01)) ((-4.085136e-02 1.065164e-01 4.783461e-02) (1.342518e-02 8.182262e-04 -3.250698e-04))
135           	((-3.957725e-01 1.610131e+00 3.673803e+01) (-7.172378e-03 4.421918e-02 9.212525e-01)) ((-4.765287e-02 1.083010e-01 4.310582e-02) (1.340785e-02 7.486445e-04 -3.254534e-04))
136           	((-3.781835e-01 1.740390e+00 3.671135e+01) (-7.173416e-03 4.444849e-02 9.198658e-01)) ((-5.323789e-02 1.101812e-01 3.909856e-02) (1.338300e-02 6.851509e-04 -3.357859e-04))
137           	((-3.584556e-01 1.855922e+00 3.668509e+01) (-7.218508e-03 4.472303e-02 9.184397e-01)) ((-5.746753e-02 1.121254e-01 3.600052e-02) (1.337737e-02 6.344208e-04 -3.360688e-04))
138           	((-3.380390e-01 1.957522e+00 3.666027e+01) (-7.279750e-03 4.495041e-02 9.170934e-01)) ((-6.008073e-02 1.141239e-01 3.393809e-02) (1.337420e-02 5.764243e-04 -3.364666e-04))
139           	((-3.170767e-01 2.047855e+00 3.663611e+01) (-7.378899e-03 4.513036e-02 9.157373e-01)) ((-6.109511e-02 1.162461e-01 3.278519e-02) (1.337591e-02 5.280649e-04 -3.387293e-04))
140           	((-2.951468e-01 2.130594e+00 3.661270e+01) (-7.508179e-03 4.530281e-02 9.143782e-01)) ((-6.073043e-02 1.185048e-01 3.242401e-02) (1.339266e-02 4.760340e-04 -3.318217e-04))
141           	((-2.724136e-01 2.207830e+00 3.659034e+01) (-7.666208e-03 4.536897e-02 9.130578e-01)) ((-5.939633e-02 1.211734e-01 3.265842e-02) (1.341271e-02 4.176355e-04 -3.268127e-04))
142           	((-2.465335e-01 2.279659e+00 3.656831e+01) (-7.858240e-03 4.545067e-02 9.116928e-01)) ((-5.736374e-02 1.242906e-01 3.330831e-02) (1.345333e-02 3.628940e-04 -3.098976e-04))
143           	((-2.162475e-01 2.344968e+00 3.654711e+01) (-8.067710e-03 4.545310e-02 9.104266e-01)) ((-5.468791e-02 1.276687e-01 3.440657e-02) (1.349176e-02 2.996422e-04 -2.958190e-04))
144           	((-1.817592e-01 2.399711e+00 3.652780e+01) (-8.322833e-03 4.537946e-02 9.091829e-01)) ((-5.135532e-02 1.311197e-01 3.586345e-02) (1.353251e-02 2.399845e-04 -2.825023e-04))
145           	((-1.437628e-01 2.441081e+00 3.651240e+01) (-8.582221e-03 4.529268e-02 9.079680e-01)) ((-4.730636e-02 1.343138e-01 3.765135e-02) (1.358535e-02 1.824129e-04 -2.621173e-04))
146           	((-1.049075e-01 2.468156e+00 3.650159e+01) (-8.845698e-03 4.511401e-02 9.068306e-01)) ((-4.249464e-02 1.370811e-01 3.972871e-02) (1.363749e-02 1.243806e-04 -2.489877e-04))
147           	((-6.608704e-02 2.481817e+00 3.649473e+01) (-9.119408e-03 4.492042e-02 9.057263e-01)) ((-3.688076e-02 1.393152e-01 4.205428e-02) (1.370496e-02 7.640729e-05 -2.326687e-04))
148           	((-2.909670e-02 2.483922e+00 3.649246e+01) (-9.402890e-03 4.463793e-02 9.047085e-01)) ((-3.052338e-02 1.409345e-01 4.467508e-02) (1.377117e-02 3.015006e-05 -2.244566e-04))
149           	((4.373870e-03 2.476831e+00 3.649361e+01) (-9.653581e-03 4.434762e-02 9.037549e-01)) ((-2.359916e-02 1.419977e-01 4.762674e-02) (1.384370e-02 -1.333970e-05 -2.183917e-04))
150           	((3.374005e-02 2.463754e+00 3.649693e+01) (-9.873629e-03 4.406345e-02 9.028398e-01)) ((-1.619986e-02 1.423245e-01 5.102548e-02) (1.392608e-02 -5.416248e-05 -2.106769e-04))
151           	((5.760227e-02 2.448369e+00 3.650187e+01) (-1.007904e-02 4.369164e-02 9.019759e-01)) ((-8.509857e-03 1.418731e-01 5.487831e-02) (1.400130e-02 -8.741775e-05 -2.151806e-04))
152           	((7.518180e-02 2.434203e+00 3.650776e+01) (-1.025636e-02 4.333754e-02 9.011001e-01)) ((-7.594650e-04 1.405748e-01 5.909805e-02) (1.408998e-02 -1.140706e-04 -2.154549e-04))
153           	((8.566868e-02 2.424547e+00 3.651559e+01) (-1.037795e-02 4.293232e-02 9.003239e-01)) ((6.897947e-03 1.384101e-01 6.357038e-02) (1.417372e-02 -1.470078e-04 -2.224394e-04))
154           	((8.844297e-02 2.420113e+00 3.652524e+01) (-1.047090e-02 4.250865e-02 8.995217e-01)) ((1.434878e-02 1.354453e-01 6.814026e-02) (1.425695e-02 -1.722438e-04 -2.321420e-04))
155           	((8.367443e-02 2.420237e+00 3.653714e+01) (-1.049310e-02 4.210643e-02 8.987688e-01)) ((2.155001e-02 1.316251e-01 7.274784e-02) (1.434435e-02 -1.986256e-04 -2.399309e-04))
156           	((7.100599e-02 2.422513e+00 3.655159e+01) (-1.050095e-02 4.162357e-02 8.980402e-01)) ((2.834857e-02 1.270987e-01 7.735064e-02) (1.441749e-02 -2.205441e-04 -2.557973e-04))
157           	((5.184989e-02 2.424648e+00 3.656880e+01) (-1.046012e-02 4.120246e-02 8.973084e-01)) ((3.453075e-02 1.220395e-01 8.191696e-02) (1.449602e-02 -2.319365e-04 -2.628495e-04))
158           	((2.650882e-02 2.425566e+00 3.658877e+01) (-1.037252e-02 4.076486e-02 8.966863e-01)) ((4.008562e-02 1.166407e-01 8.644532e-02) (1.455443e-02 -2.437738e-04 -2.751374e-04))
159           	((-3.767860e-03 2.425177e+00 3.661034e+01) (-1.028543e-02 4.034797e-02 8.961100e-01)) ((4.500931e-02 1.110398e-01 9.077196e-02) (1.460278e-02 -2.444306e-04 -2.862897e-04))
160           	((-3.792263e-02 2.425050e+00 3.663339e+01) (-1.016446e-02 3.998693e-02 8.955849e-01)) ((4.938888e-02 1.052094e-01 9.463387e-02) (1.463825e-02 -2.455286e-04 -2.941301e-04))
161           	((-7.569166e-02 2.426689e+00 3.665719e+01) (-1.001062e-02 3.964728e-02 8.951414e-01)) ((5.322177e-02 9.931888e-02 9.789957e-02) (1.465857e-02 -2.478883e-04 -3.043998e-04))
162           	((-1.148601e-01 2.431584e+00 3.668023e+01) (-9.834706e-03 3.940477e-02 8.947025e-01)) ((5.653081e-02 9.337137e-02 1.006522e-01) (1.467308e-02 -2.428594e-04 -3.060546e-04))
163           	((-1.542445e-01 2.441266e+00 3.670157e+01) (-9.643757e-03 3.914847e-02 8.943653e-01)) ((5.921368e-02 8.752768e-02 1.030347e-01) (1.466292e-02 -2.411728e-04 -3.149665e-04))
164           	((-1.927354e-01 2.456336e+00 3.671944e+01) (-9.474307e-03 3.894231e-02 8.940343e-01)) ((6.101421e-02 8.192569e-02 1.050353e-01) (1.464017e-02 -2.303920e-04 -3.216826e-04))
165           	((-2.291244e-01 2.478273e+00 3.673337e+01) (-9.258441e-03 3.878585e-02 8.938079e-01)) ((6.170119e-02 7.666696e-02 1.067980e-01) (1.460684e-02 -2.312723e-04 -3.255670e-04))
166           	((-2.620676e-01 2.507113e+00 3.674235e+01) (-9.057377e-03 3.862978e-02 8.935959e-01)) ((6.120921e-02 7.194990e-02 1.083920e-01) (1.455542e-02 -2.268314e-04 -3.346270e-04))
167           	((-2.899333e-01 2.542267e+00 3.674678e+01) (-8.836337e-03 3.856683e-02 8.934233e-01)) ((5.968172e-02 6.775526e-02 1.098168e-01) (1.450325e-02 -2.235478e-04 -3.362600e-04))
168           	((-3.131546e-01 2.582346e+00 3.674776e+01) (-8.612464e-03 3.847680e-02 8.933080e-01)) ((5.731142e-02 6.416869e-02 1.110085e-01) (1.442986e-02 -2.226013e-04 -3.457897e-04))
169           	((-3.321129e-01 2.625294e+00 3.674537e+01) (-8.398548e-03 3.846802e-02 8.931716e-01)) ((5.439248e-02 6.114608e-02 1.118531e-01) (1.436082e-02 -2.193123e-04 -3.466325e-04))
170           	((-3.477232e-01 2.669411e+00 3.674101e+01) (-8.173012e-03 3.845656e-02 8.930632e-01)) ((5.115491e-02 5.861941e-02 1.123749e-01) (1.428189e-02 -2.255988e-04 -3.487371e-04))
171           	((-3.603162e-01 2.713853e+00 3.673481e+01) (-7.967047e-03 3.846019e-02 8.929463e-01)) ((4.773514e-02 5.665058e-02 1.125730e-01) (1.420370e-02 -2.282757e-04 -3.507727e-04))
172           	((-3.701261e-01 2.758999e+00 3.672740e+01) (-7.753157e-03 3.851987e-02 8.928157e-01)) ((4.419942e-02 5.519366e-02 1.126960e-01) (1.413747e-02 -2.333145e-04 -3.459454e-04))
173           	((-3.774131e-01 2.804584e+00 3.671922e+01) (-7.560862e-03 3.855372e-02 8.927214e-01)) ((4.059230e-02 5.442022e-02 1.129456e-01) (1.406536e-02 -2.403218e-04 -3.480835e-04))
174           	((-3.813062e-01 2.849624e+00 3.670996e+01) (-7.391012e-03 3.862612e-02 8.925495e-01)) ((3.691596e-02 5.441272e-02 1.134593e-01) (1.400596e-02 -2.407053e-04 -3.443032e-04))
175           	((-3.815427e-01 2.893144e+00 3.670026e+01) (-7.219521e-03 3.866538e-02 8.924038e-01)) ((3.320874e-02 5.512876e-02 1.143607e-01) (1.394492e-02 -2.478500e-04 -3.434986e-04))
176           	((-3.776558e-01 2.934192e+00 3.668893e+01) (-7.090574e-03 3.867525e-02 8.922130e-01)) ((2.949572e-02 5.658134e-02 1.155877e-01) (1.388864e-02 -2.484123e-04 -3.445972e-04))
177           	((-3.692558e-01 2.972196e+00 3.667612e+01) (-6.964200e-03 3.870768e-02 8.920195e-01)) ((2.579168e-02 5.857217e-02 1.170229e-01) (1.384527e-02 -2.478989e-04 -3.400017e-04))
178           	((-3.575682e-01 3.006501e+00 3.666218e+01) (-6.867051e-03 3.866381e-02 8.918175e-01)) ((2.207626e-02 6.103654e-02 1.184779e-01) (1.380020e-02 -2.442738e-04 -3.422999e-04))
179           	((-3.428191e-01 3.036641e+00 3.664668e+01) (-6.765779e-03 3.864815e-02 8.915836e-01)) ((1.835722e-02 6.383540e-02 1.197753e-01) (1.377451e-02 -2.291878e-04 -3.381499e-04))
180           	((-3.253797e-01 3.063341e+00 3.663040e+01) (-6.652093e-03 3.856766e-02 8.913835e-01)) ((1.466890e-02 6.680627e-02 1.208495e-01) (1.374900e-02 -2.184872e-04 -3.402195e-04))
181           	((-3.052842e-01 3.086587e+00 3.661347e+01) (-6.575409e-03 3.843478e-02 8.911719e-01)) ((1.088321e-02 6.995513e-02 1.216073e-01) (1.372840e-02 -1.970916e-04 -3.482736e-04))
182           	((-2.831397e-01 3.107736e+00 3.659738e+01) (-6.491324e-03 3.831948e-02 8.909792e-01)) ((7.048889e-03 7.310156e-02 1.222840e-01) (1.372300e-02 -1.776060e-04 -3.525452e-04))
183           	((-2.602558e-01 3.127718e+00 3.658352e+01) (-6.421920e-03 3.811738e-02 8.908394e-01)) ((3.259465e-03 7.618859e-02 1.230204e-01) (1.371538e-02 -1.561717e-04 -3.666316e-04))
184           	((-2.365072e-01 3.147519e+00 3.657213e+01) (-6.357900e-03 3.794904e-02 8.906631e-01)) ((-3.176718e-04 7.909688e-02 1.238425e-01) (1.372126e-02 -1.260750e-04 -3.762886e-04))
185           	((-2.130824e-01 3.168194e+00 3.656512e+01) (-6.279599e-03 3.772289e-02 8.905672e-01)) ((-3.512335e-03 8.163109e-02 1.246068e-01) (1.372333e-02 -1.015655e-04 -3.920096e-04))
186           	((-1.916435e-01 3.189922e+00 3.656304e+01) (-6.224861e-03 3.748481e-02 8.904566e-01)) ((-6.311515e-03 8.369985e-02 1.250475e-01) (1.372822e-02 -6.786778e-05 -4.082997e-04))
187           	((-1.729170e-01 3.214029e+00 3.656614e+01) (-6.131796e-03 3.732427e-02 8.903886e-01)) ((-8.705385e-03 8.506145e-02 1.251254e-01) (1.374993e-02 -3.997252e-05 -4.149214e-04))
188           	((-1.571873e-01 3.240422e+00 3.657380e+01) (-6.061956e-03 3.710645e-02 8.903666e-01)) ((-1.072122e-02 8.567386e-02 1.248869e-01) (1.376057e-02 -1.366505e-05 -4.279271e-04))
189           	((-1.448842e-01 3.267362e+00 3.658494e+01) (-5.994003e-03 3.694512e-02 8.903299e-01)) ((-1.255207e-02 8.540828e-02 1.242498e-01) (1.377914e-02 2.398850e-05 -4.361268e-04))
190           	((-1.370502e-01 3.293761e+00 3.659896e+01) (-5.872743e-03 3.679918e-02 8.903589e-01)) ((-1.428479e-02 8.423206e-02 1.232984e-01) (1.379611e-02 4.794709e-05 -4.460416e-04))
191           	((-1.324749e-01 3.319362e+00 3.661267e+01) (-5.752095e-03 3.666403e-02 8.903942e-01)) ((-1.607756e-02 8.230175e-02 1.219511e-01) (1.381131e-02 7.616943e-05 -4.569929e-04))
192           	((-1.293409e-01 3.345346e+00 3.662429e+01) (-5.610796e-03 3.660690e-02 8.904224e-01)) ((-1.811984e-02 7.963095e-02 1.201643e-01) (1.383043e-02 9.898422e-05 -4.612451e-04))
193           	((-1.270655e-01 3.372576e+00 3.663294e+01) (-5.493158e-03 3.651521e-02 8.904742e-01)) ((-2.065541e-02 7.645415e-02 1.179017e-01) (1.383584e-02 1.218553e-04 -4.744194e-04))
194           	((-1.248173e-01 3.401703e+00 3.663746e+01) (-5.364831e-03 3.652399e-02 8.904842e-01)) ((-2.373691e-02 7.297434e-02 1.151927e-01) (1.384967e-02 1.402362e-04 -4.766726e-04))
195           	((-1.225244e-01 3.433884e+00 3.663779e+01) (-5.235614e-03 3.653382e-02 8.905416e-01)) ((-2.720832e-02 6.920202e-02 1.122106e-01) (1.385111e-02 1.443453e-04 -4.833017e-04))
196           	((-1.204858e-01 3.468717e+00 3.663345e+01) (-5.144323e-03 3.655779e-02 8.905681e-01)) ((-3.110116e-02 6.525121e-02 1.090058e-01) (1.384290e-02 1.467729e-04 -4.905672e-04))
197           	((-1.190869e-01 3.506484e+00 3.662542e+01) (-5.074374e-03 3.664964e-02 8.905788e-01)) ((-3.546429e-02 6.107988e-02 1.057088e-01) (1.383308e-02 1.400938e-04 -4.884188e-04))
198           	((-1.189879e-01 3.548067e+00 3.661440e+01) (-5.023117e-03 3.673629e-02 8.905860e-01)) ((-4.037238e-02 5.685946e-02 1.023797e-01) (1.380772e-02 1.237511e-04 -4.912704e-04))
199           	((-1.200153e-01 3.593228e+00 3.660034e+01) (-4.986812e-03 3.690768e-02 8.905415e-01)) ((-4.572347e-02 5.259063e-02 9.905791e-02) (1.378238e-02 1.064786e-04 -4.873833e-04))
200           	((-1.221568e-01 3.641210e+00 3.658437e+01) (-4.943317e-03 3.708092e-02 8.905246e-01)) ((-5.134564e-02 4.832866e-02 9.576908e-02) (1.374293e-02 7.646343e-05 -4.872914e-04))
201           	((-1.245986e-01 3.690451e+00 3.656621e+01) (-4.910363e-03 3.728262e-02 8.904835e-01)) ((-5.710830e-02 4.438706e-02 9.248479e-02) (1.369377e-02 4.470602e-05 -4.909882e-04))
202           	((-1.260440e-01 3.739255e+00 3.654654e+01) (-4.874535e-03 3.755801e-02 8.904247e-01)) ((-6.288962e-02 4.091472e-02 8.931354e-02) (1.364383e-02 5.802156e-06 -4.884820e-04))
203           	((-1.265586e-01 3.786220e+00 3.652606e+01) (-4.845886e-03 3.778721e-02 8.903659e-01)) ((-6.859146e-02 3.815384e-02 8.639383e-02) (1.357831e-02 -3.711705e-05 -4.956546e-04))
204           	((-1.258439e-01 3.829884e+00 3.650437e+01) (-4.836488e-03 3.807235e-02 8.902446e-01)) ((-7.410534e-02 3.617138e-02 8.397438e-02) (1.351604e-02 -7.764670e-05 -4.969045e-04))
205           	((-1.240199e-01 3.869530e+00 3.648289e+01) (-4.833082e-03 3.832861e-02 8.901655e-01)) ((-7.939511e-02 3.498877e-02 8.218334e-02) (1.344070e-02 -1.260611e-04 -5.017861e-04))
206           	((-1.214268e-01 3.903832e+00 3.646170e+01) (-4.854228e-03 3.858150e-02 8.900374e-01)) ((-8.443290e-02 3.476435e-02 8.101675e-02) (1.336352e-02 -1.666036e-04 -5.055510e-04))
207           	((-1.172167e-01 3.932539e+00 3.644069e+01) (-4.861670e-03 3.888786e-02 8.898971e-01)) ((-8.903087e-02 3.548800e-02 8.049981e-02) (1.329511e-02 -2.096945e-04 -4.972272e-04))
208           	((-1.112355e-01 3.954800e+00 3.641956e+01) (-4.894433e-03 3.913628e-02 8.897702e-01)) ((-9.308271e-02 3.722463e-02 8.062786e-02) (1.321484e-02 -2.538464e-04 -4.938814e-04))
209           	((-1.032436e-01 3.969072e+00 3.639763e+01) (-4.947636e-03 3.941893e-02 8.895648e-01)) ((-9.661370e-02 3.988161e-02 8.134084e-02) (1.313997e-02 -2.866085e-04 -4.843616e-04))
210           	((-9.365475e-02 3.975271e+00 3.637556e+01) (-4.960337e-03 3.968163e-02 8.893841e-01)) ((-9.953501e-02 4.331797e-02 8.270531e-02) (1.306175e-02 -3.304587e-04 -4.736773e-04))
211           	((-8.206655e-02 3.973578e+00 3.635296e+01) (-4.978740e-03 3.992238e-02 8.891370e-01)) ((-1.017411e-01 4.745529e-02 8.470767e-02) (1.298234e-02 -3.620275e-04 -4.641818e-04))
212           	((-6.756109e-02 3.964893e+00 3.633007e+01) (-4.982060e-03 4.020239e-02 8.888395e-01)) ((-1.030812e-01 5.216020e-02 8.729770e-02) (1.291070e-02 -3.886900e-04 -4.472860e-04))
213           	((-5.128577e-02 3.948599e+00 3.630763e+01) (-5.005822e-03 4.040004e-02 8.885237e-01)) ((-1.034631e-01 5.745916e-02 9.039444e-02) (1.282794e-02 -4.084449e-04 -4.386206e-04))
214           	((-3.353792e-02 3.924529e+00 3.628527e+01) (-5.011871e-03 4.063222e-02 8.881121e-01)) ((-1.028634e-01 6.331337e-02 9.388526e-02) (1.276107e-02 -4.153275e-04 -4.232597e-04))
215           	((-1.515899e-02 3.892609e+00 3.626347e+01) (-4.991099e-03 4.079724e-02 8.877094e-01)) ((-1.013301e-01 6.954250e-02 9.773205e-02) (1.269107e-02 -4.239715e-04 -4.119136e-04))
216           	((3.172598e-03 3.852853e+00 3.624141e+01) (-4.980796e-03 4.091528e-02 8.872447e-01)) ((-9.903217e-02 7.606347e-02 1.017968e-01) (1.262139e-02 -4.176434e-04 -4.042666e-04))
217           	((2.144256e-02 3.806770e+00 3.621916e+01) (-4.941508e-03 4.106812e-02 8.867786e-01)) ((-9.612931e-02 8.263438e-02 1.059449e-01) (1.256487e-02 -4.077528e-04 -3.918692e-04))
218           	((3.870390e-02 3.755794e+00 3.619716e+01) (-4.900372e-03 4.113879e-02 8.863243e-01)) ((-9.277400e-02 8.917295e-02 1.100397e-01) (1.250212e-02 -3.956398e-04 -3.898977e-04))
219           	((5.597383e-02 3.701342e+00 3.617538e+01) (-4.848159e-03 4.123659e-02 8.858123e-01)) ((-8.910810e-02 9.547528e-02 1.138618e-01) (1.245394e-02 -3.706837e-04 -3.837498e-04))
220           	((7.401397e-02 3.645325e+00 3.615473e+01) (-4.769369e-03 4.127549e-02 8.853243e-01)) ((-8.507779e-02 1.012954e-01 1.173146e-01) (1.240031e-02 -3.501045e-04 -3.838533e-04))
221           	((9.230996e-02 3.587230e+00 3.613575e+01) (-4.686090e-03 4.125794e-02 8.848065e-01)) ((-8.075219e-02 1.065657e-01 1.202425e-01) (1.234707e-02 -3.175234e-04 -3.901350e-04))
222           	((1.102551e-01 3.527142e+00 3.611973e+01) (-4.561317e-03 4.126348e-02 8.842546e-01)) ((-7.612421e-02 1.111128e-01 1.226278e-01) (1.230612e-02 -2.789338e-04 -3.917552e-04))
223           	((1.265069e-01 3.464526e+00 3.610701e+01) (-4.411601e-03 4.120641e-02 8.837211e-01)) ((-7.114925e-02 1.149435e-01 1.246452e-01) (1.226225e-02 -2.426377e-04 -3.993791e-04))
224           	((1.409246e-01 3.400716e+00 3.609701e+01) (-4.258062e-03 4.116446e-02 8.831357e-01)) ((-6.584933e-02 1.179957e-01 1.264240e-01) (1.222814e-02 -1.973139e-04 -4.041955e-04))
225           	((1.524207e-01 3.336228e+00 3.609082e+01) (-4.093925e-03 4.108414e-02 8.825940e-01)) ((-6.032008e-02 1.202053e-01 1.279212e-01) (1.218889e-02 -1.533389e-04 -4.159884e-04))
226           	((1.605152e-01 3.271821e+00 3.608763e+01) (-3.899843e-03 4.101690e-02 8.820502e-01)) ((-5.465099e-02 1.217241e-01 1.289625e-01) (1.215297e-02 -1.080133e-04 -4.295550e-04))
227           	((1.661702e-01 3.208987e+00 3.608667e+01) (-3.688114e-03 4.101675e-02 8.815095e-01)) ((-4.881621e-02 1.224433e-01 1.294911e-01) (1.212682e-02 -6.359992e-05 -4.388750e-04))
228           	((1.690172e-01 3.148266e+00 3.608809e+01) (-3.493580e-03 4.096120e-02 8.809846e-01)) ((-4.286841e-02 1.223693e-01 1.293546e-01) (1.208834e-02 -1.798482e-05 -4.602473e-04))
229           	((1.690625e-01 3.090535e+00 3.609168e+01) (-3.303335e-03 4.097391e-02 8.804438e-01)) ((-3.685868e-02 1.214558e-01 1.286102e-01) (1.205941e-02 2.946714e-05 -4.781769e-04))
230           	((1.662069e-01 3.035792e+00 3.609872e+01) (-3.101062e-03 4.097948e-02 8.799546e-01)) ((-3.084337e-02 1.196763e-01 1.272493e-01) (1.202315e-02 6.603522e-05 -5.026633e-04))
231           	((1.608045e-01 2.983898e+00 3.610846e+01) (-2.930822e-03 4.100536e-02 8.794601e-01)) ((-2.504743e-02 1.172089e-01 1.252273e-01) (1.198713e-02 1.057652e-04 -5.302159e-04))
232           	((1.540434e-01 2.936098e+00 3.612004e+01) (-2.760958e-03 4.109799e-02 8.789747e-01)) ((-1.968560e-02 1.141193e-01 1.226982e-01) (1.195843e-02 1.397440e-04 -5.521443e-04))
233           	((1.455717e-01 2.892487e+00 3.613305e+01) (-2.635846e-03 4.113108e-02 8.785528e-01)) ((-1.504183e-02 1.106371e-01 1.197801e-01) (1.192013e-02 1.697416e-04 -5.825562e-04))
234           	((1.353126e-01 2.854015e+00 3.614619e+01) (-2.532616e-03 4.124034e-02 8.780861e-01)) ((-1.128316e-02 1.069302e-01 1.166367e-01) (1.189289e-02 2.049034e-04 -6.051190e-04))
235           	((1.230398e-01 2.822168e+00 3.615877e+01) (-2.428623e-03 4.135717e-02 8.776945e-01)) ((-8.363238e-03 1.030653e-01 1.135116e-01) (1.186247e-02 2.242125e-04 -6.296577e-04))
236           	((1.088610e-01 2.797790e+00 3.616949e+01) (-2.364481e-03 4.146815e-02 8.773059e-01)) ((-6.364837e-03 9.922012e-02 1.104129e-01) (1.182876e-02 2.480563e-04 -6.555793e-04))
237           	((9.236650e-02 2.781129e+00 3.617848e+01) (-2.316322e-03 4.162893e-02 8.769182e-01)) ((-5.407376e-03 9.538605e-02 1.073308e-01) (1.179916e-02 2.730401e-04 -6.755114e-04))
238           	((7.257806e-02 2.772630e+00 3.618529e+01) (-2.262883e-03 4.176050e-02 8.765824e-01)) ((-5.600259e-03 9.176097e-02 1.043673e-01) (1.176261e-02 2.875629e-04 -6.992710e-04))
239           	((5.109216e-02 2.772616e+00 3.618847e+01) (-2.227664e-03 4.193565e-02 8.762162e-01)) ((-7.030417e-03 8.840017e-02 1.014686e-01) (1.173337e-02 3.087901e-04 -7.182646e-04))
240           	((2.896971e-02 2.780934e+00 3.618836e+01) (-2.201204e-03 4.205545e-02 8.758876e-01)) ((-9.702865e-03 8.534196e-02 9.856325e-02) (1.169404e-02 3.215854e-04 -7.435350e-04))
241           	((6.889258e-03 2.796479e+00 3.618474e+01) (-2.208591e-03 4.213728e-02 8.755630e-01)) ((-1.363451e-02 8.275030e-02 9.561023e-02) (1.165481e-02 3.372005e-04 -7.707801e-04))
242           	((-1.430467e-02 2.818169e+00 3.617839e+01) (-2.215218e-03 4.223736e-02 8.752513e-01)) ((-1.862914e-02 8.057690e-02 9.271525e-02) (1.162637e-02 3.464246e-04 -7.908445e-04))
243           	((-3.441553e-02 2.843748e+00 3.616976e+01) (-2.236521e-03 4.226399e-02 8.749940e-01)) ((-2.434845e-02 7.883838e-02 9.004338e-02) (1.159139e-02 3.540560e-04 -8.199730e-04))
244           	((-5.216770e-02 2.870156e+00 3.615829e+01) (-2.281172e-03 4.230439e-02 8.747129e-01)) ((-3.034021e-02 7.748538e-02 8.776289e-02) (1.156802e-02 3.650404e-04 -8.429775e-04))
245           	((-6.757183e-02 2.894770e+00 3.614498e+01) (-2.330301e-03 4.227763e-02 8.745336e-01)) ((-3.621768e-02 7.641755e-02 8.603157e-02) (1.154354e-02 3.659885e-04 -8.693215e-04))
246           	((-8.092046e-02 2.915659e+00 3.612967e+01) (-2.383733e-03 4.222909e-02 8.743240e-01)) ((-4.185075e-02 7.573870e-02 8.492855e-02) (1.151900e-02 3.757395e-04 -8.971511e-04))
247           	((-9.177557e-02 2.932494e+00 3.611261e+01) (-2.407625e-03 4.222785e-02 8.741454e-01)) ((-4.716353e-02 7.539528e-02 8.447313e-02) (1.150609e-02 3.827112e-04 -9.161125e-04))
248           	((-9.993121e-02 2.945084e+00 3.609349e+01) (-2.437220e-03 4.214896e-02 8.739994e-01)) ((-5.215494e-02 7.550778e-02 8.457881e-02) (1.148564e-02 3.948257e-04 -9.436899e-04))
249           	((-1.044018e-01 2.952984e+00 3.607152e+01) (-2.470484e-03 4.210116e-02 8.738404e-01)) ((-5.699599e-02 7.618316e-02 8.501876e-02) (1.147792e-02 4.153916e-04 -9.649793e-04))
250           	((-1.058834e-01 2.956855e+00 3.604723e+01) (-2.491151e-03 4.199755e-02 8.737302e-01)) ((-6.186479e-02 7.735836e-02 8.571141e-02) (1.146801e-02 4.275472e-04 -9.890606e-04))
251           	((-1.052403e-01 2.957070e+00 3.602032e+01) (-2.518107e-03 4.186518e-02 8.736002e-01)) ((-6.692167e-02 7.901563e-02 8.652935e-02) (1.146376e-02 4.460712e-04 -1.011239e-03))
252           	((-1.021210e-01 2.954772e+00 3.599093e+01) (-2.543057e-03 4.176945e-02 8.734562e-01)) ((-7.202327e-02 8.092776e-02 8.755371e-02) (1.146953e-02 4.638799e-04 -1.022893e-03))
253           	((-9.709105e-02 2.950869e+00 3.596032e+01) (-2.579828e-03 4.159426e-02 8.733550e-01)) ((-7.702833e-02 8.300661e-02 8.879446e-02) (1.147019e-02 4.782345e-04 -1.038419e-03))
254           	((-8.985671e-02 2.945689e+00 3.592955e+01) (-2.637950e-03 4.145124e-02 8.732059e-01)) ((-8.183216e-02 8.515194e-02 9.012369e-02) (1.148507e-02 4.989210e-04 -1.044152e-03))
255           	((-8.064450e-02 2.940916e+00 3.590025e+01) (-2.680507e-03 4.128272e-02 8.731076e-01)) ((-8.634893e-02 8.725489e-02 9.149939e-02) (1.150190e-02 5.083179e-04 -1.047600e-03))
256           	((-6.982990e-02 2.938297e+00 3.587210e+01) (-2.739558e-03 4.110055e-02 8.729634e-01)) ((-9.061683e-02 8.933051e-02 9.287518e-02) (1.151957e-02 5.207126e-04 -1.050303e-03))
257           	((-5.810418e-02 2.939424e+00 3.584578e+01) (-2.800995e-03 4.095496e-02 8.727877e-01)) ((-9.474484e-02 9.117851e-02 9.424004e-02) (1.154393e-02 5.345605e-04 -1.044031e-03))
258           	((-4.632027e-02 2.945685e+00 3.582181e+01) (-2.854602e-03 4.077564e-02 8.726064e-01)) ((-9.880979e-02 9.293833e-02 9.554723e-02) (1.156093e-02 5.449802e-04 -1.042097e-03))
259           	((-3.439394e-02 2.956595e+00 3.580004e+01) (-2.909610e-03 4.064979e-02 8.723789e-01)) ((-1.029409e-01 9.463857e-02 9.666039e-02) (1.158789e-02 5.600120e-04 -1.031746e-03))
260           	((-2.255144e-02 2.972432e+00 3.578131e+01) (-2.951516e-03 4.049549e-02 8.721769e-01)) ((-1.071403e-01 9.621113e-02 9.763140e-02) (1.160973e-02 5.659360e-04 -1.021185e-03))
261           	((-1.088324e-02 2.993220e+00 3.576497e+01) (-3.016033e-03 4.032941e-02 8.719675e-01)) ((-1.113565e-01 9.759431e-02 9.853076e-02) (1.163300e-02 5.754355e-04 -1.008596e-03))
262           	((6.197034e-04 3.018787e+00 3.575162e+01) (-3.071139e-03 4.018978e-02 8.717518e-01)) ((-1.154152e-01 9.857822e-02 9.937958e-02) (1.166325e-02 5.822137e-04 -9.897857e-04))
263           	((1.089216e-02 3.048720e+00 3.574216e+01) (-3.122541e-03 4.001139e-02 8.715753e-01)) ((-1.192155e-01 9.918822e-02 1.001102e-01) (1.168728e-02 5.903243e-04 -9.770882e-04))
264           	((2.026994e-02 3.082747e+00 3.573609e+01) (-3.153817e-03 3.991154e-02 8.713883e-01)) ((-1.226532e-01 9.943852e-02 1.007251e-01) (1.172252e-02 6.009426e-04 -9.562310e-04))
265           	((2.863506e-02 3.120037e+00 3.573369e+01) (-3.181605e-03 3.979176e-02 8.712647e-01)) ((-1.255585e-01 9.927518e-02 1.012678e-01) (1.174851e-02 6.025892e-04 -9.371716e-04))
266           	((3.536805e-02 3.158765e+00 3.573481e+01) (-3.235274e-03 3.967016e-02 8.711254e-01)) ((-1.278903e-01 9.892453e-02 1.015914e-01) (1.176942e-02 6.090243e-04 -9.196933e-04))
267           	((4.052405e-02 3.197154e+00 3.573965e+01) (-3.259166e-03 3.962080e-02 8.710189e-01)) ((-1.295292e-01 9.843973e-02 1.016835e-01) (1.179806e-02 6.052809e-04 -8.940557e-04))
268           	((4.399207e-02 3.233872e+00 3.574784e+01) (-3.309882e-03 3.953826e-02 8.709272e-01)) ((-1.303573e-01 9.792106e-02 1.016462e-01) (1.181557e-02 5.998363e-04 -8.740987e-04))
269           	((4.694632e-02 3.267917e+00 3.575792e+01) (-3.372757e-03 3.953571e-02 8.708230e-01)) ((-1.303758e-01 9.734797e-02 1.015475e-01) (1.183995e-02 5.938314e-04 -8.469827e-04))
270           	((4.925849e-02 3.298699e+00 3.577050e+01) (-3.431483e-03 3.950685e-02 8.707671e-01)) ((-1.296518e-01 9.669337e-02 1.013867e-01) (1.185232e-02 5.752172e-04 -8.250008e-04))
271           	((5.061940e-02 3.324702e+00 3.578501e+01) (-3.524418e-03 3.950276e-02 8.707039e-01)) ((-1.283884e-01 9.605053e-02 1.010724e-01) (1.186239e-02 5.593039e-04 -8.026022e-04))
272           	((5.154670e-02 3.346616e+00 3.580104e+01) (-3.609815e-03 3.958841e-02 8.706493e-01)) ((-1.267318e-01 9.535086e-02 1.007012e-01) (1.187945e-02 5.359598e-04 -7.710404e-04))
273           	((5.216150e-02 3.364079e+00 3.581809e+01) (-3.721313e-03 3.963189e-02 8.706302e-01)) ((-1.248440e-01 9.466123e-02 1.002320e-01) (1.188152e-02 5.065429e-04 -7.471431e-04))
274           	((5.293362e-02 3.376090e+00 3.583541e+01) (-3.865407e-03 3.973477e-02 8.705593e-01)) ((-1.229917e-01 9.396326e-02 9.955897e-02) (1.188489e-02 4.827066e-04 -7.166445e-04))
275           	((5.341129e-02 3.382783e+00 3.585346e+01) (-3.987555e-03 3.983808e-02 8.705593e-01)) ((-1.213170e-01 9.330105e-02 9.868760e-02) (1.187916e-02 4.453131e-04 -6.881435e-04))
276           	((5.381477e-02 3.384752e+00 3.587121e+01) (-4.114504e-03 3.995246e-02 8.705225e-01)) ((-1.198704e-01 9.287210e-02 9.764602e-02) (1.186823e-02 4.070506e-04 -6.627768e-04))
277           	((5.521980e-02 3.383000e+00 3.588785e+01) (-4.223345e-03 4.013244e-02 8.704890e-01)) ((-1.185382e-01 9.262427e-02 9.656638e-02) (1.185815e-02 3.638870e-04 -6.325367e-04))
278           	((5.687162e-02 3.378524e+00 3.590354e+01) (-4.368564e-03 4.025463e-02 8.704605e-01)) ((-1.173327e-01 9.257732e-02 9.550918e-02) (1.183172e-02 3.216154e-04 -6.129780e-04))
279           	((5.810888e-02 3.372824e+00 3.591833e+01) (-4.511060e-03 4.042407e-02 8.704234e-01)) ((-1.163883e-01 9.273966e-02 9.445088e-02) (1.181176e-02 2.775701e-04 -5.878276e-04))
280           	((5.901328e-02 3.367518e+00 3.593262e+01) (-4.626701e-03 4.055764e-02 8.704246e-01)) ((-1.156668e-01 9.296404e-02 9.344430e-02) (1.178224e-02 2.261540e-04 -5.674844e-04))
281           	((5.979768e-02 3.363192e+00 3.594578e+01) (-4.751301e-03 4.067155e-02 8.703961e-01)) ((-1.152517e-01 9.322000e-02 9.245463e-02) (1.174786e-02 1.841812e-04 -5.521589e-04))
282           	((6.085961e-02 3.361062e+00 3.595816e+01) (-4.842072e-03 4.081321e-02 8.703407e-01)) ((-1.151621e-01 9.334362e-02 9.152340e-02) (1.171468e-02 1.419776e-04 -5.336033e-04))
283           	((6.146039e-02 3.360570e+00 3.597009e+01) (-4.925821e-03 4.086675e-02 8.702990e-01)) ((-1.154584e-01 9.340016e-02 9.062502e-02) (1.166707e-02 1.041440e-04 -5.266750e-04))
284           	((6.229368e-02 3.360714e+00 3.598116e+01) (-4.983178e-03 4.094759e-02 8.701837e-01)) ((-1.161707e-01 9.346416e-02 8.967572e-02) (1.162443e-02 7.683196e-05 -5.164961e-04))
285           	((6.371060e-02 3.361337e+00 3.599140e+01) (-5.000617e-03 4.096600e-02 8.701040e-01)) ((-1.172155e-01 9.361530e-02 8.873594e-02) (1.157274e-02 4.483108e-05 -5.134156e-04))
286           	((6.530138e-02 3.360619e+00 3.600002e+01) (-5.022042e-03 4.094084e-02 8.699539e-01)) ((-1.185792e-01 9.399623e-02 8.785316e-02) (1.151351e-02 2.467033e-05 -5.155334e-04))
287           	((6.736402e-02 3.357218e+00 3.600709e+01) (-5.008736e-03 4.093834e-02 8.697838e-01)) ((-1.202032e-01 9.455663e-02 8.705634e-02) (1.145828e-02 7.594482e-06 -5.131431e-04))
288           	((6.942855e-02 3.350079e+00 3.601245e+01) (-4.973299e-03 4.086779e-02 8.696148e-01)) ((-1.220126e-01 9.537875e-02 8.642482e-02) (1.139225e-02 -9.737654e-06 -5.193715e-04))
289           	((7.224461e-02 3.339056e+00 3.601510e+01) (-4.902896e-03 4.081920e-02 8.693818e-01)) ((-1.238854e-01 9.632967e-02 8.599935e-02) (1.133571e-02 -1.788781e-05 -5.237508e-04))
290           	((7.620465e-02 3.324856e+00 3.601494e+01) (-4.794281e-03 4.072210e-02 8.691478e-01)) ((-1.256444e-01 9.727672e-02 8.593196e-02) (1.127189e-02 -2.949008e-05 -5.354295e-04))
291           	((8.160948e-02 3.308017e+00 3.601125e+01) (-4.690698e-03 4.059685e-02 8.688535e-01)) ((-1.272950e-01 9.824069e-02 8.620025e-02) (1.120902e-02 -3.092267e-05 -5.513047e-04))
292           	((8.824957e-02 3.289285e+00 3.600417e+01) (-4.563619e-03 4.049229e-02 8.685032e-01)) ((-1.288674e-01 9.917523e-02 8.664198e-02) (1.115489e-02 -3.002536e-05 -5.628173e-04))
293           	((9.533516e-02 3.269018e+00 3.599357e+01) (-4.426281e-03 4.032383e-02 8.681423e-01)) ((-1.304875e-01 1.002367e-01 8.698042e-02) (1.109931e-02 -2.917255e-05 -5.805990e-04))
294           	((1.035917e-01 3.248265e+00 3.597912e+01) (-4.280140e-03 4.018957e-02 8.676853e-01)) ((-1.322037e-01 1.014233e-01 8.710704e-02) (1.105664e-02 -2.124677e-05 -5.909867e-04))
295           	((1.127108e-01 3.228660e+00 3.596159e+01) (-4.115985e-03 4.000594e-02 8.672425e-01)) ((-1.340236e-01 1.026922e-01 8.706281e-02) (1.101237e-02 -1.760128e-05 -6.072185e-04))
296           	((1.227668e-01 3.211080e+00 3.594136e+01) (-3.969495e-03 3.981800e-02 8.667429e-01)) ((-1.360072e-01 1.040136e-01 8.686698e-02) (1.097585e-02 -5.280689e-06 -6.233362e-04))
297           	((1.334692e-01 3.196669e+00 3.591938e+01) (-3.807687e-03 3.965233e-02 8.662586e-01)) ((-1.381158e-01 1.053280e-01 8.655213e-02) (1.094820e-02 6.469154e-07 -6.335086e-04))
298           	((1.434645e-01 3.184596e+00 3.589576e+01) (-3.655822e-03 3.944004e-02 8.657446e-01)) ((-1.403333e-01 1.067820e-01 8.612505e-02) (1.091771e-02 1.076055e-05 -6.487970e-04))
299           	((1.529789e-01 3.174568e+00 3.587034e+01) (-3.496349e-03 3.929904e-02 8.652149e-01)) ((-1.426178e-01 1.083123e-01 8.557987e-02) (1.090180e-02 2.308489e-05 -6.541631e-04))
300           	((1.614348e-01 3.167272e+00 3.584339e+01) (-3.346916e-03 3.912618e-02 8.647139e-01)) ((-1.449618e-01 1.099285e-01 8.494549e-02) (1.087564e-02 3.133556e-05 -6.631639e-04))
301           	((1.685522e-01 3.162159e+00 3.581540e+01) (-3.211051e-03 3.897215e-02 8.641996e-01)) ((-1.476124e-01 1.115042e-01 8.424938e-02) (1.085726e-02 4.823221e-05 -6.713004e-04))
302           	((1.736909e-01 3.160860e+00 3.578770e+01) (-3.055119e-03 3.884142e-02 8.637508e-01)) ((-1.506113e-01 1.128838e-01 8.356396e-02) (1.084084e-02 5.647993e-05 -6.779449e-04))
303           	((1.767043e-01 3.164193e+00 3.576047e+01) (-2.924343e-03 3.869645e-02 8.633344e-01)) ((-1.539860e-01 1.140803e-01 8.297885e-02) (1.082245e-02 6.958324e-05 -6.881567e-04))
304           	((1.788129e-01 3.173216e+00 3.573483e+01) (-2.785608e-03 3.863238e-02 8.629648e-01)) ((-1.575686e-01 1.149447e-01 8.258147e-02) (1.081695e-02 7.916714e-05 -6.895781e-04))
305           	((1.791715e-01 3.188749e+00 3.571161e+01) (-2.662895e-03 3.852769e-02 8.626767e-01)) ((-1.611320e-01 1.155616e-01 8.235159e-02) (1.080173e-02 8.711778e-05 -6.996736e-04))
306           	((1.775962e-01 3.209519e+00 3.569129e+01) (-2.540202e-03 3.850194e-02 8.624060e-01)) ((-1.645268e-01 1.159930e-01 8.229377e-02) (1.079760e-02 9.884343e-05 -7.045423e-04))
307           	((1.738111e-01 3.234687e+00 3.567518e+01) (-2.415858e-03 3.849819e-02 8.622257e-01)) ((-1.675547e-01 1.162448e-01 8.238434e-02) (1.078736e-02 1.023519e-04 -7.131299e-04))
308           	((1.681311e-01 3.263478e+00 3.566284e+01) (-2.310444e-03 3.853272e-02 8.620718e-01)) ((-1.701461e-01 1.163595e-01 8.259428e-02) (1.077738e-02 1.131664e-04 -7.240549e-04))
309           	((1.612087e-01 3.294876e+00 3.565479e+01) (-2.192879e-03 3.865646e-02 8.620004e-01)) ((-1.722808e-01 1.162267e-01 8.287456e-02) (1.077301e-02 1.214237e-04 -7.322023e-04))
310           	((1.525459e-01 3.327829e+00 3.565133e+01) (-2.106982e-03 3.876037e-02 8.620097e-01)) ((-1.740974e-01 1.158972e-01 8.306938e-02) (1.076051e-02 1.336640e-04 -7.472385e-04))
311           	((1.423815e-01 3.362128e+00 3.565202e+01) (-2.012886e-03 3.899691e-02 8.620717e-01)) ((-1.757963e-01 1.153538e-01 8.321028e-02) (1.076482e-02 1.454204e-04 -7.550389e-04))
312           	((1.311842e-01 3.398387e+00 3.565641e+01) (-1.914842e-03 3.922203e-02 8.622599e-01)) ((-1.774983e-01 1.146249e-01 8.327273e-02) (1.076386e-02 1.531588e-04 -7.703675e-04))
313           	((1.187819e-01 3.436183e+00 3.566296e+01) (-1.838638e-03 3.949890e-02 8.624579e-01)) ((-1.794535e-01 1.138745e-01 8.320292e-02) (1.076282e-02 1.688803e-04 -7.870956e-04))
314           	((1.044540e-01 3.474907e+00 3.567125e+01) (-1.738873e-03 3.984241e-02 8.627506e-01)) ((-1.818310e-01 1.131413e-01 8.310793e-02) (1.076700e-02 1.798554e-04 -8.008408e-04))
315           	((8.802326e-02 3.513247e+00 3.568050e+01) (-1.665900e-03 4.018925e-02 8.630716e-01)) ((-1.847232e-01 1.125506e-01 8.287457e-02) (1.076504e-02 1.952241e-04 -8.208997e-04))
316           	((7.097641e-02 3.550096e+00 3.568994e+01) (-1.578865e-03 4.061320e-02 8.633884e-01)) ((-1.879987e-01 1.119460e-01 8.254221e-02) (1.077439e-02 2.150042e-04 -8.355060e-04))
317           	((5.355199e-02 3.585673e+00 3.569974e+01) (-1.505976e-03 4.098908e-02 8.637581e-01)) ((-1.914031e-01 1.112383e-01 8.223744e-02) (1.077467e-02 2.296699e-04 -8.574768e-04))
318           	((3.663675e-02 3.619314e+00 3.570962e+01) (-1.473093e-03 4.138585e-02 8.641136e-01)) ((-1.948230e-01 1.104390e-01 8.182111e-02) (1.078001e-02 2.549165e-04 -8.773257e-04))
319           	((2.045598e-02 3.651527e+00 3.571990e+01) (-1.406085e-03 4.179059e-02 8.645053e-01)) ((-1.981724e-01 1.095536e-01 8.130920e-02) (1.078782e-02 2.702521e-04 -8.946913e-04))
320           	((5.935963e-03 3.681795e+00 3.572951e+01) (-1.366461e-03 4.213739e-02 8.648793e-01)) ((-2.014997e-01 1.087708e-01 8.065964e-02) (1.078859e-02 2.928339e-04 -9.157524e-04))
321           	((-5.815821e-03 3.709388e+00 3.573840e+01) (-1.312755e-03 4.250585e-02 8.652413e-01)) ((-2.048952e-01 1.080769e-01 7.982916e-02) (1.079564e-02 3.175883e-04 -9.277877e-04))
322           	((-1.485507e-02 3.733914e+00 3.574664e+01) (-1.257325e-03 4.276615e-02 8.656364e-01)) ((-2.084116e-01 1.076646e-01 7.879234e-02) (1.079026e-02 3.408187e-04 -9.453531e-04))
323           	((-2.084384e-02 3.753924e+00 3.575407e+01) (-1.210171e-03 4.302706e-02 8.660024e-01)) ((-2.120104e-01 1.076168e-01 7.754280e-02) (1.079120e-02 3.694891e-04 -9.531159e-04))
324           	((-2.364983e-02 3.768780e+00 3.576097e+01) (-1.149804e-03 4.320827e-02 8.664002e-01)) ((-2.154200e-01 1.078965e-01 7.615772e-02) (1.078653e-02 3.935170e-04 -9.585636e-04))
325           	((-2.291514e-02 3.777506e+00 3.576620e+01) (-1.099422e-03 4.331713e-02 8.667359e-01)) ((-2.184683e-01 1.085288e-01 7.468929e-02) (1.077973e-02 4.231706e-04 -9.618573e-04))
326           	((-1.935758e-02 3.779474e+00 3.577041e+01) (-1.038556e-03 4.338626e-02 8.670639e-01)) ((-2.211118e-01 1.093410e-01 7.325458e-02) (1.077810e-02 4.528269e-04 -9.566369e-04))
327           	((-1.464111e-02 3.773587e+00 3.577398e+01) (-9.864188e-04 4.334343e-02 8.673643e-01)) ((-2.233560e-01 1.103945e-01 7.192251e-02) (1.076890e-02 4.851242e-04 -9.542862e-04))
328           	((-9.105497e-03 3.759523e+00 3.577604e+01) (-9.200008e-04 4.329621e-02 8.676000e-01)) ((-2.251266e-01 1.115997e-01 7.085589e-02) (1.077335e-02 5.211056e-04 -9.410273e-04))
329           	((-3.590444e-03 3.738156e+00 3.577681e+01) (-8.427092e-04 4.313466e-02 8.678253e-01)) ((-2.263499e-01 1.128144e-01 7.021087e-02) (1.077072e-02 5.510331e-04 -9.309221e-04))
330           	((1.365623e-03 3.708853e+00 3.577595e+01) (-7.965423e-04 4.291983e-02 8.679853e-01)) ((-2.270973e-01 1.140719e-01 6.997262e-02) (1.077118e-02 5.891711e-04 -9.190816e-04))
331           	((5.773574e-03 3.672344e+00 3.577410e+01) (-7.279503e-04 4.269003e-02 8.680984e-01)) ((-2.273519e-01 1.153402e-01 7.018803e-02) (1.077972e-02 6.168018e-04 -9.003396e-04))
332           	((1.020259e-02 3.629041e+00 3.577108e+01) (-6.845670e-04 4.238621e-02 8.681505e-01)) ((-2.270984e-01 1.166966e-01 7.087045e-02) (1.078505e-02 6.456334e-04 -8.859288e-04))
333           	((1.639561e-02 3.578771e+00 3.576630e+01) (-6.421780e-04 4.211361e-02 8.681081e-01)) ((-2.262359e-01 1.180899e-01 7.208776e-02) (1.080261e-02 6.723383e-04 -8.632954e-04))
334           	((2.444436e-02 3.522176e+00 3.576059e+01) (-6.045854e-04 4.175766e-02 8.680212e-01)) ((-2.247535e-01 1.195156e-01 7.377700e-02) (1.081465e-02 6.908941e-04 -8.477712e-04))
335           	((3.406676e-02 3.459598e+00 3.575369e+01) (-5.846566e-04 4.140018e-02 8.678248e-01)) ((-2.226087e-01 1.209806e-01 7.573783e-02) (1.083593e-02 7.140004e-04 -8.302042e-04))
336           	((4.468316e-02 3.392552e+00 3.574577e+01) (-5.609985e-04 4.106700e-02 8.676089e-01)) ((-2.196973e-01 1.224034e-01 7.784598e-02) (1.086624e-02 7.255330e-04 -8.090497e-04))
337           	((5.564900e-02 3.322740e+00 3.573608e+01) (-5.563319e-04 4.069867e-02 8.673375e-01)) ((-2.159524e-01 1.238587e-01 7.999148e-02) (1.089553e-02 7.370356e-04 -7.960734e-04))
338           	((6.681037e-02 3.251948e+00 3.572475e+01) (-5.541149e-04 4.037350e-02 8.670224e-01)) ((-2.114124e-01 1.252928e-01 8.215348e-02) (1.093849e-02 7.475386e-04 -7.782897e-04))
339           	((7.661196e-02 3.181752e+00 3.571240e+01) (-5.391727e-04 4.001228e-02 8.667275e-01)) ((-2.062466e-01 1.268153e-01 8.436641e-02) (1.097554e-02 7.457522e-04 -7.682919e-04))
340           	((8.561474e-02 3.114208e+00 3.569812e+01) (-5.153380e-04 3.969607e-02 8.663732e-01)) ((-2.006810e-01 1.283024e-01 8.648884e-02) (1.102379e-02 7.525625e-04 -7.542361e-04))
341           	((9.426648e-02 3.051448e+00 3.568231e+01) (-4.730653e-04 3.937757e-02 8.660578e-01)) ((-1.949699e-01 1.296502e-01 8.852657e-02) (1.106853e-02 7.482581e-04 -7.440074e-04))
342           	((1.026385e-01 2.994306e+00 3.566499e+01) (-4.507695e-04 3.904525e-02 8.657360e-01)) ((-1.895031e-01 1.309585e-01 9.041752e-02) (1.111078e-02 7.494494e-04 -7.405381e-04))
343           	((1.108305e-01 2.943300e+00 3.564737e+01) (-4.206757e-04 3.877963e-02 8.654034e-01)) ((-1.845071e-01 1.321348e-01 9.221203e-02) (1.116210e-02 7.467123e-04 -7.299996e-04))
344           	((1.182676e-01 2.898310e+00 3.563069e+01) (-4.001370e-04 3.848496e-02 8.651196e-01)) ((-1.800080e-01 1.332553e-01 9.400609e-02) (1.120635e-02 7.396819e-04 -7.275275e-04))
345           	((1.255801e-01 2.858576e+00 3.561564e+01) (-3.858723e-04 3.825357e-02 8.648278e-01)) ((-1.758511e-01 1.342471e-01 9.582824e-02) (1.126027e-02 7.379079e-04 -7.207276e-04))
346           	((1.321786e-01 2.823949e+00 3.560367e+01) (-3.817959e-04 3.801074e-02 8.646106e-01)) ((-1.718368e-01 1.350507e-01 9.775079e-02) (1.130441e-02 7.258301e-04 -7.190216e-04))
347           	((1.372169e-01 2.793473e+00 3.559547e+01) (-3.890502e-04 3.780924e-02 8.644234e-01)) ((-1.678871e-01 1.357735e-01 9.961020e-02) (1.134655e-02 7.128007e-04 -7.200093e-04))
348           	((1.412304e-01 2.767359e+00 3.559125e+01) (-3.836401e-04 3.769365e-02 8.642735e-01)) ((-1.637746e-01 1.362785e-01 1.013665e-01) (1.139162e-02 6.975301e-04 -7.168655e-04))
349           	((1.440804e-01 2.746477e+00 3.559080e+01) (-3.916139e-04 3.757403e-02 8.641689e-01)) ((-1.594044e-01 1.366459e-01 1.028937e-01) (1.142380e-02 6.799913e-04 -7.222907e-04))
350           	((1.459344e-01 2.731222e+00 3.559402e+01) (-4.001837e-04 3.754639e-02 8.640729e-01)) ((-1.548654e-01 1.368176e-01 1.040910e-01) (1.145989e-02 6.663199e-04 -7.243160e-04))
351           	((1.463143e-01 2.722533e+00 3.560115e+01) (-3.981673e-04 3.752496e-02 8.640670e-01)) ((-1.503507e-01 1.367771e-01 1.048765e-01) (1.148433e-02 6.470332e-04 -7.307250e-04))
352           	((1.450770e-01 2.720745e+00 3.561071e+01) (-4.033570e-04 3.756265e-02 8.640788e-01)) ((-1.461308e-01 1.365707e-01 1.052547e-01) (1.150754e-02 6.323322e-04 -7.360911e-04))
353           	((1.427554e-01 2.726241e+00 3.562192e+01) (-3.957654e-04 3.767224e-02 8.641578e-01)) ((-1.424712e-01 1.360906e-01 1.053024e-01) (1.153027e-02 6.137665e-04 -7.397418e-04))
354           	((1.389686e-01 2.738576e+00 3.563403e+01) (-4.035251e-04 3.777222e-02 8.643055e-01)) ((-1.396879e-01 1.354525e-01 1.050212e-01) (1.154220e-02 5.986734e-04 -7.514610e-04))
355           	((1.335348e-01 2.757573e+00 3.564701e+01) (-4.203378e-04 3.798699e-02 8.644513e-01)) ((-1.380148e-01 1.347271e-01 1.043694e-01) (1.155778e-02 5.815128e-04 -7.551630e-04))
356           	((1.265453e-01 2.783117e+00 3.566052e+01) (-4.585674e-04 3.821777e-02 8.646400e-01)) ((-1.373543e-01 1.339781e-01 1.035070e-01) (1.155964e-02 5.596245e-04 -7.635595e-04))
357           	((1.189657e-01 2.813619e+00 3.567353e+01) (-5.320569e-04 3.851561e-02 8.648003e-01)) ((-1.375957e-01 1.333069e-01 1.024378e-01) (1.155763e-02 5.424075e-04 -7.687913e-04))
358           	((1.107924e-01 2.845589e+00 3.568721e+01) (-6.218087e-04 3.885000e-02 8.649594e-01)) ((-1.384444e-01 1.327290e-01 1.013672e-01) (1.154246e-02 5.168611e-04 -7.744896e-04))
359           	((1.016061e-01 2.877303e+00 3.570160e+01) (-7.584720e-04 3.920369e-02 8.650831e-01)) ((-1.398894e-01 1.323694e-01 1.002287e-01) (1.151434e-02 4.942404e-04 -7.843022e-04))
360           	((9.214884e-02 2.908652e+00 3.571694e+01) (-8.896234e-04 3.965688e-02 8.651731e-01)) ((-1.418826e-01 1.321520e-01 9.892456e-02) (1.148889e-02 4.679613e-04 -7.863107e-04))
361           	((8.260359e-02 2.940730e+00 3.573339e+01) (-1.031498e-03 4.007058e-02 8.652580e-01)) ((-1.444272e-01 1.321353e-01 9.737606e-02) (1.144154e-02 4.371984e-04 -7.985457e-04))
362           	((7.372919e-02 2.974581e+00 3.575040e+01) (-1.191141e-03 4.054193e-02 8.652973e-01)) ((-1.476097e-01 1.322959e-01 9.549037e-02) (1.139349e-02 4.100584e-04 -8.065258e-04))
363           	((6.498121e-02 3.011080e+00 3.576852e+01) (-1.324043e-03 4.098635e-02 8.653801e-01)) ((-1.514213e-01 1.325576e-01 9.331879e-02) (1.132971e-02 3.711860e-04 -8.179864e-04))
364           	((5.656283e-02 3.050684e+00 3.578632e+01) (-1.460469e-03 4.141449e-02 8.654094e-01)) ((-1.557600e-01 1.328502e-01 9.104930e-02) (1.125624e-02 3.395814e-04 -8.306083e-04))
365           	((4.928021e-02 3.092371e+00 3.580329e+01) (-1.554808e-03 4.185824e-02 8.654504e-01)) ((-1.603606e-01 1.330191e-01 8.888486e-02) (1.118608e-02 3.060934e-04 -8.354527e-04))
366           	((4.253484e-02 3.133329e+00 3.581967e+01) (-1.656632e-03 4.218150e-02 8.655172e-01)) ((-1.650567e-01 1.331185e-01 8.697458e-02) (1.110015e-02 2.739740e-04 -8.477656e-04))
367           	((3.613272e-02 3.170873e+00 3.583532e+01) (-1.746690e-03 4.252611e-02 8.655306e-01)) ((-1.697647e-01 1.331306e-01 8.533376e-02) (1.102353e-02 2.528106e-04 -8.504092e-04))
368           	((2.898946e-02 3.202216e+00 3.585055e+01) (-1.799976e-03 4.280441e-02 8.655930e-01)) ((-1.743002e-01 1.330606e-01 8.408597e-02) (1.094246e-02 2.259474e-04 -8.553102e-04))
369           	((2.139095e-02 3.224696e+00 3.586438e+01) (-1.850930e-03 4.302837e-02 8.656447e-01)) ((-1.785071e-01 1.330347e-01 8.315986e-02) (1.086352e-02 2.090335e-04 -8.615681e-04))
370           	((1.367231e-02 3.237396e+00 3.587653e+01) (-1.873045e-03 4.325311e-02 8.657046e-01)) ((-1.821820e-01 1.330156e-01 8.242773e-02) (1.079341e-02 1.935596e-04 -8.631263e-04))
371           	((4.895965e-03 3.239739e+00 3.588699e+01) (-1.864451e-03 4.338751e-02 8.658236e-01)) ((-1.852287e-01 1.331503e-01 8.172556e-02) (1.072388e-02 1.788028e-04 -8.725824e-04))
372           	((-4.320781e-03 3.232057e+00 3.589452e+01) (-1.841125e-03 4.354273e-02 8.658799e-01)) ((-1.875096e-01 1.332693e-01 8.113201e-02) (1.067444e-02 1.752756e-04 -8.767485e-04))
373           	((-1.391223e-02 3.215768e+00 3.589861e+01) (-1.780149e-03 4.361715e-02 8.659669e-01)) ((-1.889014e-01 1.331641e-01 8.076105e-02) (1.062875e-02 1.710433e-04 -8.876453e-04))
374           	((-2.355808e-02 3.191614e+00 3.589866e+01) (-1.725286e-03 4.362835e-02 8.660150e-01)) ((-1.894341e-01 1.327767e-01 8.050635e-02) (1.059569e-02 1.807111e-04 -9.015802e-04))
375           	((-3.332522e-02 3.160642e+00 3.589512e+01) (-1.656866e-03 4.363355e-02 8.660431e-01)) ((-1.892033e-01 1.319863e-01 8.043081e-02) (1.058232e-02 1.938442e-04 -9.102585e-04))
376           	((-4.393026e-02 3.123853e+00 3.588748e+01) (-1.592159e-03 4.357334e-02 8.660757e-01)) ((-1.881803e-01 1.309377e-01 8.059232e-02) (1.057881e-02 2.111750e-04 -9.244553e-04))
377           	((-5.455231e-02 3.081522e+00 3.587530e+01) (-1.532348e-03 4.352519e-02 8.660701e-01)) ((-1.863324e-01 1.296602e-01 8.107998e-02) (1.059763e-02 2.375450e-04 -9.326586e-04))
378           	((-6.507658e-02 3.034446e+00 3.585945e+01) (-1.482915e-03 4.340393e-02 8.660736e-01)) ((-1.837455e-01 1.283148e-01 8.185850e-02) (1.061751e-02 2.627755e-04 -9.467802e-04))
379           	((-7.514077e-02 2.983308e+00 3.584017e+01) (-1.437625e-03 4.327069e-02 8.660351e-01)) ((-1.806443e-01 1.270872e-01 8.281566e-02) (1.065303e-02 2.938987e-04 -9.597076e-04))
380           	((-8.389852e-02 2.929770e+00 3.581847e+01) (-1.390833e-03 4.313730e-02 8.659785e-01)) ((-1.771949e-01 1.259972e-01 8.398619e-02) (1.069800e-02 3.222166e-04 -9.698889e-04))
381           	((-9.100792e-02 2.876423e+00 3.579411e+01) (-1.346956e-03 4.295206e-02 8.659120e-01)) ((-1.737035e-01 1.252021e-01 8.531240e-02) (1.074658e-02 3.553392e-04 -9.849533e-04))
382           	((-9.586976e-02 2.825709e+00 3.576813e+01) (-1.298795e-03 4.278151e-02 8.658261e-01)) ((-1.706152e-01 1.245764e-01 8.669263e-02) (1.080902e-02 3.903369e-04 -9.917585e-04))
383           	((-9.860492e-02 2.780191e+00 3.574201e+01) (-1.267369e-03 4.253293e-02 8.657624e-01)) ((-1.684465e-01 1.242302e-01 8.806636e-02) (1.086481e-02 4.236665e-04 -1.003534e-03))
384           	((-9.877338e-02 2.742621e+00 3.571645e+01) (-1.233941e-03 4.232427e-02 8.656784e-01)) ((-1.674875e-01 1.242288e-01 8.946170e-02) (1.093662e-02 4.618014e-04 -1.008407e-03))
385           	((-9.629617e-02 2.715352e+00 3.569368e+01) (-1.201301e-03 4.208375e-02 8.656307e-01)) ((-1.676944e-01 1.245468e-01 9.088820e-02) (1.100041e-02 4.895543e-04 -1.016189e-03))
386           	((-9.179559e-02 2.699574e+00 3.567544e+01) (-1.209454e-03 4.179913e-02 8.655814e-01)) ((-1.690246e-01 1.252500e-01 9.217053e-02) (1.106274e-02 5.283727e-04 -1.026144e-03))
387           	((-8.539607e-02 2.696318e+00 3.566367e+01) (-1.174477e-03 4.158919e-02 8.655795e-01)) ((-1.712073e-01 1.262849e-01 9.328485e-02) (1.113581e-02 5.531605e-04 -1.026120e-03))
388           	((-7.728566e-02 2.706697e+00 3.565866e+01) (-1.161425e-03 4.133863e-02 8.656183e-01)) ((-1.738575e-01 1.276704e-01 9.419499e-02) (1.119364e-02 5.754865e-04 -1.031489e-03))
389           	((-6.704692e-02 2.730997e+00 3.565969e+01) (-1.160464e-03 4.116204e-02 8.656460e-01)) ((-1.767109e-01 1.292003e-01 9.485468e-02) (1.125591e-02 6.035721e-04 -1.029534e-03))
390           	((-5.557208e-02 2.768382e+00 3.566661e+01) (-1.159035e-03 4.097866e-02 8.657578e-01)) ((-1.794755e-01 1.307545e-01 9.532502e-02) (1.130602e-02 6.194903e-04 -1.029357e-03))
391           	((-4.384383e-02 2.816572e+00 3.567806e+01) (-1.175716e-03 4.082981e-02 8.658766e-01)) ((-1.819663e-01 1.323490e-01 9.553950e-02) (1.134888e-02 6.373967e-04 -1.028552e-03))
392           	((-3.234295e-02 2.874091e+00 3.569347e+01) (-1.176864e-03 4.076830e-02 8.660336e-01)) ((-1.839528e-01 1.338399e-01 9.558274e-02) (1.139274e-02 6.517898e-04 -1.021034e-03))
393           	((-2.156275e-02 2.938775e+00 3.571177e+01) (-1.186308e-03 4.070742e-02 8.662282e-01)) ((-1.852830e-01 1.352420e-01 9.552671e-02) (1.142155e-02 6.620687e-04 -1.019098e-03))
394           	((-1.166876e-02 3.007485e+00 3.573208e+01) (-1.213919e-03 4.071871e-02 8.664075e-01)) ((-1.860071e-01 1.365088e-01 9.540056e-02) (1.145079e-02 6.771133e-04 -1.010281e-03))
395           	((-3.508644e-03 3.076556e+00 3.575447e+01) (-1.232299e-03 4.073605e-02 8.666286e-01)) ((-1.862637e-01 1.375896e-01 9.532072e-02) (1.147034e-02 6.828240e-04 -1.004564e-03))
396           	((3.019816e-03 3.143517e+00 3.577740e+01) (-1.264898e-03 4.079025e-02 8.668496e-01)) ((-1.863037e-01 1.385436e-01 9.533210e-02) (1.148861e-02 6.917417e-04 -9.978059e-04))
397           	((8.488640e-03 3.206752e+00 3.580033e+01) (-1.295317e-03 4.088046e-02 8.671023e-01)) ((-1.862777e-01 1.392119e-01 9.550333e-02) (1.150702e-02 6.933177e-04 -9.867504e-04))
398           	((1.261973e-02 3.264565e+00 3.582253e+01) (-1.358722e-03 4.095171e-02 8.673855e-01)) ((-1.863315e-01 1.397116e-01 9.578709e-02) (1.151742e-02 6.924277e-04 -9.795364e-04))
399           	((1.588709e-02 3.316588e+00 3.584334e+01) (-1.416711e-03 4.108317e-02 8.676769e-01)) ((-1.865782e-01 1.400463e-01 9.601102e-02) (1.153596e-02 6.893541e-04 -9.640158e-04))
400           	((1.823715e-02 3.360274e+00 3.586253e+01) (-1.478718e-03 4.117413e-02 8.679584e-01)) ((-1.867720e-01 1.402727e-01 9.633405e-02) (1.154111e-02 6.779648e-04 -9.533813e-04))
401           	((2.058529e-02 3.396040e+00 3.587842e+01) (-1.561881e-03 4.130026e-02 8.681952e-01)) ((-1.869095e-01 1.403894e-01 9.671257e-02) (1.154485e-02 6.657348e-04 -9.406703e-04))
402           	((2.264535e-02 3.425551e+00 3.589167e+01) (-1.641452e-03 4.142457e-02 8.684274e-01)) ((-1.868945e-01 1.402326e-01 9.734849e-02) (1.153993e-02 6.430514e-04 -9.282734e-04))
403           	((2.403999e-02 3.448804e+00 3.590237e+01) (-1.756054e-03 4.151854e-02 8.686221e-01)) ((-1.867766e-01 1.398927e-01 9.806018e-02) (1.152501e-02 6.206787e-04 -9.196217e-04))
404           	((2.547532e-02 3.466197e+00 3.591051e+01) (-1.860506e-03 4.167248e-02 8.687780e-01)) ((-1.865355e-01 1.393152e-01 9.873037e-02) (1.151608e-02 5.909069e-04 -9.007021e-04))
405           	((2.710478e-02 3.478130e+00 3.591622e+01) (-1.978850e-03 4.173617e-02 8.689468e-01)) ((-1.862077e-01 1.386301e-01 9.927998e-02) (1.149102e-02 5.543813e-04 -8.904519e-04))
406           	((2.950910e-02 3.483886e+00 3.591934e+01) (-2.128476e-03 4.180156e-02 8.690581e-01)) ((-1.858774e-01 1.379184e-01 9.955185e-02) (1.146832e-02 5.243642e-04 -8.752504e-04))
407           	((3.200974e-02 3.483689e+00 3.592088e+01) (-2.239244e-03 4.181175e-02 8.692259e-01)) ((-1.855027e-01 1.372369e-01 9.955220e-02) (1.144198e-02 4.763738e-04 -8.608951e-04))
408           	((3.410637e-02 3.477248e+00 3.592034e+01) (-2.355591e-03 4.177883e-02 8.693696e-01)) ((-1.850455e-01 1.366520e-01 9.932877e-02) (1.141371e-02 4.346794e-04 -8.485315e-04))
409           	((3.631294e-02 3.465332e+00 3.591775e+01) (-2.435135e-03 4.175556e-02 8.694961e-01)) ((-1.844932e-01 1.360161e-01 9.897794e-02) (1.139240e-02 3.928328e-04 -8.305397e-04))
410           	((3.767770e-02 3.448875e+00 3.591351e+01) (-2.514632e-03 4.164820e-02 8.696079e-01)) ((-1.839398e-01 1.353592e-01 9.855214e-02) (1.136132e-02 3.553970e-04 -8.224017e-04))
411           	((3.852041e-02 3.429181e+00 3.590745e+01) (-2.563447e-03 4.157755e-02 8.696451e-01)) ((-1.834762e-01 1.345757e-01 9.801915e-02) (1.134286e-02 3.305190e-04 -8.095915e-04))
412           	((3.860219e-02 3.407525e+00 3.590038e+01) (-2.574732e-03 4.146879e-02 8.696879e-01)) ((-1.830385e-01 1.335689e-01 9.747179e-02) (1.131924e-02 3.005337e-04 -8.012388e-04))
413           	((3.830015e-02 3.385068e+00 3.589181e+01) (-2.560784e-03 4.133990e-02 8.696489e-01)) ((-1.825337e-01 1.323543e-01 9.691087e-02) (1.129788e-02 2.826120e-04 -7.975895e-04))
414           	((3.842633e-02 3.363112e+00 3.588194e+01) (-2.498470e-03 4.124619e-02 8.695563e-01)) ((-1.818413e-01 1.309200e-01 9.635963e-02) (1.128411e-02 2.653891e-04 -7.909924e-04))
415           	((3.838872e-02 3.340949e+00 3.587078e+01) (-2.433447e-03 4.109926e-02 8.694214e-01)) ((-1.808963e-01 1.293837e-01 9.590055e-02) (1.126433e-02 2.542504e-04 -7.920323e-04))
416           	((3.854130e-02 3.317684e+00 3.585781e+01) (-2.349754e-03 4.098879e-02 8.692009e-01)) ((-1.796494e-01 1.277794e-01 9.553576e-02) (1.125819e-02 2.511484e-04 -7.875807e-04))
417           	((3.830774e-02 3.292202e+00 3.584347e+01) (-2.248841e-03 4.082959e-02 8.689575e-01)) ((-1.780127e-01 1.261494e-01 9.531097e-02) (1.124807e-02 2.459696e-04 -7.903914e-04))
418           	((3.758135e-02 3.263980e+00 3.582718e+01) (-2.154996e-03 4.068689e-02 8.686270e-01)) ((-1.759251e-01 1.245857e-01 9.527306e-02) (1.124563e-02 2.520955e-04 -7.947662e-04))
419           	((3.677428e-02 3.234083e+00 3.580922e+01) (-2.042268e-03 4.057237e-02 8.682623e-01)) ((-1.733177e-01 1.230299e-01 9.557044e-02) (1.125001e-02 2.546813e-04 -7.974565e-04))
420           	((3.532969e-02 3.203154e+00 3.578991e+01) (-1.955903e-03 4.042614e-02 8.678526e-01)) ((-1.702693e-01 1.216142e-01 9.618322e-02) (1.124770e-02 2.654837e-04 -8.079819e-04))
421           	((3.336214e-02 3.172223e+00 3.576923e+01) (-1.849859e-03 4.035901e-02 8.673904e-01)) ((-1.668994e-01 1.203457e-01 9.704251e-02) (1.126065e-02 2.787832e-04 -8.088222e-04))
422           	((3.059580e-02 3.142187e+00 3.574781e+01) (-1.747710e-03 4.025263e-02 8.669256e-01)) ((-1.634457e-01 1.193295e-01 9.807945e-02) (1.126510e-02 2.880511e-04 -8.173210e-04))
423           	((2.766847e-02 3.114086e+00 3.572547e+01) (-1.641511e-03 4.016080e-02 8.664120e-01)) ((-1.603268e-01 1.186475e-01 9.916505e-02) (1.127586e-02 3.043675e-04 -8.251038e-04))
424           	((2.558479e-02 3.089803e+00 3.570303e+01) (-1.517576e-03 4.006099e-02 8.659257e-01)) ((-1.579171e-01 1.183380e-01 1.001792e-01) (1.128482e-02 3.141321e-04 -8.339004e-04))
425           	((2.482697e-02 3.069566e+00 3.568090e+01) (-1.400571e-03 3.992884e-02 8.654227e-01)) ((-1.565143e-01 1.185542e-01 1.010147e-01) (1.129037e-02 3.264263e-04 -8.474310e-04))
426           	((2.644448e-02 3.053716e+00 3.566029e+01) (-1.278416e-03 3.984212e-02 8.648981e-01)) ((-1.561680e-01 1.191725e-01 1.015649e-01) (1.130422e-02 3.367934e-04 -8.531664e-04))
427           	((3.011909e-02 3.042772e+00 3.564280e+01) (-1.166153e-03 3.969389e-02 8.644168e-01)) ((-1.567101e-01 1.202358e-01 1.018059e-01) (1.130598e-02 3.423202e-04 -8.665569e-04))
428           	((3.641785e-02 3.037519e+00 3.562925e+01) (-1.054345e-03 3.960815e-02 8.638937e-01)) ((-1.578502e-01 1.216617e-01 1.017309e-01) (1.131292e-02 3.540406e-04 -8.758090e-04))
429           	((4.492131e-02 3.039545e+00 3.562149e+01) (-9.437769e-04 3.950685e-02 8.634389e-01)) ((-1.591893e-01 1.233969e-01 1.013979e-01) (1.131012e-02 3.586422e-04 -8.889361e-04))
430           	((5.509857e-02 3.047642e+00 3.561986e+01) (-8.683704e-04 3.943215e-02 8.629671e-01)) ((-1.603459e-01 1.254802e-01 1.008515e-01) (1.129852e-02 3.659385e-04 -9.052700e-04))
431           	((6.616708e-02 3.061819e+00 3.562444e+01) (-7.856730e-04 3.944406e-02 8.625861e-01)) ((-1.609779e-01 1.276977e-01 1.000835e-01) (1.128845e-02 3.703530e-04 -9.139731e-04))
432           	((7.659165e-02 3.081289e+00 3.563435e+01) (-7.195437e-04 3.945499e-02 8.622515e-01)) ((-1.609221e-01 1.299807e-01 9.911130e-02) (1.126162e-02 3.756590e-04 -9.296141e-04))
433           	((8.579346e-02 3.101708e+00 3.564768e+01) (-6.356058e-04 3.958540e-02 8.618880e-01)) ((-1.599630e-01 1.321698e-01 9.826217e-02) (1.123444e-02 3.847095e-04 -9.400013e-04))
434           	((9.324904e-02 3.122939e+00 3.566309e+01) (-5.440190e-04 3.972543e-02 8.615950e-01)) ((-1.582163e-01 1.341522e-01 9.765530e-02) (1.119276e-02 3.890394e-04 -9.565282e-04))
435           	((9.858768e-02 3.143761e+00 3.567918e+01) (-4.834508e-04 3.990524e-02 8.612873e-01)) ((-1.559756e-01 1.358827e-01 9.723537e-02) (1.114255e-02 4.031472e-04 -9.768266e-04))
436           	((1.011801e-01 3.163977e+00 3.569586e+01) (-3.796156e-04 4.018635e-02 8.610377e-01)) ((-1.535401e-01 1.373038e-01 9.704741e-02) (1.109619e-02 4.088158e-04 -9.929007e-04))
437           	((1.004410e-01 3.182922e+00 3.571265e+01) (-3.019408e-04 4.046409e-02 8.608179e-01)) ((-1.511947e-01 1.384911e-01 9.705059e-02) (1.103739e-02 4.160981e-04 -1.016238e-03))
438           	((9.669346e-02 3.199609e+00 3.572946e+01) (-2.333320e-04 4.080171e-02 8.606092e-01)) ((-1.492741e-01 1.393778e-01 9.718634e-02) (1.098338e-02 4.280596e-04 -1.033559e-03))
439           	((8.995605e-02 3.214265e+00 3.574635e+01) (-1.610008e-04 4.112007e-02 8.604842e-01)) ((-1.479726e-01 1.399579e-01 9.738588e-02) (1.092034e-02 4.311847e-04 -1.056091e-03))
440           	((8.099417e-02 3.227316e+00 3.576188e+01) (-1.171462e-04 4.147656e-02 8.603773e-01)) ((-1.474122e-01 1.401579e-01 9.753553e-02) (1.086268e-02 4.418263e-04 -1.075889e-03))
441           	((7.070146e-02 3.239854e+00 3.577606e+01) (-7.539238e-05 4.184418e-02 8.603479e-01)) ((-1.475609e-01 1.398688e-01 9.756677e-02) (1.080300e-02 4.464520e-04 -1.093381e-03))
442           	((5.975522e-02 3.252641e+00 3.578791e+01) (-7.167874e-05 4.219063e-02 8.603461e-01)) ((-1.484565e-01 1.392448e-01 9.732876e-02) (1.073891e-02 4.546414e-04 -1.114343e-03))
443           	((4.930234e-02 3.266546e+00 3.579762e+01) (-6.596635e-05 4.259139e-02 8.603732e-01)) ((-1.501363e-01 1.382804e-01 9.669504e-02) (1.068609e-02 4.630233e-04 -1.127586e-03))
444           	((3.900332e-02 3.280820e+00 3.580587e+01) (-6.812391e-05 4.291759e-02 8.604739e-01)) ((-1.526222e-01 1.371438e-01 9.558024e-02) (1.062505e-02 4.692084e-04 -1.147267e-03))
445           	((2.973215e-02 3.295753e+00 3.581260e+01) (-7.873067e-05 4.326428e-02 8.605645e-01)) ((-1.558277e-01 1.358268e-01 9.415703e-02) (1.057354e-02 4.823916e-04 -1.160398e-03))
446           	((2.144633e-02 3.310750e+00 3.581856e+01) (-7.954743e-05 4.353310e-02 8.607584e-01)) ((-1.595100e-01 1.342685e-01 9.261213e-02) (1.051923e-02 4.909551e-04 -1.175412e-03))
447           	((1.377078e-02 3.322844e+00 3.582373e+01) (-1.126413e-04 4.371589e-02 8.609983e-01)) ((-1.634764e-01 1.325352e-01 9.088597e-02) (1.046755e-02 5.092937e-04 -1.190481e-03))
448           	((6.322259e-03 3.330556e+00 3.582829e+01) (-1.274088e-04 4.389307e-02 8.613149e-01)) ((-1.674734e-01 1.305742e-01 8.902032e-02) (1.043223e-02 5.233532e-04 -1.193652e-03))
449           	((-1.252568e-03 3.332461e+00 3.583158e+01) (-1.606365e-04 4.393502e-02 8.617185e-01)) ((-1.712657e-01 1.284724e-01 8.702642e-02) (1.039508e-02 5.394570e-04 -1.200548e-03))
450           	((-8.314387e-03 3.327479e+00 3.583249e+01) (-1.868005e-04 4.395361e-02 8.621388e-01)) ((-1.747446e-01 1.262162e-01 8.488359e-02) (1.037517e-02 5.642170e-04 -1.197188e-03))
451           	((-1.523327e-02 3.315507e+00 3.583100e+01) (-1.962127e-04 4.387218e-02 8.626386e-01)) ((-1.779049e-01 1.238413e-01 8.267019e-02) (1.035605e-02 5.823273e-04 -1.195241e-03))
452           	((-2.220913e-02 3.296142e+00 3.582654e+01) (-2.055979e-04 4.374814e-02 8.631440e-01)) ((-1.808365e-01 1.215159e-01 8.044424e-02) (1.034910e-02 6.070269e-04 -1.190499e-03))
453           	((-2.849073e-02 3.270044e+00 3.581965e+01) (-1.797032e-04 4.362582e-02 8.636563e-01)) ((-1.834691e-01 1.192583e-01 7.834858e-02) (1.035492e-02 6.284790e-04 -1.176902e-03))
454           	((-3.325931e-02 3.237409e+00 3.580959e+01) (-1.526168e-04 4.343451e-02 8.641561e-01)) ((-1.856644e-01 1.171558e-01 7.651554e-02) (1.036366e-02 6.547418e-04 -1.167318e-03))
455           	((-3.529723e-02 3.199071e+00 3.579618e+01) (-1.055919e-04 4.325883e-02 8.646109e-01)) ((-1.873439e-01 1.151932e-01 7.502504e-02) (1.039238e-02 6.851433e-04 -1.149420e-03))
456           	((-3.456915e-02 3.156027e+00 3.578070e+01) (-6.591741e-05 4.298489e-02 8.650422e-01)) ((-1.885771e-01 1.134536e-01 7.381004e-02) (1.041874e-02 7.161316e-04 -1.136183e-03))
457           	((-3.047792e-02 3.110280e+00 3.576328e+01) (-6.602170e-06 4.272012e-02 8.653838e-01)) ((-1.894834e-01 1.120947e-01 7.266031e-02) (1.046179e-02 7.528265e-04 -1.119173e-03))
458           	((-2.275738e-02 3.064677e+00 3.574516e+01) (6.026070e-05 4.243940e-02 8.656969e-01)) ((-1.901586e-01 1.111371e-01 7.158922e-02) (1.051120e-02 7.855676e-04 -1.099625e-03))
459           	((-1.160429e-02 3.020584e+00 3.572719e+01) (1.064072e-04 4.210554e-02 8.659235e-01)) ((-1.907256e-01 1.108138e-01 7.053514e-02) (1.055914e-02 8.241605e-04 -1.086816e-03))
460           	((3.154421e-03 2.979774e+00 3.571068e+01) (1.780940e-04 4.182991e-02 8.660963e-01)) ((-1.911080e-01 1.111270e-01 6.947941e-02) (1.062221e-02 8.620947e-04 -1.069249e-03))
461           	((2.035547e-02 2.942763e+00 3.569651e+01) (2.518871e-04 4.148568e-02 8.662348e-01)) ((-1.912157e-01 1.121572e-01 6.851893e-02) (1.067773e-02 8.967642e-04 -1.059271e-03))
462           	((3.937028e-02 2.909251e+00 3.568382e+01) (3.252882e-04 4.120931e-02 8.662569e-01)) ((-1.909659e-01 1.137445e-01 6.781848e-02) (1.074258e-02 9.396883e-04 -1.045825e-03))
463           	((5.848593e-02 2.878996e+00 3.567232e+01) (4.215657e-04 4.091099e-02 8.662572e-01)) ((-1.902534e-01 1.156782e-01 6.763832e-02) (1.080081e-02 9.746880e-04 -1.035744e-03))
464           	((7.579624e-02 2.851043e+00 3.566112e+01) (5.094380e-04 4.059860e-02 8.661771e-01)) ((-1.892455e-01 1.179068e-01 6.805621e-02) (1.085504e-02 1.019073e-03 -1.027985e-03))
465           	((9.043117e-02 2.826062e+00 3.565010e+01) (6.178017e-04 4.037014e-02 8.660446e-01)) ((-1.880990e-01 1.202163e-01 6.908506e-02) (1.091793e-02 1.058778e-03 -1.011111e-03))
466           	((1.021487e-01 2.805299e+00 3.563867e+01) (7.235893e-04 4.007963e-02 8.658970e-01)) ((-1.870180e-01 1.226255e-01 7.066551e-02) (1.096974e-02 1.093632e-03 -1.002582e-03))
467           	((1.124693e-01 2.789088e+00 3.562631e+01) (8.277014e-04 3.985615e-02 8.656591e-01)) ((-1.861312e-01 1.250360e-01 7.264103e-02) (1.102468e-02 1.132392e-03 -9.903658e-04))
468           	((1.218359e-01 2.777762e+00 3.561493e+01) (9.379718e-04 3.959480e-02 8.654214e-01)) ((-1.854790e-01 1.274345e-01 7.492017e-02) (1.106556e-02 1.166038e-03 -9.846011e-04))
469           	((1.302327e-01 2.771234e+00 3.560572e+01) (1.055071e-03 3.935617e-02 8.651394e-01)) ((-1.850289e-01 1.299785e-01 7.740481e-02) (1.110129e-02 1.196075e-03 -9.817309e-04))
470           	((1.383828e-01 2.770119e+00 3.560026e+01) (1.187957e-03 3.918551e-02 8.648354e-01)) ((-1.845236e-01 1.325920e-01 8.011531e-02) (1.113597e-02 1.222514e-03 -9.764632e-04))
471           	((1.464724e-01 2.775655e+00 3.559914e+01) (1.308465e-03 3.899582e-02 8.645219e-01)) ((-1.836747e-01 1.352441e-01 8.299453e-02) (1.115561e-02 1.246684e-03 -9.801997e-04))
472           	((1.546303e-01 2.785205e+00 3.560359e+01) (1.422254e-03 3.887502e-02 8.641385e-01)) ((-1.820650e-01 1.377799e-01 8.611939e-02) (1.117311e-02 1.271759e-03 -9.809076e-04))
473           	((1.621046e-01 2.798228e+00 3.561495e+01) (1.557410e-03 3.876888e-02 8.637682e-01)) ((-1.795018e-01 1.401014e-01 8.937690e-02) (1.117789e-02 1.290519e-03 -9.882074e-04))
474           	((1.681067e-01 2.813623e+00 3.563236e+01) (1.700644e-03 3.873541e-02 8.633819e-01)) ((-1.758624e-01 1.422430e-01 9.269333e-02) (1.117961e-02 1.312257e-03 -9.987154e-04))
475           	((1.720669e-01 2.830273e+00 3.565453e+01) (1.859916e-03 3.876483e-02 8.630446e-01)) ((-1.712197e-01 1.440951e-01 9.606068e-02) (1.117776e-02 1.325637e-03 -1.009836e-03))
476           	((1.727423e-01 2.846903e+00 3.567870e+01) (2.008445e-03 3.878734e-02 8.627247e-01)) ((-1.658956e-01 1.457043e-01 9.939156e-02) (1.116152e-02 1.340514e-03 -1.029148e-03))
477           	((1.696297e-01 2.863897e+00 3.570226e+01) (2.172818e-03 3.890332e-02 8.624415e-01)) ((-1.605052e-01 1.469909e-01 1.025324e-01) (1.115086e-02 1.351243e-03 -1.042332e-03))
478           	((1.630094e-01 2.883136e+00 3.572315e+01) (2.338537e-03 3.899968e-02 8.622043e-01)) ((-1.555723e-01 1.480261e-01 1.054487e-01) (1.112823e-02 1.355833e-03 -1.061889e-03))
479           	((1.542834e-01 2.906060e+00 3.573965e+01) (2.500719e-03 3.915254e-02 8.619490e-01)) ((-1.515356e-01 1.489212e-01 1.081554e-01) (1.110887e-02 1.360275e-03 -1.079012e-03))
480           	((1.439135e-01 2.933828e+00 3.575309e+01) (2.669776e-03 3.931165e-02 8.617571e-01)) ((-1.486218e-01 1.496593e-01 1.107340e-01) (1.108374e-02 1.354995e-03 -1.099448e-03))
481           	((1.320594e-01 2.967140e+00 3.576466e+01) (2.818705e-03 3.946956e-02 8.615362e-01)) ((-1.470048e-01 1.503538e-01 1.131189e-01) (1.105091e-02 1.352807e-03 -1.124571e-03))
482           	((1.196757e-01 3.006808e+00 3.577568e+01) (2.976573e-03 3.972299e-02 8.613277e-01)) ((-1.466825e-01 1.509548e-01 1.152504e-01) (1.102887e-02 1.346352e-03 -1.139803e-03))
483           	((1.069394e-01 3.052820e+00 3.578667e+01) (3.111728e-03 3.993197e-02 8.611774e-01)) ((-1.475796e-01 1.515249e-01 1.170120e-01) (1.099484e-02 1.333759e-03 -1.164025e-03))
484           	((9.455233e-02 3.104585e+00 3.579736e+01) (3.215322e-03 4.019037e-02 8.610431e-01)) ((-1.496118e-01 1.520049e-01 1.182434e-01) (1.096924e-02 1.327373e-03 -1.182628e-03))
485           	((8.117904e-02 3.160918e+00 3.580847e+01) (3.317833e-03 4.041734e-02 8.610197e-01)) ((-1.526249e-01 1.523728e-01 1.188671e-01) (1.093732e-02 1.308200e-03 -1.204677e-03))
486           	((6.730946e-02 3.220134e+00 3.581852e+01) (3.391238e-03 4.064389e-02 8.610021e-01)) ((-1.563919e-01 1.525979e-01 1.188555e-01) (1.090709e-02 1.295596e-03 -1.225015e-03))
487           	((5.335255e-02 3.281190e+00 3.582682e+01) (3.449004e-03 4.088743e-02 8.610580e-01)) ((-1.606775e-01 1.525042e-01 1.184839e-01) (1.088450e-02 1.278788e-03 -1.236767e-03))
488           	((3.907618e-02 3.342341e+00 3.583307e+01) (3.476677e-03 4.105420e-02 8.611894e-01)) ((-1.653548e-01 1.520363e-01 1.177526e-01) (1.085296e-02 1.262412e-03 -1.253171e-03))
489           	((2.544899e-02 3.400604e+00 3.583691e+01) (3.474873e-03 4.124215e-02 8.613300e-01)) ((-1.703313e-01 1.511587e-01 1.165351e-01) (1.083203e-02 1.252811e-03 -1.258115e-03))
490           	((1.223351e-02 3.453894e+00 3.583847e+01) (3.476950e-03 4.135533e-02 8.615652e-01)) ((-1.753622e-01 1.499425e-01 1.148717e-01) (1.080706e-02 1.233171e-03 -1.262574e-03))
491           	((-9.004811e-04 3.499278e+00 3.583693e+01) (3.441996e-03 4.141751e-02 8.617871e-01)) ((-1.803126e-01 1.484945e-01 1.128880e-01) (1.078279e-02 1.216610e-03 -1.262367e-03))
492           	((-1.442323e-02 3.535297e+00 3.583270e+01) (3.392132e-03 4.146053e-02 8.620559e-01)) ((-1.849972e-01 1.468132e-01 1.107007e-01) (1.076338e-02 1.195352e-03 -1.254133e-03))
493           	((-2.907822e-02 3.561385e+00 3.582607e+01) (3.321954e-03 4.142915e-02 8.623615e-01)) ((-1.893707e-01 1.451666e-01 1.083649e-01) (1.073923e-02 1.173106e-03 -1.246037e-03))
494           	((-4.395909e-02 3.578268e+00 3.581691e+01) (3.259127e-03 4.143511e-02 8.626032e-01)) ((-1.933989e-01 1.435769e-01 1.061064e-01) (1.072540e-02 1.153456e-03 -1.226906e-03))
495           	((-5.887837e-02 3.587285e+00 3.580563e+01) (3.193570e-03 4.136791e-02 8.628414e-01)) ((-1.969975e-01 1.420872e-01 1.041387e-01) (1.070496e-02 1.128263e-03 -1.210602e-03))
496           	((-7.328898e-02 3.589026e+00 3.579294e+01) (3.109516e-03 4.129361e-02 8.629986e-01)) ((-2.002703e-01 1.408275e-01 1.024740e-01) (1.068999e-02 1.111747e-03 -1.190770e-03))
497           	((-8.723979e-02 3.583827e+00 3.578017e+01) (3.031986e-03 4.123428e-02 8.631197e-01)) ((-2.032784e-01 1.398069e-01 1.011835e-01) (1.067761e-02 1.090311e-03 -1.169818e-03))
498           	((-1.003117e-01 3.572294e+00 3.576674e+01) (2.945352e-03 4.113987e-02 8.631727e-01)) ((-2.060480e-01 1.392023e-01 1.001901e-01) (1.066423e-02 1.072056e-03 -1.152186e-03))
499           	((-1.110482e-01 3.556283e+00 3.575268e+01) (2.869153e-03 4.109679e-02 8.631488e-01)) ((-2.085768e-01 1.388754e-01 9.932258e-02) (1.066196e-02 1.056058e-03 -1.129962e-03))
500           	((-1.199514e-01 3.537747e+00 3.573820e+01) (2.775717e-03 4.100555e-02 8.631075e-01)) ((-2.109574e-01 1.388699e-01 9.842339e-02) (1.065132e-02 1.038110e-03 -1.117669e-03))
