# Forces      
# CofR        : (2.875000e-01 1.270000e-01 2.286000e-01)
# Time        forces(pressure viscous)	moments(pressure viscous)
0             	((0.000000e+00 0.000000e+00 0.000000e+00) (-1.917478e-03 -2.652018e-03 8.488471e-01)) ((0.000000e+00 0.000000e+00 0.000000e+00) (1.889718e-02 5.258370e-04 2.513889e-04))
1             	((-1.711434e-01 -1.470192e-01 1.589325e+01) (-1.624105e-03 -6.169593e-03 9.067947e-01)) ((1.197676e-01 -3.313491e-02 -2.831508e-02) (2.043790e-02 5.423173e-04 2.047506e-04))
2             	((-3.583422e-01 5.270649e-01 3.499724e+01) (-1.409906e-03 -6.528486e-03 9.295175e-01)) ((2.278476e-01 -9.398971e-02 -3.425645e-02) (2.110403e-02 5.469357e-04 2.575018e-04))
3             	((-5.018005e-01 9.421189e-01 4.525011e+01) (-8.095973e-04 -5.667627e-03 9.150475e-01)) ((2.539868e-01 -1.208031e-01 -2.354019e-02) (2.100159e-02 6.685150e-04 2.357533e-04))
4             	((-5.533065e-01 1.222981e+00 4.599350e+01) (-4.798348e-04 -4.245228e-03 8.810333e-01)) ((1.807850e-01 -1.074998e-01 4.435434e-03) (2.058008e-02 8.558968e-04 1.413045e-04))
5             	((-5.280253e-01 1.248822e+00 3.965834e+01) (4.437953e-04 -3.152584e-03 8.418668e-01)) ((5.342907e-02 -6.374479e-02 2.890217e-02) (2.003491e-02 1.096410e-03 1.054538e-04))
6             	((-4.619423e-01 1.070833e+00 3.045359e+01) (7.650732e-04 -2.895639e-03 8.055239e-01)) ((-7.011222e-02 -1.554168e-02 3.691016e-02) (1.961048e-02 1.504710e-03 5.783280e-05))
7             	((-3.896178e-01 9.356593e-01 2.275096e+01) (8.415529e-04 -2.683554e-03 7.788834e-01)) ((-1.504027e-01 1.654103e-02 2.708696e-02) (1.931777e-02 1.567002e-03 -3.558072e-05))
8             	((-3.513979e-01 1.118023e+00 1.887719e+01) (7.005216e-04 -1.360223e-03 7.618701e-01)) ((-1.849517e-01 2.313439e-02 1.514364e-02) (1.912979e-02 1.546689e-03 -8.609114e-05))
9             	((-3.612898e-01 1.607782e+00 1.854342e+01) (1.133765e-03 -3.174492e-04 7.492219e-01)) ((-1.876929e-01 9.885305e-03 8.844022e-03) (1.908489e-02 1.461506e-03 -2.307523e-04))
10            	((-3.956258e-01 2.337433e+00 2.061414e+01) (1.003098e-03 7.043373e-04 7.396529e-01)) ((-1.785085e-01 -1.329201e-02 9.750474e-03) (1.898137e-02 1.276614e-03 -2.961069e-04))
11            	((-4.249111e-01 3.128365e+00 2.351784e+01) (1.013119e-03 1.562979e-03 7.300731e-01)) ((-1.727828e-01 -3.474394e-02 1.429556e-02) (1.879417e-02 1.075642e-03 -3.253925e-04))
12            	((-4.257923e-01 3.798839e+00 2.563679e+01) (8.822029e-04 2.517214e-03 7.194515e-01)) ((-1.683625e-01 -4.700469e-02 2.008538e-02) (1.859371e-02 9.679674e-04 -3.378227e-04))
13            	((-3.934926e-01 4.224362e+00 2.617381e+01) (8.657990e-04 3.379084e-03 7.072966e-01)) ((-1.622664e-01 -5.129235e-02 2.319161e-02) (1.830202e-02 9.105687e-04 -3.285179e-04))
14            	((-3.608831e-01 4.408637e+00 2.535411e+01) (8.156013e-04 3.883636e-03 6.938932e-01)) ((-1.568080e-01 -4.948960e-02 2.478063e-02) (1.795968e-02 9.194163e-04 -3.143231e-04))
15            	((-3.508800e-01 4.441060e+00 2.376582e+01) (8.003022e-04 4.097004e-03 6.803022e-01)) ((-1.493920e-01 -4.273376e-02 2.663413e-02) (1.759019e-02 9.993246e-04 -3.132049e-04))
16            	((-3.690598e-01 4.389260e+00 2.202053e+01) (9.120366e-04 4.290390e-03 6.669269e-01)) ((-1.454150e-01 -3.318884e-02 2.881819e-02) (1.715870e-02 1.123198e-03 -3.276344e-04))
17            	((-4.078947e-01 4.320341e+00 2.068352e+01) (1.010020e-03 4.450298e-03 6.541242e-01)) ((-1.502015e-01 -2.487213e-02 3.211334e-02) (1.673392e-02 1.230039e-03 -3.471737e-04))
18            	((-4.402716e-01 4.276516e+00 1.998373e+01) (1.198252e-03 4.720134e-03 6.416902e-01)) ((-1.613320e-01 -1.954715e-02 3.669054e-02) (1.628767e-02 1.295899e-03 -3.766462e-04))
19            	((-4.430697e-01 4.254635e+00 1.982922e+01) (1.519066e-03 4.953049e-03 6.296266e-01)) ((-1.731215e-01 -1.645412e-02 4.252957e-02) (1.583755e-02 1.333594e-03 -4.331262e-04))
20            	((-4.076305e-01 4.247376e+00 2.002158e+01) (1.783571e-03 5.152069e-03 6.180818e-01)) ((-1.794397e-01 -1.508120e-02 4.806870e-02) (1.540773e-02 1.357256e-03 -4.820747e-04))
21            	((-3.391174e-01 4.257135e+00 2.032764e+01) (1.943883e-03 5.350152e-03 6.072061e-01)) ((-1.757757e-01 -1.463014e-02 5.191455e-02) (1.500791e-02 1.363074e-03 -5.201658e-04))
22            	((-2.595775e-01 4.288667e+00 2.052407e+01) (1.963106e-03 5.522333e-03 5.968397e-01)) ((-1.624683e-01 -1.354427e-02 5.333010e-02) (1.462078e-02 1.363059e-03 -5.313798e-04))
23            	((-1.937796e-01 4.329599e+00 2.048663e+01) (1.880251e-03 5.676719e-03 5.870529e-01)) ((-1.452778e-01 -1.051994e-02 5.298604e-02) (1.424050e-02 1.356038e-03 -5.221354e-04))
24            	((-1.522833e-01 4.367924e+00 2.023052e+01) (1.747106e-03 5.908125e-03 5.776077e-01)) ((-1.294086e-01 -6.341820e-03 5.206857e-02) (1.385664e-02 1.350854e-03 -5.040266e-04))
25            	((-1.330447e-01 4.390443e+00 1.983138e+01) (1.649311e-03 6.179310e-03 5.684167e-01)) ((-1.173887e-01 -1.313586e-03 5.133915e-02) (1.346860e-02 1.356764e-03 -4.835359e-04))
26            	((-1.307712e-01 4.379141e+00 1.937022e+01) (1.625347e-03 6.482399e-03 5.593452e-01)) ((-1.102115e-01 3.674638e-03 5.163982e-02) (1.307231e-02 1.357567e-03 -4.640099e-04))
27            	((-1.419866e-01 4.320241e+00 1.893110e+01) (1.652769e-03 6.719984e-03 5.504525e-01)) ((-1.076080e-01 8.052272e-03 5.388964e-02) (1.268496e-02 1.352010e-03 -4.466805e-04))
28            	((-1.571614e-01 4.209410e+00 1.857771e+01) (1.706289e-03 6.974443e-03 5.419023e-01)) ((-1.066440e-01 1.064799e-02 5.706925e-02) (1.231816e-02 1.336940e-03 -4.417666e-04))
29            	((-1.689109e-01 4.056849e+00 1.833303e+01) (1.761685e-03 7.170672e-03 5.337815e-01)) ((-1.042051e-01 1.164947e-02 6.055886e-02) (1.195429e-02 1.321056e-03 -4.366815e-04))
30            	((-1.733921e-01 3.875717e+00 1.818353e+01) (1.817592e-03 7.387276e-03 5.261803e-01)) ((-9.766784e-02 1.232773e-02 6.360941e-02) (1.160151e-02 1.317415e-03 -4.232133e-04))
31            	((-1.692479e-01 3.679933e+00 1.809650e+01) (1.838360e-03 7.675652e-03 5.191030e-01)) ((-8.584012e-02 1.429572e-02 6.567374e-02) (1.126691e-02 1.335782e-03 -3.999522e-04))
32            	((-1.585156e-01 3.490676e+00 1.803321e+01) (1.850012e-03 8.038123e-03 5.125242e-01)) ((-6.982013e-02 1.807222e-02 6.654647e-02) (1.095009e-02 1.361376e-03 -3.652079e-04))
33            	((-1.420259e-01 3.325686e+00 1.795672e+01) (1.876799e-03 8.444977e-03 5.063216e-01)) ((-5.185353e-02 2.353229e-02 6.661820e-02) (1.063961e-02 1.386109e-03 -3.185867e-04))
34            	((-1.207602e-01 3.190608e+00 1.784322e+01) (1.923868e-03 8.902207e-03 5.003180e-01)) ((-3.427212e-02 2.993522e-02 6.608518e-02) (1.033450e-02 1.406316e-03 -2.708097e-04))
35            	((-9.565220e-02 3.082636e+00 1.768775e+01) (1.975432e-03 9.326139e-03 4.946278e-01)) ((-1.898637e-02 3.648106e-02 6.482040e-02) (1.004192e-02 1.432030e-03 -2.290815e-04))
36            	((-7.085923e-02 2.990442e+00 1.749812e+01) (2.016092e-03 9.698714e-03 4.891698e-01)) ((-6.627248e-03 4.248612e-02 6.287254e-02) (9.752068e-03 1.447053e-03 -1.993841e-04))
37            	((-4.963453e-02 2.900813e+00 1.728935e+01) (2.050358e-03 1.007511e-02 4.838629e-01)) ((3.092078e-03 4.759684e-02 6.059666e-02) (9.460000e-03 1.452647e-03 -1.765507e-04))
38            	((-3.337182e-02 2.803225e+00 1.707925e+01) (2.064540e-03 1.045693e-02 4.787044e-01)) ((1.046817e-02 5.147800e-02 5.860923e-02) (9.168154e-03 1.446970e-03 -1.568376e-04))
39            	((-2.147853e-02 2.688780e+00 1.688528e+01) (2.054067e-03 1.081073e-02 4.740077e-01)) ((1.585439e-02 5.389868e-02 5.686997e-02) (8.896191e-03 1.430305e-03 -1.360397e-04))
40            	((-1.043119e-02 2.557143e+00 1.671559e+01) (2.001598e-03 1.112007e-02 4.694954e-01)) ((2.050327e-02 5.499821e-02 5.504660e-02) (8.648870e-03 1.397220e-03 -1.150343e-04))
41            	((3.337559e-04 2.427783e+00 1.656648e+01) (1.913644e-03 1.139168e-02 4.652114e-01)) ((2.450877e-02 5.550182e-02 5.305340e-02) (8.425296e-03 1.358999e-03 -9.842675e-05))
42            	((1.164962e-02 2.320665e+00 1.643136e+01) (1.841732e-03 1.166151e-02 4.611890e-01)) ((2.747735e-02 5.646436e-02 5.071178e-02) (8.219521e-03 1.332119e-03 -8.366310e-05))
43            	((2.287168e-02 2.249858e+00 1.630210e+01) (1.739515e-03 1.195156e-02 4.574028e-01)) ((2.880950e-02 5.861487e-02 4.776114e-02) (8.020903e-03 1.300981e-03 -6.907873e-05))
44            	((3.109041e-02 2.220249e+00 1.617218e+01) (1.659035e-03 1.224283e-02 4.538765e-01)) ((2.793908e-02 6.181647e-02 4.422903e-02) (7.829711e-03 1.261972e-03 -5.840637e-05))
45            	((3.701562e-02 2.229728e+00 1.603924e+01) (1.588283e-03 1.255981e-02 4.505885e-01)) ((2.484503e-02 6.551344e-02 4.007799e-02) (7.641262e-03 1.218779e-03 -5.650524e-05))
46            	((4.240179e-02 2.269450e+00 1.590420e+01) (1.551687e-03 1.289635e-02 4.475049e-01)) ((1.993530e-02 6.917715e-02 3.547349e-02) (7.453973e-03 1.172208e-03 -6.254499e-05))
47            	((5.008972e-02 2.327576e+00 1.576958e+01) (1.549791e-03 1.324538e-02 4.446109e-01)) ((1.387211e-02 7.245123e-02 3.062515e-02) (7.267772e-03 1.132020e-03 -7.833833e-05))
48            	((6.061187e-02 2.391317e+00 1.563868e+01) (1.559421e-03 1.359067e-02 4.418821e-01)) ((7.509115e-03 7.519246e-02 2.592654e-02) (7.084183e-03 1.099979e-03 -9.907634e-05))
49            	((7.350289e-02 2.448356e+00 1.551446e+01) (1.578834e-03 1.392326e-02 4.393004e-01)) ((1.538768e-03 7.750489e-02 2.186808e-02) (6.902860e-03 1.078964e-03 -1.255111e-04))
50            	((8.726928e-02 2.491161e+00 1.539867e+01) (1.610223e-03 1.425796e-02 4.368685e-01)) ((-3.861213e-03 7.944456e-02 1.874859e-02) (6.720950e-03 1.078047e-03 -1.566351e-04))
51            	((9.997348e-02 2.517722e+00 1.529217e+01) (1.656586e-03 1.455347e-02 4.345876e-01)) ((-8.696532e-03 8.116790e-02 1.648185e-02) (6.544140e-03 1.095016e-03 -1.913923e-04))
52            	((1.095218e-01 2.528135e+00 1.519506e+01) (1.713488e-03 1.480793e-02 4.324735e-01)) ((-1.290243e-02 8.274487e-02 1.474690e-02) (6.374746e-03 1.123751e-03 -2.261541e-04))
53            	((1.149007e-01 2.524569e+00 1.510651e+01) (1.787581e-03 1.502973e-02 4.304772e-01)) ((-1.656597e-02 8.437546e-02 1.319913e-02) (6.213791e-03 1.159710e-03 -2.530299e-04))
54            	((1.153777e-01 2.509836e+00 1.502572e+01) (1.887631e-03 1.523295e-02 4.285845e-01)) ((-1.990453e-02 8.600170e-02 1.177768e-02) (6.057821e-03 1.197368e-03 -2.720029e-04))
55            	((1.119630e-01 2.487336e+00 1.495186e+01) (2.033956e-03 1.540465e-02 4.268034e-01)) ((-2.307235e-02 8.766183e-02 1.046599e-02) (5.909091e-03 1.234637e-03 -2.844557e-04))
56            	((1.055242e-01 2.459355e+00 1.488301e+01) (2.196683e-03 1.554997e-02 4.251352e-01)) ((-2.593923e-02 8.946484e-02 9.483030e-03) (5.766355e-03 1.268374e-03 -2.922419e-04))
57            	((9.835635e-02 2.426468e+00 1.481762e+01) (2.383673e-03 1.565991e-02 4.235516e-01)) ((-2.833016e-02 9.150955e-02 8.952608e-03) (5.631846e-03 1.297440e-03 -2.941955e-04))
58            	((9.176462e-02 2.386696e+00 1.475458e+01) (2.588573e-03 1.573225e-02 4.220142e-01)) ((-3.019130e-02 9.368204e-02 8.923842e-03) (5.506067e-03 1.322929e-03 -2.918042e-04))
59            	((8.556717e-02 2.338252e+00 1.469371e+01) (2.788545e-03 1.576279e-02 4.205447e-01)) ((-3.139385e-02 9.583417e-02 9.369373e-03) (5.387897e-03 1.344741e-03 -2.878171e-04))
60            	((8.009866e-02 2.279871e+00 1.463538e+01) (2.976234e-03 1.573996e-02 4.191396e-01)) ((-3.171856e-02 9.801742e-02 1.018817e-02) (5.276929e-03 1.366281e-03 -2.851807e-04))
61            	((7.593604e-02 2.211168e+00 1.457974e+01) (3.164931e-03 1.567301e-02 4.177687e-01)) ((-3.109264e-02 1.003765e-01 1.119933e-02) (5.174585e-03 1.389265e-03 -2.827110e-04))
62            	((7.358588e-02 2.131483e+00 1.452669e+01) (3.368819e-03 1.557470e-02 4.164413e-01)) ((-2.942595e-02 1.030269e-01 1.213427e-02) (5.082603e-03 1.413542e-03 -2.834654e-04))
63            	((7.412753e-02 2.040406e+00 1.447601e+01) (3.572400e-03 1.546767e-02 4.151409e-01)) ((-2.666421e-02 1.059447e-01 1.275848e-02) (5.002622e-03 1.435370e-03 -2.872292e-04))
64            	((7.918539e-02 1.938049e+00 1.442732e+01) (3.772418e-03 1.533814e-02 4.138437e-01)) ((-2.280544e-02 1.089349e-01 1.286861e-02) (4.935274e-03 1.456830e-03 -2.926538e-04))
65            	((8.876216e-02 1.824819e+00 1.437942e+01) (3.992489e-03 1.514218e-02 4.126115e-01)) ((-1.795979e-02 1.117156e-01 1.248519e-02) (4.873812e-03 1.474846e-03 -2.974989e-04))
66            	((1.009855e-01 1.704200e+00 1.433129e+01) (4.217532e-03 1.488253e-02 4.113769e-01)) ((-1.228006e-02 1.141180e-01 1.174500e-02) (4.823698e-03 1.490500e-03 -3.031937e-04))
67            	((1.143599e-01 1.580849e+00 1.428300e+01) (4.435750e-03 1.456996e-02 4.101563e-01)) ((-5.979195e-03 1.160428e-01 1.091506e-02) (4.788158e-03 1.503052e-03 -3.102862e-04))
68            	((1.201031e-01 1.512913e+00 1.424537e+01) (4.645522e-03 1.421786e-02 4.089745e-01)) ((-2.410283e-03 1.172368e-01 1.058650e-02) (4.763840e-03 1.512722e-03 -3.179675e-04))
69            	((1.362451e-01 1.369434e+00 1.419147e+01) (4.845774e-03 1.382597e-02 4.078199e-01)) ((5.481378e-03 1.182597e-01 1.037779e-02) (4.748780e-03 1.520492e-03 -3.261478e-04))
70            	((1.491376e-01 1.231048e+00 1.414011e+01) (5.031341e-03 1.340843e-02 4.066752e-01)) ((1.331436e-02 1.188027e-01 1.038831e-02) (4.743635e-03 1.527163e-03 -3.369322e-04))
71            	((1.574339e-01 1.108466e+00 1.409515e+01) (5.208966e-03 1.297051e-02 4.055372e-01)) ((2.037654e-02 1.189574e-01 1.037203e-02) (4.745881e-03 1.531921e-03 -3.509598e-04))
72            	((1.618421e-01 1.006006e+00 1.405700e+01) (5.375363e-03 1.252418e-02 4.043875e-01)) ((2.625040e-02 1.188179e-01 1.014919e-02) (4.754733e-03 1.539327e-03 -3.675451e-04))
73            	((1.648201e-01 9.223521e-01 1.402351e+01) (5.568738e-03 1.208337e-02 4.032327e-01)) ((3.077833e-02 1.185028e-01 9.655734e-03) (4.767250e-03 1.554989e-03 -3.884834e-04))
74            	((1.669956e-01 8.841765e-01 1.399761e+01) (5.758837e-03 1.163910e-02 4.020706e-01)) ((3.263519e-02 1.184627e-01 9.581688e-03) (4.785045e-03 1.573156e-03 -4.124104e-04))
75            	((1.720984e-01 8.109811e-01 1.395929e+01) (5.937670e-03 1.118744e-02 4.009277e-01)) ((3.567604e-02 1.175385e-01 8.550895e-03) (4.809755e-03 1.589117e-03 -4.383541e-04))
76            	((1.779331e-01 7.474243e-01 1.391925e+01) (6.086859e-03 1.079040e-02 3.998118e-01)) ((3.805823e-02 1.164086e-01 7.395153e-03) (4.834219e-03 1.601264e-03 -4.624887e-04))
77            	((1.829092e-01 7.008870e-01 1.387959e+01) (6.209671e-03 1.041169e-02 3.987113e-01)) ((3.953144e-02 1.151872e-01 6.359874e-03) (4.859555e-03 1.609024e-03 -4.881868e-04))
78            	((1.824046e-01 6.856851e-01 1.385276e+01) (6.309387e-03 1.003843e-02 3.976326e-01)) ((3.957729e-02 1.142233e-01 6.212628e-03) (4.887105e-03 1.611737e-03 -5.164642e-04))
79            	((1.807631e-01 6.712807e-01 1.380923e+01) (6.377393e-03 9.667902e-03 3.965561e-01)) ((3.913839e-02 1.126464e-01 6.152730e-03) (4.915530e-03 1.608970e-03 -5.487226e-04))
80            	((1.745272e-01 6.746543e-01 1.376836e+01) (6.430339e-03 9.334765e-03 3.955153e-01)) ((3.753650e-02 1.109690e-01 6.757567e-03) (4.941275e-03 1.602579e-03 -5.825826e-04))
81            	((1.636579e-01 6.948020e-01 1.373280e+01) (6.464009e-03 9.033029e-03 3.944986e-01)) ((3.483066e-02 1.091956e-01 7.963314e-03) (4.964902e-03 1.595167e-03 -6.189359e-04))
82            	((1.536185e-01 7.056983e-01 1.371175e+01) (6.497346e-03 8.758785e-03 3.934850e-01)) ((3.317373e-02 1.076963e-01 8.546008e-03) (4.986537e-03 1.594854e-03 -6.553477e-04))
83            	((1.347009e-01 7.569566e-01 1.368156e+01) (6.533222e-03 8.517760e-03 3.924896e-01)) ((2.797300e-02 1.055941e-01 1.123734e-02) (5.004176e-03 1.599709e-03 -6.898349e-04))
84            	((1.146903e-01 8.134693e-01 1.365563e+01) (6.562516e-03 8.352748e-03 3.915204e-01)) ((2.247025e-02 1.035596e-01 1.419326e-02) (5.014081e-03 1.607241e-03 -7.189829e-04))
85            	((1.028624e-01 8.371942e-01 1.363968e+01) (6.571819e-03 8.222196e-03 3.905811e-01)) ((1.994870e-02 1.020931e-01 1.527596e-02) (5.017690e-03 1.616957e-03 -7.470329e-04))
86            	((7.984070e-02 9.041189e-01 1.361799e+01) (6.565115e-03 8.134996e-03 3.896427e-01)) ((1.367890e-02 9.961717e-02 1.880520e-02) (5.013304e-03 1.629248e-03 -7.761823e-04))
87            	((5.837799e-02 9.689807e-01 1.359939e+01) (6.543098e-03 8.105135e-03 3.887082e-01)) ((7.885968e-03 9.721311e-02 2.217364e-02) (5.001739e-03 1.642666e-03 -8.038539e-04))
88            	((4.791692e-02 9.979866e-01 1.358693e+01) (6.537974e-03 8.108375e-03 3.877899e-01)) ((5.391211e-03 9.591501e-02 2.318036e-02) (4.987486e-03 1.656920e-03 -8.326227e-04))
89            	((3.003753e-02 1.066335e+00 1.357082e+01) (6.544519e-03 8.134035e-03 3.868928e-01)) ((-1.385350e-05 9.358954e-02 2.677103e-02) (4.969437e-03 1.670929e-03 -8.601010e-04))
90            	((1.583655e-02 1.129432e+00 1.355659e+01) (6.547594e-03 8.204220e-03 3.859923e-01)) ((-4.485917e-03 9.171321e-02 3.005631e-02) (4.946414e-03 1.683342e-03 -8.820731e-04))
91            	((9.776418e-03 1.157707e+00 1.354587e+01) (6.550376e-03 8.287027e-03 3.851087e-01)) ((-6.207138e-03 9.098618e-02 3.112658e-02) (4.920244e-03 1.694964e-03 -9.012702e-04))
92            	((1.593539e-03 1.212606e+00 1.353295e+01) (6.555410e-03 8.380788e-03 3.842266e-01)) ((-8.887692e-03 8.998333e-02 3.407919e-02) (4.890952e-03 1.707770e-03 -9.187029e-04))
93            	((-2.379797e-03 1.260043e+00 1.352116e+01) (6.558406e-03 8.496809e-03 3.833453e-01)) ((-1.057461e-02 8.947917e-02 3.644002e-02) (4.858707e-03 1.721437e-03 -9.301827e-04))
94            	((-2.145588e-03 1.298976e+00 1.351098e+01) (6.569884e-03 8.623995e-03 3.824627e-01)) ((-1.129354e-02 8.946773e-02 3.806758e-02) (4.824862e-03 1.737084e-03 -9.390103e-04))
95            	((-2.208366e-04 1.312941e+00 1.350041e+01) (6.586304e-03 8.745669e-03 3.815865e-01)) ((-1.106285e-02 8.957729e-02 3.853525e-02) (4.791567e-03 1.753958e-03 -9.458007e-04))
96            	((6.826194e-03 1.339034e+00 1.349161e+01) (6.600886e-03 8.851726e-03 3.807276e-01)) ((-9.647637e-03 9.025759e-02 3.918402e-02) (4.759429e-03 1.770226e-03 -9.510381e-04))
97            	((1.625518e-02 1.357101e+00 1.348335e+01) (6.609263e-03 8.941265e-03 3.799072e-01)) ((-7.270833e-03 9.096796e-02 3.945672e-02) (4.731077e-03 1.784181e-03 -9.546179e-04))
98            	((2.663963e-02 1.365037e+00 1.347604e+01) (6.609507e-03 9.013964e-03 3.791102e-01)) ((-3.998906e-03 9.148876e-02 3.941854e-02) (4.705821e-03 1.796337e-03 -9.549801e-04))
99            	((3.671380e-02 1.362210e+00 1.346983e+01) (6.593776e-03 9.062151e-03 3.783527e-01)) ((7.659393e-05 9.169145e-02 3.913859e-02) (4.684362e-03 1.805314e-03 -9.513626e-04))
100           	((4.516528e-02 1.349974e+00 1.346449e+01) (6.557589e-03 9.086096e-03 3.776238e-01)) ((4.783268e-03 9.155156e-02 3.866307e-02) (4.666725e-03 1.811390e-03 -9.442317e-04))
101           	((4.859438e-02 1.337091e+00 1.345511e+01) (6.503496e-03 9.089168e-03 3.769112e-01)) ((7.753006e-03 9.120089e-02 3.867534e-02) (4.651837e-03 1.812969e-03 -9.341244e-04))
102           	((5.224408e-02 1.309270e+00 1.345076e+01) (6.440349e-03 9.059571e-03 3.761968e-01)) ((1.394490e-02 9.054121e-02 3.781847e-02) (4.639943e-03 1.811377e-03 -9.225265e-04))
103           	((5.298096e-02 1.281464e+00 1.344688e+01) (6.368334e-03 9.022371e-03 3.755152e-01)) ((1.986998e-02 8.977559e-02 3.695100e-02) (4.631757e-03 1.807709e-03 -9.099520e-04))
104           	((5.087409e-02 1.258275e+00 1.344336e+01) (6.299355e-03 8.970513e-03 3.748614e-01)) ((2.492057e-02 8.895204e-02 3.625792e-02) (4.628220e-03 1.802076e-03 -8.989121e-04))
105           	((4.630220e-02 1.242312e+00 1.343988e+01) (6.224150e-03 8.909280e-03 3.742364e-01)) ((2.883249e-02 8.801852e-02 3.584622e-02) (4.628435e-03 1.793406e-03 -8.879565e-04))
106           	((4.282226e-02 1.237346e+00 1.343356e+01) (6.142669e-03 8.849855e-03 3.736332e-01)) ((3.050693e-02 8.710656e-02 3.618904e-02) (4.629594e-03 1.783956e-03 -8.763917e-04))
107           	((3.460277e-02 1.234926e+00 1.342828e+01) (6.057085e-03 8.791597e-03 3.730444e-01)) ((3.296102e-02 8.561679e-02 3.617078e-02) (4.629859e-03 1.771908e-03 -8.649406e-04))
108           	((2.550779e-02 1.238531e+00 1.342218e+01) (5.962902e-03 8.736815e-03 3.725075e-01)) ((3.467226e-02 8.396759e-02 3.633449e-02) (4.632138e-03 1.757412e-03 -8.549696e-04))
109           	((1.593316e-02 1.247125e+00 1.341576e+01) (5.856987e-03 8.676911e-03 3.719840e-01)) ((3.565219e-02 8.223316e-02 3.666505e-02) (4.634336e-03 1.740647e-03 -8.455866e-04))
110           	((1.012531e-02 1.254729e+00 1.341057e+01) (5.738789e-03 8.616506e-03 3.714929e-01)) ((3.592533e-02 8.092125e-02 3.707281e-02) (4.637643e-03 1.720611e-03 -8.359044e-04))
111           	((-1.642691e-03 1.274151e+00 1.340336e+01) (5.610740e-03 8.561471e-03 3.709849e-01)) ((3.578089e-02 7.879184e-02 3.775576e-02) (4.637345e-03 1.699287e-03 -8.247031e-04))
112           	((-1.431719e-02 1.297163e+00 1.339729e+01) (5.474566e-03 8.513651e-03 3.705145e-01)) ((3.522681e-02 7.665103e-02 3.860532e-02) (4.636246e-03 1.676172e-03 -8.117632e-04))
113           	((-2.753442e-02 1.322080e+00 1.339309e+01) (5.326121e-03 8.473964e-03 3.700491e-01)) ((3.441412e-02 7.456438e-02 3.956273e-02) (4.632479e-03 1.650814e-03 -7.976129e-04))
114           	((-3.483851e-02 1.335273e+00 1.339105e+01) (5.179343e-03 8.438001e-03 3.696091e-01)) ((3.398418e-02 7.313374e-02 4.002308e-02) (4.628496e-03 1.625029e-03 -7.828631e-04))
115           	((-5.051335e-02 1.367859e+00 1.338976e+01) (5.020164e-03 8.418161e-03 3.691755e-01)) ((3.264720e-02 7.077321e-02 4.123639e-02) (4.620609e-03 1.598284e-03 -7.666110e-04))
116           	((-6.638834e-02 1.402454e+00 1.338949e+01) (4.865353e-03 8.402138e-03 3.687579e-01)) ((3.115003e-02 6.853830e-02 4.246138e-02) (4.611123e-03 1.572036e-03 -7.505274e-04))
117           	((-7.337586e-02 1.417531e+00 1.338850e+01) (4.706893e-03 8.395588e-03 3.683523e-01)) ((3.057129e-02 6.712516e-02 4.278875e-02) (4.597924e-03 1.544698e-03 -7.337736e-04))
118           	((-8.984219e-02 1.456868e+00 1.338944e+01) (4.565246e-03 8.397465e-03 3.679761e-01)) ((2.881066e-02 6.500058e-02 4.386766e-02) (4.582658e-03 1.518998e-03 -7.181374e-04))
119           	((-1.051297e-01 1.494285e+00 1.339104e+01) (4.427484e-03 8.410519e-03 3.676097e-01)) ((2.722668e-02 6.309817e-02 4.472334e-02) (4.563454e-03 1.494435e-03 -7.031119e-04))
120           	((-1.104240e-01 1.507982e+00 1.339076e+01) (4.306121e-03 8.425875e-03 3.672588e-01)) ((2.682583e-02 6.198012e-02 4.467177e-02) (4.543641e-03 1.470948e-03 -6.883653e-04))
121           	((-1.226361e-01 1.541721e+00 1.339405e+01) (4.190051e-03 8.445025e-03 3.669050e-01)) ((2.569671e-02 6.034933e-02 4.500371e-02) (4.520114e-03 1.446650e-03 -6.739314e-04))
122           	((-1.324653e-01 1.570291e+00 1.339820e+01) (4.087780e-03 8.454202e-03 3.665778e-01)) ((2.498070e-02 5.893454e-02 4.511994e-02) (4.497551e-03 1.424457e-03 -6.603669e-04))
123           	((-1.395761e-01 1.591847e+00 1.340303e+01) (3.988355e-03 8.461449e-03 3.662656e-01)) ((2.472339e-02 5.776154e-02 4.502429e-02) (4.472619e-03 1.402628e-03 -6.477591e-04))
124           	((-1.409963e-01 1.597787e+00 1.340444e+01) (3.898525e-03 8.464439e-03 3.659879e-01)) ((2.488931e-02 5.715974e-02 4.464603e-02) (4.449120e-03 1.382350e-03 -6.368333e-04))
125           	((-1.436533e-01 1.610422e+00 1.341107e+01) (3.811104e-03 8.460468e-03 3.657174e-01)) ((2.514782e-02 5.635670e-02 4.408040e-02) (4.422987e-03 1.363730e-03 -6.266767e-04))
126           	((-1.446849e-01 1.620208e+00 1.341816e+01) (3.727640e-03 8.445645e-03 3.654875e-01)) ((2.541682e-02 5.578818e-02 4.347428e-02) (4.398777e-03 1.346406e-03 -6.184383e-04))
127           	((-1.443601e-01 1.627569e+00 1.342505e+01) (3.644493e-03 8.424910e-03 3.652583e-01)) ((2.561135e-02 5.544235e-02 4.290623e-02) (4.372647e-03 1.329007e-03 -6.098927e-04))
128           	((-1.426787e-01 1.633047e+00 1.343128e+01) (3.562205e-03 8.397192e-03 3.650724e-01)) ((2.575038e-02 5.534703e-02 4.239662e-02) (4.349495e-03 1.311346e-03 -6.034811e-04))
129           	((-1.408107e-01 1.635107e+00 1.343380e+01) (3.473760e-03 8.372173e-03 3.648721e-01)) ((2.582585e-02 5.540184e-02 4.209530e-02) (4.324461e-03 1.294496e-03 -5.972636e-04))
130           	((-1.366119e-01 1.639046e+00 1.343856e+01) (3.386542e-03 8.343712e-03 3.646955e-01)) ((2.585064e-02 5.577356e-02 4.151548e-02) (4.301854e-03 1.277313e-03 -5.920979e-04))
131           	((-1.321442e-01 1.643202e+00 1.344244e+01) (3.290935e-03 8.317991e-03 3.645035e-01)) ((2.575374e-02 5.629078e-02 4.100660e-02) (4.277646e-03 1.259087e-03 -5.871939e-04))
132           	((-1.278424e-01 1.647553e+00 1.344562e+01) (3.201823e-03 8.286332e-03 3.643297e-01)) ((2.556869e-02 5.690188e-02 4.060761e-02) (4.255971e-03 1.241224e-03 -5.822742e-04))
133           	((-1.254306e-01 1.650853e+00 1.344688e+01) (3.103371e-03 8.259972e-03 3.641488e-01)) ((2.539019e-02 5.733604e-02 4.047395e-02) (4.234304e-03 1.223238e-03 -5.763993e-04))
134           	((-1.212518e-01 1.655356e+00 1.344953e+01) (3.002011e-03 8.231584e-03 3.639899e-01)) ((2.503234e-02 5.815843e-02 4.014114e-02) (4.214061e-03 1.205887e-03 -5.705698e-04))
135           	((-1.176036e-01 1.659909e+00 1.345218e+01) (2.897429e-03 8.204852e-03 3.638149e-01)) ((2.459088e-02 5.902588e-02 3.989033e-02) (4.193722e-03 1.187718e-03 -5.643415e-04))
136           	((-1.158158e-01 1.663801e+00 1.345304e+01) (2.796780e-03 8.183553e-03 3.636532e-01)) ((2.423475e-02 5.967948e-02 3.987873e-02) (4.176207e-03 1.169487e-03 -5.585090e-04))
137           	((-1.131355e-01 1.668093e+00 1.345594e+01) (2.686987e-03 8.158167e-03 3.634836e-01)) ((2.368147e-02 6.065582e-02 3.968459e-02) (4.158524e-03 1.151633e-03 -5.516332e-04))
138           	((-1.113225e-01 1.672403e+00 1.345858e+01) (2.577493e-03 8.134804e-03 3.633339e-01)) ((2.309362e-02 6.161802e-02 3.957094e-02) (4.143046e-03 1.133981e-03 -5.455430e-04))
139           	((-1.110980e-01 1.676396e+00 1.345893e+01) (2.463953e-03 8.121181e-03 3.631724e-01)) ((2.262455e-02 6.229634e-02 3.969708e-02) (4.125880e-03 1.116443e-03 -5.394982e-04))
140           	((-1.113496e-01 1.681583e+00 1.346053e+01) (2.354573e-03 8.114111e-03 3.630136e-01)) ((2.193277e-02 6.323528e-02 3.974208e-02) (4.108791e-03 1.100477e-03 -5.339015e-04))
141           	((-1.124978e-01 1.687164e+00 1.346126e+01) (2.237787e-03 8.115934e-03 3.628505e-01)) ((2.119755e-02 6.413028e-02 3.983971e-02) (4.090303e-03 1.085407e-03 -5.288684e-04))
142           	((-1.144911e-01 1.692713e+00 1.346093e+01) (2.122208e-03 8.125913e-03 3.626900e-01)) ((2.051406e-02 6.497373e-02 3.996798e-02) (4.071592e-03 1.071669e-03 -5.235835e-04))
143           	((-1.164401e-01 1.696402e+00 1.345952e+01) (2.006694e-03 8.147383e-03 3.625087e-01)) ((2.010626e-02 6.559512e-02 4.017920e-02) (4.050400e-03 1.058973e-03 -5.183949e-04))
144           	((-1.206357e-01 1.701691e+00 1.345670e+01) (1.899267e-03 8.178932e-03 3.623192e-01)) ((1.949815e-02 6.641592e-02 4.028684e-02) (4.028503e-03 1.048547e-03 -5.127858e-04))
145           	((-1.252726e-01 1.706199e+00 1.345305e+01) (1.799502e-03 8.211977e-03 3.621214e-01)) ((1.892485e-02 6.717250e-02 4.036570e-02) (4.004163e-03 1.039852e-03 -5.073009e-04))
146           	((-1.300293e-01 1.709475e+00 1.344895e+01) (1.691484e-03 8.249575e-03 3.619373e-01)) ((1.845998e-02 6.785448e-02 4.041997e-02) (3.979913e-03 1.033554e-03 -5.026978e-04))
147           	((-1.331620e-01 1.710515e+00 1.344564e+01) (1.587691e-03 8.282542e-03 3.617382e-01)) ((1.828332e-02 6.833742e-02 4.057045e-02) (3.954686e-03 1.028559e-03 -4.977011e-04))
148           	((-1.386794e-01 1.711408e+00 1.343971e+01) (1.490364e-03 8.315952e-03 3.615259e-01)) ((1.795121e-02 6.886846e-02 4.058911e-02) (3.929624e-03 1.024727e-03 -4.927827e-04))
149           	((-1.440291e-01 1.711832e+00 1.343315e+01) (1.397947e-03 8.345610e-03 3.613034e-01)) ((1.762250e-02 6.931601e-02 4.055886e-02) (3.904501e-03 1.023059e-03 -4.881378e-04))
150           	((-1.474506e-01 1.710957e+00 1.342834e+01) (1.320303e-03 8.366219e-03 3.610776e-01)) ((1.756904e-02 6.963455e-02 4.060368e-02) (3.880685e-03 1.023147e-03 -4.845260e-04))
151           	((-1.523336e-01 1.710241e+00 1.341976e+01) (1.247060e-03 8.386793e-03 3.608384e-01)) ((1.724168e-02 6.992980e-02 4.045964e-02) (3.857084e-03 1.024591e-03 -4.810677e-04))
152           	((-1.565713e-01 1.709258e+00 1.341095e+01) (1.194442e-03 8.402603e-03 3.605948e-01)) ((1.690249e-02 7.014939e-02 4.024240e-02) (3.834492e-03 1.028191e-03 -4.786453e-04))
153           	((-1.594427e-01 1.707346e+00 1.340519e+01) (1.143840e-03 8.415859e-03 3.603369e-01)) ((1.686266e-02 7.030856e-02 4.011320e-02) (3.811132e-03 1.032300e-03 -4.769135e-04))
154           	((-1.634676e-01 1.704323e+00 1.339508e+01) (1.099060e-03 8.425968e-03 3.600807e-01)) ((1.651721e-02 7.030184e-02 3.984615e-02) (3.789003e-03 1.035798e-03 -4.755751e-04))
155           	((-1.674482e-01 1.700107e+00 1.338513e+01) (1.059733e-03 8.430002e-03 3.598079e-01)) ((1.617368e-02 7.017419e-02 3.958475e-02) (3.767211e-03 1.039655e-03 -4.747733e-04))
156           	((-1.704695e-01 1.695990e+00 1.337928e+01) (1.027267e-03 8.425774e-03 3.595378e-01)) ((1.613097e-02 7.008377e-02 3.939802e-02) (3.746849e-03 1.044648e-03 -4.760822e-04))
157           	((-1.749964e-01 1.687214e+00 1.336883e+01) (9.988373e-04 8.413354e-03 3.592674e-01)) ((1.584936e-02 6.971161e-02 3.921064e-02) (3.727483e-03 1.049767e-03 -4.775669e-04))
158           	((-1.795747e-01 1.677270e+00 1.335899e+01) (9.749985e-04 8.392360e-03 3.589914e-01)) ((1.556830e-02 6.927891e-02 3.906076e-02) (3.708734e-03 1.054182e-03 -4.813822e-04))
159           	((-1.841164e-01 1.667060e+00 1.335025e+01) (9.484223e-04 8.369385e-03 3.587143e-01)) ((1.527850e-02 6.882426e-02 3.896330e-02) (3.690957e-03 1.058199e-03 -4.854988e-04))
160           	((-1.885804e-01 1.657127e+00 1.334267e+01) (9.262774e-04 8.343673e-03 3.584429e-01)) ((1.499071e-02 6.838342e-02 3.893338e-02) (3.674664e-03 1.062050e-03 -4.897251e-04))
161           	((-1.929181e-01 1.648016e+00 1.333603e+01) (9.018668e-04 8.315376e-03 3.581638e-01)) ((1.466772e-02 6.796516e-02 3.899595e-02) (3.658576e-03 1.065441e-03 -4.941442e-04))
162           	((-1.968740e-01 1.639785e+00 1.332999e+01) (8.836890e-04 8.286345e-03 3.578966e-01)) ((1.429529e-02 6.759955e-02 3.916370e-02) (3.644614e-03 1.069399e-03 -4.992478e-04))
163           	((-2.001761e-01 1.632502e+00 1.332434e+01) (8.703025e-04 8.260911e-03 3.576278e-01)) ((1.381893e-02 6.729518e-02 3.943174e-02) (3.630205e-03 1.072825e-03 -5.053955e-04))
164           	((-2.024371e-01 1.625885e+00 1.331900e+01) (8.653737e-04 8.230429e-03 3.573661e-01)) ((1.323994e-02 6.707320e-02 3.976480e-02) (3.617176e-03 1.076609e-03 -5.121662e-04))
165           	((-2.033901e-01 1.619928e+00 1.331399e+01) (8.637262e-04 8.203071e-03 3.571092e-01)) ((1.254079e-02 6.694167e-02 4.011166e-02) (3.604611e-03 1.079957e-03 -5.191305e-04))
166           	((-2.029093e-01 1.614425e+00 1.330926e+01) (8.637135e-04 8.180227e-03 3.568597e-01)) ((1.178862e-02 6.693170e-02 4.043482e-02) (3.592043e-03 1.081968e-03 -5.263683e-04))
167           	((-2.011478e-01 1.609623e+00 1.330478e+01) (8.573892e-04 8.153818e-03 3.566264e-01)) ((1.101506e-02 6.703521e-02 4.072388e-02) (3.580505e-03 1.083061e-03 -5.322238e-04))
168           	((-1.983942e-01 1.605404e+00 1.330054e+01) (8.516546e-04 8.128745e-03 3.564260e-01)) ((1.030026e-02 6.724828e-02 4.099066e-02) (3.571340e-03 1.082022e-03 -5.378736e-04))
169           	((-1.950800e-01 1.602174e+00 1.329656e+01) (8.554585e-04 8.101475e-03 3.562327e-01)) ((9.599045e-03 6.752455e-02 4.126387e-02) (3.563670e-03 1.079822e-03 -5.435341e-04))
170           	((-1.915471e-01 1.599952e+00 1.329278e+01) (8.663530e-04 8.080739e-03 3.560387e-01)) ((8.909012e-03 6.783505e-02 4.160833e-02) (3.553926e-03 1.077322e-03 -5.493217e-04))
171           	((-1.878945e-01 1.598748e+00 1.328927e+01) (8.811499e-04 8.059378e-03 3.558527e-01)) ((8.178093e-03 6.817686e-02 4.200702e-02) (3.544438e-03 1.074497e-03 -5.546592e-04))
172           	((-1.839993e-01 1.598120e+00 1.328607e+01) (9.072391e-04 8.029267e-03 3.556767e-01)) ((7.410561e-03 6.856680e-02 4.241441e-02) (3.535896e-03 1.073256e-03 -5.602575e-04))
173           	((-1.798430e-01 1.597711e+00 1.328307e+01) (9.343630e-04 8.001005e-03 3.554958e-01)) ((6.602229e-03 6.900479e-02 4.279515e-02) (3.525597e-03 1.071197e-03 -5.656963e-04))
174           	((-1.753229e-01 1.596919e+00 1.328023e+01) (9.730677e-04 7.977061e-03 3.553269e-01)) ((5.806243e-03 6.951258e-02 4.310952e-02) (3.515735e-03 1.070010e-03 -5.711880e-04))
175           	((-1.704905e-01 1.596108e+00 1.327755e+01) (1.013858e-03 7.949973e-03 3.551681e-01)) ((4.990091e-03 7.007708e-02 4.334221e-02) (3.506799e-03 1.068898e-03 -5.751726e-04))
176           	((-1.655039e-01 1.594987e+00 1.327486e+01) (1.050039e-03 7.928360e-03 3.550027e-01)) ((4.198598e-03 7.067465e-02 4.352631e-02) (3.495039e-03 1.066774e-03 -5.782649e-04))
177           	((-1.603330e-01 1.594023e+00 1.327229e+01) (1.086696e-03 7.906295e-03 3.548593e-01)) ((3.430099e-03 7.132033e-02 4.366204e-02) (3.484607e-03 1.065820e-03 -5.805769e-04))
178           	((-1.552368e-01 1.593598e+00 1.326995e+01) (1.123526e-03 7.883944e-03 3.547245e-01)) ((2.670303e-03 7.196978e-02 4.376578e-02) (3.474473e-03 1.063714e-03 -5.819179e-04))
179           	((-1.503632e-01 1.593467e+00 1.326783e+01) (1.159655e-03 7.864331e-03 3.545899e-01)) ((1.963071e-03 7.259789e-02 4.384381e-02) (3.463854e-03 1.061681e-03 -5.828745e-04))
180           	((-1.458822e-01 1.593797e+00 1.326607e+01) (1.190942e-03 7.845656e-03 3.544637e-01)) ((1.286969e-03 7.317720e-02 4.388628e-02) (3.453225e-03 1.059055e-03 -5.835035e-04))
181           	((-1.418762e-01 1.594254e+00 1.326474e+01) (1.226754e-03 7.827716e-03 3.543498e-01)) ((6.570010e-04 7.369516e-02 4.388144e-02) (3.444787e-03 1.056834e-03 -5.842012e-04))
182           	((-1.383801e-01 1.594951e+00 1.326394e+01) (1.261973e-03 7.804957e-03 3.542480e-01)) ((1.235807e-05 7.412895e-02 4.379613e-02) (3.437621e-03 1.053654e-03 -5.851884e-04))
183           	((-1.354151e-01 1.595281e+00 1.326352e+01) (1.289162e-03 7.788122e-03 3.541343e-01)) ((-6.207538e-04 7.445948e-02 4.362616e-02) (3.429051e-03 1.049471e-03 -5.861646e-04))
184           	((-1.328504e-01 1.595431e+00 1.326346e+01) (1.322072e-03 7.772364e-03 3.540198e-01)) ((-1.241601e-03 7.470635e-02 4.334093e-02) (3.421158e-03 1.044700e-03 -5.873917e-04))
185           	((-1.307368e-01 1.595474e+00 1.326364e+01) (1.352181e-03 7.763001e-03 3.539099e-01)) ((-1.854660e-03 7.485990e-02 4.296774e-02) (3.413565e-03 1.039615e-03 -5.884448e-04))
186           	((-1.290260e-01 1.595278e+00 1.326395e+01) (1.385675e-03 7.753316e-03 3.538048e-01)) ((-2.432599e-03 7.493520e-02 4.252224e-02) (3.406652e-03 1.034631e-03 -5.903092e-04))
187           	((-1.277729e-01 1.595252e+00 1.326437e+01) (1.419476e-03 7.740015e-03 3.537017e-01)) ((-3.001585e-03 7.492284e-02 4.201936e-02) (3.400662e-03 1.029068e-03 -5.922194e-04))
188           	((-1.268972e-01 1.595026e+00 1.326475e+01) (1.442449e-03 7.736961e-03 3.535893e-01)) ((-3.513696e-03 7.481460e-02 4.148093e-02) (3.393111e-03 1.022478e-03 -5.930264e-04))
189           	((-1.261976e-01 1.595011e+00 1.326519e+01) (1.456351e-03 7.736175e-03 3.534837e-01)) ((-3.989420e-03 7.463512e-02 4.091087e-02) (3.386979e-03 1.015898e-03 -5.937583e-04))
190           	((-1.255499e-01 1.595275e+00 1.326572e+01) (1.462629e-03 7.735253e-03 3.533769e-01)) ((-4.454980e-03 7.438782e-02 4.031304e-02) (3.380974e-03 1.008156e-03 -5.936490e-04))
191           	((-1.249735e-01 1.595795e+00 1.326630e+01) (1.463012e-03 7.736261e-03 3.532707e-01)) ((-4.928680e-03 7.408545e-02 3.969121e-02) (3.374671e-03 1.000120e-03 -5.936964e-04))
192           	((-1.244675e-01 1.596418e+00 1.326685e+01) (1.455711e-03 7.742766e-03 3.531689e-01)) ((-5.427645e-03 7.373164e-02 3.906209e-02) (3.368434e-03 9.910937e-04 -5.934718e-04))
193           	((-1.241055e-01 1.596949e+00 1.326727e+01) (1.438215e-03 7.745766e-03 3.530640e-01)) ((-5.975697e-03 7.332389e-02 3.844175e-02) (3.362466e-03 9.816994e-04 -5.928998e-04))
194           	((-1.240331e-01 1.597226e+00 1.326748e+01) (1.423312e-03 7.751661e-03 3.529597e-01)) ((-6.559176e-03 7.287507e-02 3.785617e-02) (3.355482e-03 9.723345e-04 -5.934166e-04))
195           	((-1.243181e-01 1.597244e+00 1.326748e+01) (1.404632e-03 7.753669e-03 3.528556e-01)) ((-7.206395e-03 7.239193e-02 3.731487e-02) (3.348032e-03 9.633068e-04 -5.948287e-04))
196           	((-1.249531e-01 1.596651e+00 1.326724e+01) (1.386834e-03 7.761828e-03 3.527487e-01)) ((-7.882699e-03 7.189220e-02 3.682733e-02) (3.340418e-03 9.545456e-04 -5.958437e-04))
197           	((-1.259154e-01 1.595573e+00 1.326686e+01) (1.369942e-03 7.766482e-03 3.526353e-01)) ((-8.594773e-03 7.139447e-02 3.638781e-02) (3.331916e-03 9.456792e-04 -5.977614e-04))
198           	((-1.271828e-01 1.593846e+00 1.326634e+01) (1.351842e-03 7.772640e-03 3.525203e-01)) ((-9.298913e-03 7.091458e-02 3.601778e-02) (3.322012e-03 9.376045e-04 -6.000130e-04))
199           	((-1.287272e-01 1.591740e+00 1.326585e+01) (1.341254e-03 7.775825e-03 3.524008e-01)) ((-1.003015e-02 7.046485e-02 3.570300e-02) (3.312378e-03 9.304750e-04 -6.026187e-04))
200           	((-1.306075e-01 1.589229e+00 1.326538e+01) (1.333988e-03 7.782722e-03 3.522815e-01)) ((-1.077115e-02 7.005331e-02 3.547330e-02) (3.301391e-03 9.242267e-04 -6.053317e-04))
201           	((-1.327545e-01 1.586652e+00 1.326503e+01) (1.326627e-03 7.788630e-03 3.521705e-01)) ((-1.155507e-02 6.969275e-02 3.531909e-02) (3.290784e-03 9.187110e-04 -6.081980e-04))
202           	((-1.350690e-01 1.583823e+00 1.326475e+01) (1.328259e-03 7.791570e-03 3.520597e-01)) ((-1.233831e-02 6.939894e-02 3.523702e-02) (3.279968e-03 9.144758e-04 -6.113440e-04))
203           	((-1.374029e-01 1.581218e+00 1.326456e+01) (1.333319e-03 7.791305e-03 3.519563e-01)) ((-1.311895e-02 6.918763e-02 3.520774e-02) (3.268981e-03 9.106362e-04 -6.148044e-04))
204           	((-1.396324e-01 1.578775e+00 1.326434e+01) (1.338361e-03 7.794742e-03 3.518659e-01)) ((-1.384699e-02 6.906327e-02 3.523419e-02) (3.258099e-03 9.072427e-04 -6.184260e-04))
205           	((-1.416534e-01 1.576992e+00 1.326411e+01) (1.348618e-03 7.784424e-03 3.517955e-01)) ((-1.452121e-02 6.903061e-02 3.532771e-02) (3.249872e-03 9.035483e-04 -6.223170e-04))
206           	((-1.433966e-01 1.575693e+00 1.326382e+01) (1.366700e-03 7.774166e-03 3.517386e-01)) ((-1.511883e-02 6.908125e-02 3.550562e-02) (3.241951e-03 9.006499e-04 -6.267218e-04))
207           	((-1.447593e-01 1.575018e+00 1.326357e+01) (1.382307e-03 7.752211e-03 3.516878e-01)) ((-1.569924e-02 6.919931e-02 3.574175e-02) (3.236350e-03 8.993930e-04 -6.325470e-04))
208           	((-1.455505e-01 1.574044e+00 1.326344e+01) (1.402046e-03 7.746208e-03 3.516526e-01)) ((-1.624020e-02 6.937808e-02 3.597729e-02) (3.226590e-03 8.963099e-04 -6.350876e-04))
209           	((-1.460039e-01 1.572692e+00 1.326342e+01) (1.418948e-03 7.732952e-03 3.516112e-01)) ((-1.681435e-02 6.957921e-02 3.620420e-02) (3.217587e-03 8.945140e-04 -6.383799e-04))
210           	((-1.460830e-01 1.570573e+00 1.326359e+01) (1.432109e-03 7.721020e-03 3.515835e-01)) ((-1.738121e-02 6.980991e-02 3.640219e-02) (3.208167e-03 8.936826e-04 -6.407627e-04))
211           	((-1.459929e-01 1.568194e+00 1.326393e+01) (1.446788e-03 7.698475e-03 3.515622e-01)) ((-1.797096e-02 7.004631e-02 3.658906e-02) (3.200106e-03 8.941355e-04 -6.429754e-04))
212           	((-1.456949e-01 1.565441e+00 1.326438e+01) (1.453899e-03 7.676595e-03 3.515418e-01)) ((-1.854406e-02 7.026822e-02 3.677375e-02) (3.190482e-03 8.942476e-04 -6.442023e-04))
213           	((-1.451799e-01 1.562771e+00 1.326495e+01) (1.452971e-03 7.653394e-03 3.515382e-01)) ((-1.913834e-02 7.046182e-02 3.694365e-02) (3.182166e-03 8.950536e-04 -6.446749e-04))
214           	((-1.444860e-01 1.560261e+00 1.326563e+01) (1.448586e-03 7.627953e-03 3.515317e-01)) ((-1.976865e-02 7.061115e-02 3.708127e-02) (3.173609e-03 8.949038e-04 -6.441218e-04))
215           	((-1.436396e-01 1.558051e+00 1.326636e+01) (1.428499e-03 7.597241e-03 3.515390e-01)) ((-2.045880e-02 7.070018e-02 3.717649e-02) (3.166176e-03 8.944151e-04 -6.422150e-04))
216           	((-1.426482e-01 1.556257e+00 1.326702e+01) (1.399448e-03 7.570411e-03 3.515487e-01)) ((-2.116949e-02 7.073618e-02 3.724517e-02) (3.158343e-03 8.931231e-04 -6.392579e-04))
217           	((-1.415567e-01 1.554748e+00 1.326749e+01) (1.365740e-03 7.538106e-03 3.515583e-01)) ((-2.186853e-02 7.072549e-02 3.729600e-02) (3.151082e-03 8.916733e-04 -6.353376e-04))
218           	((-1.404310e-01 1.553332e+00 1.326768e+01) (1.324991e-03 7.507566e-03 3.515709e-01)) ((-2.252288e-02 7.067949e-02 3.733889e-02) (3.143934e-03 8.895694e-04 -6.304825e-04))
219           	((-1.392783e-01 1.551991e+00 1.326754e+01) (1.269641e-03 7.484220e-03 3.515889e-01)) ((-2.311296e-02 7.060926e-02 3.738743e-02) (3.137199e-03 8.859745e-04 -6.246604e-04))
220           	((-1.381197e-01 1.550614e+00 1.326707e+01) (1.209339e-03 7.464762e-03 3.516104e-01)) ((-2.365104e-02 7.051786e-02 3.743669e-02) (3.131326e-03 8.815997e-04 -6.175028e-04))
221           	((-1.370175e-01 1.549220e+00 1.326629e+01) (1.140551e-03 7.449580e-03 3.516334e-01)) ((-2.416192e-02 7.040762e-02 3.749414e-02) (3.125951e-03 8.769640e-04 -6.095537e-04))
222           	((-1.360187e-01 1.547799e+00 1.326526e+01) (1.068439e-03 7.442235e-03 3.516565e-01)) ((-2.467469e-02 7.028223e-02 3.755072e-02) (3.120797e-03 8.711769e-04 -6.014190e-04))
223           	((-1.351925e-01 1.546396e+00 1.326399e+01) (9.941592e-04 7.436251e-03 3.516801e-01)) ((-2.522492e-02 7.014506e-02 3.760407e-02) (3.116496e-03 8.658551e-04 -5.926387e-04))
224           	((-1.346584e-01 1.545169e+00 1.326251e+01) (9.232833e-04 7.431890e-03 3.516928e-01)) ((-2.583022e-02 7.000359e-02 3.766209e-02) (3.111396e-03 8.600161e-04 -5.846529e-04))
225           	((-1.345699e-01 1.544302e+00 1.326086e+01) (8.530416e-04 7.433772e-03 3.517037e-01)) ((-2.650368e-02 6.986164e-02 3.775188e-02) (3.105857e-03 8.542680e-04 -5.774900e-04))
226           	((-1.349790e-01 1.543776e+00 1.325910e+01) (7.934631e-04 7.435747e-03 3.517063e-01)) ((-2.725202e-02 6.971528e-02 3.788487e-02) (3.100236e-03 8.481761e-04 -5.708527e-04))
227           	((-1.357756e-01 1.543493e+00 1.325731e+01) (7.316668e-04 7.438827e-03 3.517114e-01)) ((-2.807154e-02 6.956291e-02 3.806620e-02) (3.094776e-03 8.424068e-04 -5.644534e-04))
228           	((-1.367631e-01 1.543203e+00 1.325554e+01) (6.788741e-04 7.442422e-03 3.517213e-01)) ((-2.894735e-02 6.940112e-02 3.826831e-02) (3.089683e-03 8.367205e-04 -5.591353e-04))
229           	((-1.377582e-01 1.542723e+00 1.325380e+01) (6.354493e-04 7.443310e-03 3.517294e-01)) ((-2.984776e-02 6.923701e-02 3.846415e-02) (3.085457e-03 8.303031e-04 -5.546108e-04))
230           	((-1.386683e-01 1.541967e+00 1.325209e+01) (6.016659e-04 7.442716e-03 3.517417e-01)) ((-3.073426e-02 6.908052e-02 3.864204e-02) (3.081940e-03 8.234731e-04 -5.513130e-04))
231           	((-1.395053e-01 1.540966e+00 1.325039e+01) (5.730159e-04 7.440542e-03 3.517643e-01)) ((-3.156455e-02 6.894304e-02 3.880684e-02) (3.079662e-03 8.168372e-04 -5.492628e-04))
232           	((-1.403297e-01 1.539839e+00 1.324873e+01) (5.563834e-04 7.435812e-03 3.517952e-01)) ((-3.230759e-02 6.883048e-02 3.897210e-02) (3.079520e-03 8.094901e-04 -5.480553e-04))
233           	((-1.411399e-01 1.538615e+00 1.324712e+01) (5.450834e-04 7.430577e-03 3.518317e-01)) ((-3.295573e-02 6.873895e-02 3.913547e-02) (3.080435e-03 8.029237e-04 -5.479769e-04))
234           	((-1.419167e-01 1.537265e+00 1.324562e+01) (5.441208e-04 7.425037e-03 3.518644e-01)) ((-3.351785e-02 6.866255e-02 3.928728e-02) (3.081269e-03 7.962720e-04 -5.491882e-04))
235           	((-1.425969e-01 1.535619e+00 1.324429e+01) (5.512450e-04 7.414352e-03 3.518930e-01)) ((-3.400074e-02 6.859916e-02 3.941099e-02) (3.082688e-03 7.905278e-04 -5.510096e-04))
236           	((-1.431187e-01 1.533491e+00 1.324320e+01) (5.633819e-04 7.401677e-03 3.519158e-01)) ((-3.439517e-02 6.854462e-02 3.949717e-02) (3.083542e-03 7.858688e-04 -5.532615e-04))
237           	((-1.434516e-01 1.530661e+00 1.324237e+01) (5.773995e-04 7.386426e-03 3.519348e-01)) ((-3.468264e-02 6.850189e-02 3.954223e-02) (3.083581e-03 7.825360e-04 -5.562613e-04))
238           	((-1.435767e-01 1.527046e+00 1.324183e+01) (5.984417e-04 7.369138e-03 3.519461e-01)) ((-3.485152e-02 6.847486e-02 3.955747e-02) (3.083413e-03 7.798135e-04 -5.591791e-04))
239           	((-1.435209e-01 1.522705e+00 1.324156e+01) (6.169267e-04 7.353027e-03 3.519549e-01)) ((-3.491591e-02 6.846556e-02 3.956138e-02) (3.083175e-03 7.782856e-04 -5.621520e-04))
240           	((-1.433159e-01 1.517676e+00 1.324156e+01) (6.406650e-04 7.337846e-03 3.519586e-01)) ((-3.490086e-02 6.847200e-02 3.956644e-02) (3.082154e-03 7.769125e-04 -5.654738e-04))
241           	((-1.429999e-01 1.511999e+00 1.324180e+01) (6.638682e-04 7.322971e-03 3.519645e-01)) ((-3.483214e-02 6.849374e-02 3.958779e-02) (3.081728e-03 7.764664e-04 -5.683342e-04))
242           	((-1.425620e-01 1.505762e+00 1.324225e+01) (6.845005e-04 7.308444e-03 3.519700e-01)) ((-3.472444e-02 6.853166e-02 3.962827e-02) (3.081104e-03 7.763078e-04 -5.708080e-04))
243           	((-1.419754e-01 1.499061e+00 1.324287e+01) (6.986632e-04 7.295216e-03 3.519784e-01)) ((-3.458303e-02 6.858877e-02 3.967894e-02) (3.080680e-03 7.765729e-04 -5.728330e-04))
244           	((-1.412344e-01 1.491957e+00 1.324363e+01) (7.119419e-04 7.279878e-03 3.519882e-01)) ((-3.440711e-02 6.866484e-02 3.973064e-02) (3.080878e-03 7.770169e-04 -5.740873e-04))
245           	((-1.403912e-01 1.484529e+00 1.324447e+01) (7.190702e-04 7.265320e-03 3.519983e-01)) ((-3.419475e-02 6.876143e-02 3.977975e-02) (3.080633e-03 7.769100e-04 -5.752352e-04))
246           	((-1.395149e-01 1.476945e+00 1.324536e+01) (7.214752e-04 7.248777e-03 3.520071e-01)) ((-3.395425e-02 6.887592e-02 3.983458e-02) (3.080412e-03 7.767083e-04 -5.753156e-04))
247           	((-1.386870e-01 1.469312e+00 1.324625e+01) (7.201710e-04 7.233603e-03 3.520186e-01)) ((-3.369177e-02 6.900546e-02 3.990040e-02) (3.080736e-03 7.763640e-04 -5.749670e-04))
248           	((-1.379677e-01 1.461672e+00 1.324707e+01) (7.137414e-04 7.222203e-03 3.520314e-01)) ((-3.341087e-02 6.914340e-02 3.997180e-02) (3.081125e-03 7.758111e-04 -5.743840e-04))
249           	((-1.374035e-01 1.454009e+00 1.324779e+01) (7.060913e-04 7.207702e-03 3.520450e-01)) ((-3.311524e-02 6.929175e-02 4.004988e-02) (3.082558e-03 7.763111e-04 -5.730281e-04))
250           	((-1.369977e-01 1.446356e+00 1.324839e+01) (6.968638e-04 7.195350e-03 3.520500e-01)) ((-3.281498e-02 6.944772e-02 4.014149e-02) (3.083350e-03 7.750395e-04 -5.717645e-04))
251           	((-1.366885e-01 1.438762e+00 1.324884e+01) (6.795036e-04 7.184500e-03 3.520557e-01)) ((-3.252257e-02 6.961022e-02 4.024072e-02) (3.083993e-03 7.738135e-04 -5.702193e-04))
252           	((-1.364335e-01 1.431334e+00 1.324917e+01) (6.631293e-04 7.169645e-03 3.520530e-01)) ((-3.226103e-02 6.976959e-02 4.034715e-02) (3.084263e-03 7.726098e-04 -5.678096e-04))
253           	((-1.361999e-01 1.424114e+00 1.324937e+01) (6.434663e-04 7.160335e-03 3.520460e-01)) ((-3.204806e-02 6.991685e-02 4.046066e-02) (3.083942e-03 7.704864e-04 -5.663429e-04))
254           	((-1.359720e-01 1.417126e+00 1.324944e+01) (6.259624e-04 7.148226e-03 3.520375e-01)) ((-3.188584e-02 7.004144e-02 4.058545e-02) (3.084104e-03 7.681736e-04 -5.646459e-04))
255           	((-1.357318e-01 1.410450e+00 1.324939e+01) (6.061613e-04 7.137725e-03 3.520262e-01)) ((-3.177838e-02 7.014122e-02 4.072979e-02) (3.083492e-03 7.653242e-04 -5.636040e-04))
256           	((-1.354722e-01 1.404164e+00 1.324921e+01) (5.876959e-04 7.121433e-03 3.520096e-01)) ((-3.172888e-02 7.021804e-02 4.090279e-02) (3.083208e-03 7.620646e-04 -5.622371e-04))
257           	((-1.351745e-01 1.398409e+00 1.324890e+01) (5.680079e-04 7.103736e-03 3.519919e-01)) ((-3.174246e-02 7.027395e-02 4.110099e-02) (3.082954e-03 7.588340e-04 -5.607949e-04))
258           	((-1.348218e-01 1.393333e+00 1.324849e+01) (5.503280e-04 7.081915e-03 3.519780e-01)) ((-3.181211e-02 7.030681e-02 4.131536e-02) (3.083390e-03 7.561289e-04 -5.596462e-04))
259           	((-1.344649e-01 1.388938e+00 1.324797e+01) (5.346563e-04 7.059859e-03 3.519708e-01)) ((-3.192407e-02 7.031210e-02 4.154929e-02) (3.085252e-03 7.538708e-04 -5.586916e-04))
260           	((-1.341794e-01 1.385141e+00 1.324736e+01) (5.169561e-04 7.035034e-03 3.519697e-01)) ((-3.206004e-02 7.028885e-02 4.181037e-02) (3.087703e-03 7.513627e-04 -5.576784e-04))
261           	((-1.339307e-01 1.382083e+00 1.324668e+01) (5.018641e-04 7.002254e-03 3.519701e-01)) ((-3.220793e-02 7.024243e-02 4.206873e-02) (3.091086e-03 7.498779e-04 -5.562437e-04))
262           	((-1.337068e-01 1.379769e+00 1.324595e+01) (4.935484e-04 6.965860e-03 3.519764e-01)) ((-3.236192e-02 7.017584e-02 4.229499e-02) (3.095374e-03 7.486821e-04 -5.556838e-04))
263           	((-1.335415e-01 1.378195e+00 1.324525e+01) (4.900127e-04 6.927709e-03 3.519919e-01)) ((-3.252263e-02 7.009212e-02 4.248387e-02) (3.100911e-03 7.492706e-04 -5.553458e-04))
264           	((-1.335324e-01 1.376922e+00 1.324464e+01) (4.803087e-04 6.896464e-03 3.519956e-01)) ((-3.269972e-02 6.999433e-02 4.268369e-02) (3.104781e-03 7.489197e-04 -5.549257e-04))
265           	((-1.336046e-01 1.375708e+00 1.324421e+01) (4.758705e-04 6.862687e-03 3.519922e-01)) ((-3.293324e-02 6.989856e-02 4.290970e-02) (3.108332e-03 7.482564e-04 -5.546556e-04))
266           	((-1.337644e-01 1.374439e+00 1.324401e+01) (4.701590e-04 6.830232e-03 3.519777e-01)) ((-3.321242e-02 6.980330e-02 4.316012e-02) (3.110124e-03 7.469029e-04 -5.543952e-04))
267           	((-1.340266e-01 1.373095e+00 1.324401e+01) (4.724769e-04 6.794984e-03 3.519536e-01)) ((-3.349082e-02 6.969849e-02 4.341824e-02) (3.110483e-03 7.457176e-04 -5.539909e-04))
268           	((-1.343376e-01 1.371969e+00 1.324421e+01) (4.810541e-04 6.757147e-03 3.519192e-01)) ((-3.376461e-02 6.959353e-02 4.364299e-02) (3.109613e-03 7.439908e-04 -5.541261e-04))
269           	((-1.344589e-01 1.371370e+00 1.324461e+01) (4.982503e-04 6.718478e-03 3.518860e-01)) ((-3.403847e-02 6.950459e-02 4.379405e-02) (3.108248e-03 7.425544e-04 -5.545238e-04))
270           	((-1.342414e-01 1.371376e+00 1.324515e+01) (5.173681e-04 6.675242e-03 3.518586e-01)) ((-3.429735e-02 6.943708e-02 4.386116e-02) (3.106885e-03 7.423341e-04 -5.543047e-04))
271           	((-1.336746e-01 1.371969e+00 1.324576e+01) (5.461010e-04 6.625766e-03 3.518406e-01)) ((-3.451462e-02 6.937863e-02 4.384816e-02) (3.106720e-03 7.433636e-04 -5.542683e-04))
272           	((-1.328631e-01 1.373069e+00 1.324638e+01) (5.798548e-04 6.570908e-03 3.518377e-01)) ((-3.465512e-02 6.931168e-02 4.376904e-02) (3.107520e-03 7.460974e-04 -5.541924e-04))
273           	((-1.318547e-01 1.374445e+00 1.324689e+01) (6.180152e-04 6.515789e-03 3.518653e-01)) ((-3.468024e-02 6.921875e-02 4.363001e-02) (3.111210e-03 7.523055e-04 -5.536644e-04))
274           	((-1.307017e-01 1.375666e+00 1.324722e+01) (6.528935e-04 6.465867e-03 3.519068e-01)) ((-3.456593e-02 6.909600e-02 4.345583e-02) (3.116117e-03 7.592667e-04 -5.528432e-04))
275           	((-1.292716e-01 1.376648e+00 1.324737e+01) (6.895553e-04 6.420927e-03 3.519351e-01)) ((-3.436813e-02 6.897905e-02 4.322626e-02) (3.119101e-03 7.661550e-04 -5.520829e-04))
276           	((-1.275950e-01 1.377084e+00 1.324741e+01) (7.285282e-04 6.379077e-03 3.519511e-01)) ((-3.411785e-02 6.888242e-02 4.295351e-02) (3.119967e-03 7.727455e-04 -5.515513e-04))
277           	((-1.256678e-01 1.376668e+00 1.324736e+01) (7.710496e-04 6.348712e-03 3.519514e-01)) ((-3.379889e-02 6.879907e-02 4.264498e-02) (3.118669e-03 7.789141e-04 -5.518338e-04))
278           	((-1.234315e-01 1.375212e+00 1.324725e+01) (8.143845e-04 6.326291e-03 3.519464e-01)) ((-3.339421e-02 6.872486e-02 4.230819e-02) (3.115834e-03 7.851778e-04 -5.521498e-04))
279           	((-1.208745e-01 1.373006e+00 1.324709e+01) (8.703012e-04 6.306959e-03 3.519292e-01)) ((-3.295671e-02 6.867372e-02 4.193796e-02) (3.111811e-03 7.921879e-04 -5.536539e-04))
280           	((-1.180747e-01 1.370127e+00 1.324693e+01) (9.358163e-04 6.290512e-03 3.519137e-01)) ((-3.253363e-02 6.865019e-02 4.154653e-02) (3.107602e-03 8.001358e-04 -5.561511e-04))
281           	((-1.151193e-01 1.366592e+00 1.324677e+01) (1.009227e-03 6.277116e-03 3.519015e-01)) ((-3.214743e-02 6.864887e-02 4.114216e-02) (3.103691e-03 8.096624e-04 -5.596918e-04))
282           	((-1.121006e-01 1.362318e+00 1.324659e+01) (1.093128e-03 6.268180e-03 3.518938e-01)) ((-3.178009e-02 6.865519e-02 4.073533e-02) (3.099988e-03 8.201975e-04 -5.641694e-04))
283           	((-1.091554e-01 1.357145e+00 1.324634e+01) (1.180847e-03 6.259458e-03 3.518934e-01)) ((-3.137928e-02 6.865121e-02 4.035330e-02) (3.096872e-03 8.329438e-04 -5.694059e-04))
284           	((-1.066781e-01 1.350931e+00 1.324595e+01) (1.275885e-03 6.258743e-03 3.518983e-01)) ((-3.089062e-02 6.860896e-02 4.005842e-02) (3.093742e-03 8.461036e-04 -5.756337e-04))
285           	((-1.049016e-01 1.343930e+00 1.324545e+01) (1.378868e-03 6.269454e-03 3.518959e-01)) ((-3.034667e-02 6.854046e-02 3.987518e-02) (3.089776e-03 8.595694e-04 -5.832288e-04))
286           	((-1.037541e-01 1.336684e+00 1.324487e+01) (1.488608e-03 6.283786e-03 3.518931e-01)) ((-2.981331e-02 6.847248e-02 3.978618e-02) (3.085542e-03 8.732573e-04 -5.916549e-04))
287           	((-1.031048e-01 1.329789e+00 1.324429e+01) (1.598510e-03 6.302630e-03 3.518874e-01)) ((-2.931755e-02 6.842961e-02 3.976623e-02) (3.080782e-03 8.876115e-04 -6.007994e-04))
288           	((-1.029567e-01 1.323355e+00 1.324374e+01) (1.707448e-03 6.327200e-03 3.518834e-01)) ((-2.883272e-02 6.841382e-02 3.981409e-02) (3.075895e-03 9.009492e-04 -6.103789e-04))
289           	((-1.033707e-01 1.317342e+00 1.324322e+01) (1.813240e-03 6.358143e-03 3.518834e-01)) ((-2.831669e-02 6.841087e-02 3.995273e-02) (3.071904e-03 9.142074e-04 -6.199576e-04))
290           	((-1.043817e-01 1.311546e+00 1.324274e+01) (1.911665e-03 6.395964e-03 3.518900e-01)) ((-2.774325e-02 6.840724e-02 4.019738e-02) (3.068125e-03 9.259032e-04 -6.292188e-04))
291           	((-1.059931e-01 1.305506e+00 1.324236e+01) (2.002954e-03 6.439141e-03 3.518876e-01)) ((-2.714009e-02 6.839250e-02 4.054792e-02) (3.062638e-03 9.358337e-04 -6.387638e-04))
292           	((-1.082575e-01 1.299121e+00 1.324216e+01) (2.094519e-03 6.487980e-03 3.518780e-01)) ((-2.654956e-02 6.835621e-02 4.102002e-02) (3.056314e-03 9.439403e-04 -6.489570e-04))
293           	((-1.111892e-01 1.292484e+00 1.324218e+01) (2.178913e-03 6.537186e-03 3.518641e-01)) ((-2.600446e-02 6.829158e-02 4.161474e-02) (3.049518e-03 9.515176e-04 -6.591137e-04))
294           	((-1.146771e-01 1.285884e+00 1.324243e+01) (2.256534e-03 6.580955e-03 3.518454e-01)) ((-2.551790e-02 6.820040e-02 4.230329e-02) (3.042328e-03 9.579495e-04 -6.688496e-04))
295           	((-1.186147e-01 1.279695e+00 1.324289e+01) (2.329290e-03 6.618805e-03 3.518214e-01)) ((-2.508716e-02 6.809453e-02 4.306603e-02) (3.034696e-03 9.643994e-04 -6.788365e-04))
296           	((-1.227851e-01 1.274280e+00 1.324350e+01) (2.397639e-03 6.652879e-03 3.517920e-01)) ((-2.471500e-02 6.798774e-02 4.387413e-02) (3.026650e-03 9.697781e-04 -6.889691e-04))
297           	((-1.269999e-01 1.269904e+00 1.324422e+01) (2.458095e-03 6.686384e-03 3.517620e-01)) ((-2.441100e-02 6.789010e-02 4.470696e-02) (3.018582e-03 9.755220e-04 -6.986669e-04))
298           	((-1.311519e-01 1.266725e+00 1.324505e+01) (2.507621e-03 6.714735e-03 3.517250e-01)) ((-2.418827e-02 6.779775e-02 4.554650e-02) (3.009840e-03 9.804699e-04 -7.073398e-04))
299           	((-1.352306e-01 1.264774e+00 1.324593e+01) (2.550984e-03 6.731523e-03 3.516848e-01)) ((-2.405943e-02 6.770077e-02 4.639159e-02) (3.000943e-03 9.853425e-04 -7.146032e-04))
300           	((-1.392055e-01 1.263833e+00 1.324685e+01) (2.583175e-03 6.736858e-03 3.516530e-01)) ((-2.402799e-02 6.758801e-02 4.723808e-02) (2.992842e-03 9.896596e-04 -7.204112e-04))
301           	((-1.430566e-01 1.263636e+00 1.324775e+01) (2.600882e-03 6.738148e-03 3.516200e-01)) ((-2.409531e-02 6.745241e-02 4.807962e-02) (2.984753e-03 9.930634e-04 -7.248442e-04))
302           	((-1.467149e-01 1.263739e+00 1.324859e+01) (2.608460e-03 6.727419e-03 3.515943e-01)) ((-2.425693e-02 6.729732e-02 4.888851e-02) (2.977584e-03 9.961563e-04 -7.274583e-04))
303           	((-1.500830e-01 1.263865e+00 1.324934e+01) (2.606764e-03 6.706826e-03 3.515692e-01)) ((-2.451638e-02 6.713986e-02 4.964898e-02) (2.971342e-03 9.988251e-04 -7.285596e-04))
304           	((-1.530634e-01 1.263910e+00 1.324999e+01) (2.594690e-03 6.681564e-03 3.515515e-01)) ((-2.487328e-02 6.699079e-02 5.035380e-02) (2.967112e-03 1.001105e-03 -7.276102e-04))
305           	((-1.555596e-01 1.263875e+00 1.325048e+01) (2.571353e-03 6.646432e-03 3.515409e-01)) ((-2.531933e-02 6.685752e-02 5.098192e-02) (2.964408e-03 1.003739e-03 -7.247411e-04))
306           	((-1.574756e-01 1.263954e+00 1.325077e+01) (2.535460e-03 6.604721e-03 3.515365e-01)) ((-2.583568e-02 6.674717e-02 5.151031e-02) (2.964209e-03 1.006654e-03 -7.190502e-04))
307           	((-1.588414e-01 1.264207e+00 1.325078e+01) (2.480509e-03 6.561716e-03 3.515362e-01)) ((-2.639889e-02 6.666452e-02 5.196427e-02) (2.964941e-03 1.008875e-03 -7.106508e-04))
308           	((-1.596022e-01 1.264921e+00 1.325048e+01) (2.405924e-03 6.520788e-03 3.515427e-01)) ((-2.702390e-02 6.662889e-02 5.234689e-02) (2.966537e-03 1.010658e-03 -6.991728e-04))
309           	((-1.597424e-01 1.266185e+00 1.324986e+01) (2.317294e-03 6.476142e-03 3.515458e-01)) ((-2.769935e-02 6.664352e-02 5.265752e-02) (2.967697e-03 1.010733e-03 -6.849471e-04))
310           	((-1.593126e-01 1.267841e+00 1.324891e+01) (2.215141e-03 6.427235e-03 3.515492e-01)) ((-2.837368e-02 6.669143e-02 5.289460e-02) (2.969081e-03 1.010015e-03 -6.686257e-04))
311           	((-1.582652e-01 1.269619e+00 1.324763e+01) (2.098632e-03 6.377975e-03 3.515538e-01)) ((-2.901506e-02 6.676417e-02 5.302665e-02) (2.970490e-03 1.008100e-03 -6.504911e-04))
312           	((-1.565559e-01 1.271417e+00 1.324614e+01) (1.978628e-03 6.332898e-03 3.515545e-01)) ((-2.962351e-02 6.687462e-02 5.302844e-02) (2.971823e-03 1.005365e-03 -6.310804e-04))
313           	((-1.542052e-01 1.273207e+00 1.324451e+01) (1.859503e-03 6.291167e-03 3.515441e-01)) ((-3.021876e-02 6.702706e-02 5.289085e-02) (2.972164e-03 1.000945e-03 -6.118542e-04))
314           	((-1.512858e-01 1.275072e+00 1.324291e+01) (1.740886e-03 6.254136e-03 3.515231e-01)) ((-3.083235e-02 6.721856e-02 5.262100e-02) (2.970967e-03 9.958073e-04 -5.924772e-04))
315           	((-1.478432e-01 1.277148e+00 1.324135e+01) (1.630464e-03 6.225254e-03 3.514962e-01)) ((-3.148628e-02 6.742383e-02 5.222426e-02) (2.969091e-03 9.907089e-04 -5.730526e-04))
316           	((-1.440426e-01 1.279802e+00 1.323985e+01) (1.528750e-03 6.204553e-03 3.514674e-01)) ((-3.217980e-02 6.761422e-02 5.172916e-02) (2.967077e-03 9.856761e-04 -5.546013e-04))
317           	((-1.400152e-01 1.283368e+00 1.323838e+01) (1.435530e-03 6.190398e-03 3.514497e-01)) ((-3.290418e-02 6.778276e-02 5.114626e-02) (2.966087e-03 9.801208e-04 -5.372589e-04))
318           	((-1.359352e-01 1.287915e+00 1.323693e+01) (1.355918e-03 6.182169e-03 3.514525e-01)) ((-3.363424e-02 6.792015e-02 5.048811e-02) (2.967070e-03 9.749204e-04 -5.211961e-04))
319           	((-1.319300e-01 1.293466e+00 1.323550e+01) (1.279826e-03 6.180289e-03 3.514667e-01)) ((-3.436180e-02 6.802368e-02 4.978067e-02) (2.969543e-03 9.694113e-04 -5.057145e-04))
320           	((-1.279945e-01 1.299915e+00 1.323415e+01) (1.213513e-03 6.189898e-03 3.514761e-01)) ((-3.510254e-02 6.810352e-02 4.902267e-02) (2.971305e-03 9.633289e-04 -4.916703e-04))
321           	((-1.242552e-01 1.306843e+00 1.323293e+01) (1.157083e-03 6.212828e-03 3.514774e-01)) ((-3.584460e-02 6.815396e-02 4.823505e-02) (2.971623e-03 9.565744e-04 -4.792336e-04))
322           	((-1.207932e-01 1.313771e+00 1.323186e+01) (1.111352e-03 6.238318e-03 3.514612e-01)) ((-3.656175e-02 6.816553e-02 4.743829e-02) (2.970017e-03 9.480027e-04 -4.690907e-04))
323           	((-1.176457e-01 1.320407e+00 1.323090e+01) (1.077668e-03 6.268254e-03 3.514329e-01)) ((-3.720950e-02 6.814578e-02 4.664624e-02) (2.966829e-03 9.393321e-04 -4.613876e-04))
324           	((-1.148361e-01 1.326647e+00 1.323004e+01) (1.067111e-03 6.296238e-03 3.513926e-01)) ((-3.772329e-02 6.811280e-02 4.587697e-02) (2.962109e-03 9.308235e-04 -4.564429e-04))
325           	((-1.122894e-01 1.332398e+00 1.322934e+01) (1.072663e-03 6.322449e-03 3.513458e-01)) ((-3.808205e-02 6.807035e-02 4.514420e-02) (2.956947e-03 9.229671e-04 -4.545162e-04))
326           	((-1.099592e-01 1.337527e+00 1.322887e+01) (1.100990e-03 6.339184e-03 3.512979e-01)) ((-3.828401e-02 6.800829e-02 4.445538e-02) (2.952087e-03 9.168315e-04 -4.552327e-04))
327           	((-1.079556e-01 1.341824e+00 1.322867e+01) (1.147109e-03 6.351463e-03 3.512519e-01)) ((-3.831807e-02 6.790438e-02 4.381148e-02) (2.947736e-03 9.126338e-04 -4.590736e-04))
328           	((-1.062635e-01 1.345022e+00 1.322872e+01) (1.206405e-03 6.355758e-03 3.512049e-01)) ((-3.817292e-02 6.774434e-02 4.321957e-02) (2.943349e-03 9.099153e-04 -4.654401e-04))
329           	((-1.049121e-01 1.346899e+00 1.322896e+01) (1.270034e-03 6.357799e-03 3.511603e-01)) ((-3.785403e-02 6.753007e-02 4.271808e-02) (2.938967e-03 9.077429e-04 -4.734388e-04))
330           	((-1.039490e-01 1.347403e+00 1.322940e+01) (1.347151e-03 6.354732e-03 3.511122e-01)) ((-3.740356e-02 6.728072e-02 4.229513e-02) (2.934370e-03 9.069374e-04 -4.840515e-04))
331           	((-1.033110e-01 1.346584e+00 1.322998e+01) (1.428657e-03 6.347649e-03 3.510706e-01)) ((-3.685923e-02 6.701822e-02 4.195819e-02) (2.930082e-03 9.072472e-04 -4.958283e-04))
332           	((-1.028358e-01 1.344552e+00 1.323060e+01) (1.504968e-03 6.342404e-03 3.510328e-01)) ((-3.625273e-02 6.676244e-02 4.173627e-02) (2.925547e-03 9.087442e-04 -5.081877e-04))
333           	((-1.024390e-01 1.341426e+00 1.323118e+01) (1.584533e-03 6.335395e-03 3.509895e-01)) ((-3.560848e-02 6.651783e-02 4.163070e-02) (2.920269e-03 9.105747e-04 -5.213070e-04))
334           	((-1.021858e-01 1.337053e+00 1.323169e+01) (1.666030e-03 6.326822e-03 3.509573e-01)) ((-3.493519e-02 6.626945e-02 4.164452e-02) (2.915671e-03 9.129613e-04 -5.354357e-04))
335           	((-1.020637e-01 1.331484e+00 1.323209e+01) (1.732990e-03 6.327955e-03 3.509325e-01)) ((-3.422946e-02 6.601648e-02 4.176895e-02) (2.910656e-03 9.159132e-04 -5.485171e-04))
336           	((-1.021936e-01 1.324817e+00 1.323236e+01) (1.796374e-03 6.326140e-03 3.509048e-01)) ((-3.350189e-02 6.576331e-02 4.198131e-02) (2.904923e-03 9.181732e-04 -5.609401e-04))
337           	((-1.027579e-01 1.317140e+00 1.323247e+01) (1.851557e-03 6.329405e-03 3.508870e-01)) ((-3.277968e-02 6.552697e-02 4.226667e-02) (2.899465e-03 9.204153e-04 -5.734791e-04))
338           	((-1.039864e-01 1.308751e+00 1.323242e+01) (1.894893e-03 6.335277e-03 3.508742e-01)) ((-3.208484e-02 6.532868e-02 4.264586e-02) (2.894323e-03 9.223024e-04 -5.849397e-04))
339           	((-1.059210e-01 1.300181e+00 1.323221e+01) (1.923974e-03 6.341112e-03 3.508641e-01)) ((-3.146749e-02 6.518961e-02 4.308680e-02) (2.889004e-03 9.235322e-04 -5.943542e-04))
340           	((-1.085172e-01 1.291725e+00 1.323188e+01) (1.944838e-03 6.348110e-03 3.508523e-01)) ((-3.097600e-02 6.512585e-02 4.359319e-02) (2.883580e-03 9.244388e-04 -6.028506e-04))
341           	((-1.116612e-01 1.283871e+00 1.323147e+01) (1.956769e-03 6.369513e-03 3.508395e-01)) ((-3.062362e-02 6.513896e-02 4.415251e-02) (2.877699e-03 9.251097e-04 -6.106869e-04))
342           	((-1.151719e-01 1.276945e+00 1.323107e+01) (1.960908e-03 6.398125e-03 3.508276e-01)) ((-3.042060e-02 6.523212e-02 4.473754e-02) (2.872488e-03 9.265619e-04 -6.166304e-04))
343           	((-1.188454e-01 1.271255e+00 1.323081e+01) (1.954845e-03 6.427577e-03 3.508024e-01)) ((-3.039953e-02 6.538674e-02 4.532951e-02) (2.865873e-03 9.274723e-04 -6.201671e-04))
344           	((-1.224928e-01 1.266597e+00 1.323084e+01) (1.940873e-03 6.467968e-03 3.507666e-01)) ((-3.061855e-02 6.556337e-02 4.592686e-02) (2.858098e-03 9.278115e-04 -6.228397e-04))
345           	((-1.260438e-01 1.262585e+00 1.323123e+01) (1.922068e-03 6.514458e-03 3.507234e-01)) ((-3.111361e-02 6.572932e-02 4.653380e-02) (2.848866e-03 9.280180e-04 -6.234569e-04))
346           	((-1.293963e-01 1.259267e+00 1.323194e+01) (1.896351e-03 6.556764e-03 3.506796e-01)) ((-3.183864e-02 6.586306e-02 4.710782e-02) (2.840259e-03 9.293336e-04 -6.221474e-04))
347           	((-1.323893e-01 1.256785e+00 1.323281e+01) (1.859616e-03 6.595802e-03 3.506289e-01)) ((-3.266035e-02 6.595758e-02 4.760656e-02) (2.831122e-03 9.311542e-04 -6.188730e-04))
348           	((-1.350930e-01 1.255516e+00 1.323368e+01) (1.830418e-03 6.633689e-03 3.505793e-01)) ((-3.341964e-02 6.601911e-02 4.801927e-02) (2.822875e-03 9.328103e-04 -6.160077e-04))
349           	((-1.375488e-01 1.255531e+00 1.323442e+01) (1.799981e-03 6.661165e-03 3.505374e-01)) ((-3.400091e-02 6.606173e-02 4.835326e-02) (2.816916e-03 9.347868e-04 -6.116342e-04))
350           	((-1.398301e-01 1.256631e+00 1.323501e+01) (1.775765e-03 6.680292e-03 3.505173e-01)) ((-3.435761e-02 6.609593e-02 4.863348e-02) (2.814975e-03 9.358547e-04 -6.072831e-04))
351           	((-1.418800e-01 1.258491e+00 1.323546e+01) (1.751174e-03 6.691059e-03 3.505358e-01)) ((-3.447696e-02 6.611213e-02 4.887665e-02) (2.819316e-03 9.363727e-04 -6.020469e-04))
352           	((-1.436746e-01 1.260587e+00 1.323583e+01) (1.726583e-03 6.699656e-03 3.505762e-01)) ((-3.440228e-02 6.608532e-02 4.905310e-02) (2.827049e-03 9.369113e-04 -5.967271e-04))
353           	((-1.451067e-01 1.262485e+00 1.323622e+01) (1.700925e-03 6.694223e-03 3.506286e-01)) ((-3.420819e-02 6.600199e-02 4.912089e-02) (2.837978e-03 9.382280e-04 -5.907416e-04))
354           	((-1.461040e-01 1.263927e+00 1.323669e+01) (1.681692e-03 6.676983e-03 3.506933e-01)) ((-3.396168e-02 6.586167e-02 4.903385e-02) (2.851788e-03 9.400810e-04 -5.854247e-04))
355           	((-1.464483e-01 1.264790e+00 1.323727e+01) (1.658734e-03 6.650511e-03 3.507670e-01)) ((-3.368669e-02 6.567605e-02 4.877316e-02) (2.867853e-03 9.436229e-04 -5.796261e-04))
356           	((-1.459645e-01 1.265457e+00 1.323802e+01) (1.639249e-03 6.609485e-03 3.508386e-01)) ((-3.341776e-02 6.546681e-02 4.833025e-02) (2.885531e-03 9.457495e-04 -5.746610e-04))
357           	((-1.448108e-01 1.266121e+00 1.323889e+01) (1.622691e-03 6.558426e-03 3.509036e-01)) ((-3.315747e-02 6.522845e-02 4.776336e-02) (2.904208e-03 9.468758e-04 -5.696322e-04))
358           	((-1.432170e-01 1.266619e+00 1.323976e+01) (1.606457e-03 6.501510e-03 3.509672e-01)) ((-3.290504e-02 6.495488e-02 4.715273e-02) (2.922919e-03 9.463409e-04 -5.651406e-04))
359           	((-1.414072e-01 1.266815e+00 1.324051e+01) (1.590539e-03 6.430371e-03 3.510340e-01)) ((-3.262152e-02 6.464093e-02 4.651881e-02) (2.941658e-03 9.452641e-04 -5.610473e-04))
360           	((-1.395441e-01 1.266662e+00 1.324105e+01) (1.584265e-03 6.353904e-03 3.510993e-01)) ((-3.230763e-02 6.432023e-02 4.585520e-02) (2.960087e-03 9.421944e-04 -5.579008e-04))
361           	((-1.374927e-01 1.266428e+00 1.324133e+01) (1.575380e-03 6.272474e-03 3.511662e-01)) ((-3.199139e-02 6.402717e-02 4.516371e-02) (2.978416e-03 9.384035e-04 -5.544164e-04))
362           	((-1.352704e-01 1.266425e+00 1.324132e+01) (1.562637e-03 6.186842e-03 3.512323e-01)) ((-3.169216e-02 6.377322e-02 4.444629e-02) (2.995772e-03 9.335502e-04 -5.514613e-04))
363           	((-1.329203e-01 1.266973e+00 1.324102e+01) (1.547899e-03 6.103218e-03 3.513063e-01)) ((-3.141103e-02 6.355840e-02 4.370652e-02) (3.011856e-03 9.281698e-04 -5.486413e-04))
364           	((-1.305284e-01 1.268257e+00 1.324046e+01) (1.525501e-03 6.020660e-03 3.513789e-01)) ((-3.114274e-02 6.336841e-02 4.297684e-02) (3.026328e-03 9.213542e-04 -5.456827e-04))
365           	((-1.282379e-01 1.270406e+00 1.323967e+01) (1.500465e-03 5.946118e-03 3.514513e-01)) ((-3.090512e-02 6.318717e-02 4.229588e-02) (3.038338e-03 9.141459e-04 -5.432954e-04))
366           	((-1.262432e-01 1.273524e+00 1.323866e+01) (1.478107e-03 5.877435e-03 3.515215e-01)) ((-3.073545e-02 6.300722e-02 4.170400e-02) (3.047805e-03 9.064404e-04 -5.418726e-04))
367           	((-1.246061e-01 1.277641e+00 1.323748e+01) (1.453071e-03 5.817765e-03 3.515899e-01)) ((-3.069839e-02 6.284061e-02 4.121677e-02) (3.054824e-03 8.984034e-04 -5.400205e-04))
368           	((-1.232999e-01 1.282684e+00 1.323607e+01) (1.428828e-03 5.770928e-03 3.516479e-01)) ((-3.082355e-02 6.271386e-02 4.083270e-02) (3.058284e-03 8.899350e-04 -5.392718e-04))
369           	((-1.222899e-01 1.288496e+00 1.323441e+01) (1.412263e-03 5.733870e-03 3.517054e-01)) ((-3.110225e-02 6.264475e-02 4.055091e-02) (3.060109e-03 8.826205e-04 -5.395528e-04))
370           	((-1.215127e-01 1.294614e+00 1.323259e+01) (1.392579e-03 5.712561e-03 3.517534e-01)) ((-3.150485e-02 6.264151e-02 4.038447e-02) (3.059286e-03 8.761441e-04 -5.399126e-04))
371           	((-1.209646e-01 1.300872e+00 1.323066e+01) (1.372773e-03 5.705713e-03 3.517956e-01)) ((-3.197572e-02 6.270349e-02 4.032114e-02) (3.055567e-03 8.705062e-04 -5.406952e-04))
372           	((-1.207022e-01 1.307221e+00 1.322871e+01) (1.356242e-03 5.722348e-03 3.518328e-01)) ((-3.246071e-02 6.280918e-02 4.038279e-02) (3.049653e-03 8.672821e-04 -5.419883e-04))
373           	((-1.207624e-01 1.313426e+00 1.322678e+01) (1.338724e-03 5.753494e-03 3.518516e-01)) ((-3.292908e-02 6.295935e-02 4.055341e-02) (3.039946e-03 8.655686e-04 -5.429426e-04))
374           	((-1.211216e-01 1.319017e+00 1.322482e+01) (1.325217e-03 5.798621e-03 3.518502e-01)) ((-3.335948e-02 6.315079e-02 4.081016e-02) (3.027359e-03 8.649721e-04 -5.443401e-04))
375           	((-1.218929e-01 1.323875e+00 1.322280e+01) (1.322335e-03 5.860882e-03 3.518252e-01)) ((-3.372005e-02 6.336985e-02 4.115184e-02) (3.011439e-03 8.651694e-04 -5.459026e-04))
376           	((-1.230391e-01 1.327737e+00 1.322082e+01) (1.326716e-03 5.939244e-03 3.517821e-01)) ((-3.397010e-02 6.360200e-02 4.160079e-02) (2.992705e-03 8.673040e-04 -5.481478e-04))
377           	((-1.243900e-01 1.330291e+00 1.321900e+01) (1.324912e-03 6.025729e-03 3.517287e-01)) ((-3.407010e-02 6.384558e-02 4.213892e-02) (2.972365e-03 8.701274e-04 -5.493986e-04))
378           	((-1.257901e-01 1.331211e+00 1.321746e+01) (1.330967e-03 6.120891e-03 3.516547e-01)) ((-3.401204e-02 6.410625e-02 4.275033e-02) (2.950149e-03 8.723098e-04 -5.501641e-04))
379           	((-1.271576e-01 1.330311e+00 1.321624e+01) (1.339833e-03 6.223665e-03 3.515678e-01)) ((-3.380089e-02 6.437671e-02 4.342732e-02) (2.926722e-03 8.742008e-04 -5.505605e-04))
380           	((-1.285592e-01 1.327380e+00 1.321540e+01) (1.357046e-03 6.333129e-03 3.514656e-01)) ((-3.345279e-02 6.463888e-02 4.416631e-02) (2.901750e-03 8.752065e-04 -5.511483e-04))
381           	((-1.299310e-01 1.322536e+00 1.321507e+01) (1.378286e-03 6.440054e-03 3.513497e-01)) ((-3.303028e-02 6.488213e-02 4.492361e-02) (2.876096e-03 8.760894e-04 -5.504763e-04))
382           	((-1.310669e-01 1.316105e+00 1.321534e+01) (1.405981e-03 6.548755e-03 3.512196e-01)) ((-3.260006e-02 6.510116e-02 4.563283e-02) (2.850724e-03 8.766769e-04 -5.505552e-04))
383           	((-1.318989e-01 1.308171e+00 1.321619e+01) (1.436601e-03 6.648124e-03 3.510948e-01)) ((-3.216898e-02 6.528174e-02 4.627624e-02) (2.827507e-03 8.768463e-04 -5.506884e-04))
384           	((-1.324712e-01 1.298725e+00 1.321749e+01) (1.477398e-03 6.736248e-03 3.509752e-01)) ((-3.169811e-02 6.538661e-02 4.686733e-02) (2.807330e-03 8.764559e-04 -5.509898e-04))
385           	((-1.328910e-01 1.287890e+00 1.321902e+01) (1.518681e-03 6.809070e-03 3.508725e-01)) ((-3.112324e-02 6.538880e-02 4.742589e-02) (2.791783e-03 8.762113e-04 -5.509676e-04))
386           	((-1.332585e-01 1.275839e+00 1.322059e+01) (1.565829e-03 6.868891e-03 3.507873e-01)) ((-3.036032e-02 6.527455e-02 4.791643e-02) (2.780449e-03 8.758844e-04 -5.519083e-04))
387           	((-1.337404e-01 1.263193e+00 1.322202e+01) (1.610323e-03 6.912529e-03 3.507338e-01)) ((-2.935502e-02 6.504544e-02 4.828391e-02) (2.775207e-03 8.776875e-04 -5.533247e-04))
388           	((-1.344009e-01 1.251152e+00 1.322324e+01) (1.661123e-03 6.939514e-03 3.507001e-01)) ((-2.810208e-02 6.474839e-02 4.843133e-02) (2.774525e-03 8.807463e-04 -5.557089e-04))
389           	((-1.352927e-01 1.240689e+00 1.322435e+01) (1.707618e-03 6.953246e-03 3.506835e-01)) ((-2.671238e-02 6.443948e-02 4.836115e-02) (2.776614e-03 8.841245e-04 -5.600071e-04))
390           	((-1.363966e-01 1.232639e+00 1.322545e+01) (1.764025e-03 6.950955e-03 3.506823e-01)) ((-2.530111e-02 6.415257e-02 4.810128e-02) (2.783253e-03 8.874646e-04 -5.659579e-04))
391           	((-1.378205e-01 1.226703e+00 1.322665e+01) (1.817642e-03 6.931206e-03 3.507003e-01)) ((-2.398417e-02 6.388579e-02 4.775962e-02) (2.793916e-03 8.894743e-04 -5.728992e-04))
392           	((-1.395605e-01 1.222441e+00 1.322801e+01) (1.868827e-03 6.893315e-03 3.507511e-01)) ((-2.282299e-02 6.359946e-02 4.743041e-02) (2.809652e-03 8.916255e-04 -5.801841e-04))
393           	((-1.412643e-01 1.219682e+00 1.322944e+01) (1.921765e-03 6.838387e-03 3.508253e-01)) ((-2.184198e-02 6.327363e-02 4.713592e-02) (2.830032e-03 8.935499e-04 -5.882836e-04))
394           	((-1.426736e-01 1.217968e+00 1.323084e+01) (1.968112e-03 6.760140e-03 3.509162e-01)) ((-2.106451e-02 6.290289e-02 4.688813e-02) (2.854414e-03 8.961261e-04 -5.960863e-04))
395           	((-1.436721e-01 1.216645e+00 1.323204e+01) (2.002759e-03 6.673139e-03 3.510268e-01)) ((-2.048381e-02 6.250030e-02 4.663951e-02) (2.881632e-03 8.986015e-04 -6.038751e-04))
396           	((-1.442601e-01 1.215251e+00 1.323292e+01) (2.031132e-03 6.579648e-03 3.511474e-01)) ((-2.007961e-02 6.209434e-02 4.631044e-02) (2.910844e-03 9.005307e-04 -6.114166e-04))
397           	((-1.444855e-01 1.213991e+00 1.323331e+01) (2.051350e-03 6.483108e-03 3.512792e-01)) ((-1.978572e-02 6.170845e-02 4.587555e-02) (2.941304e-03 9.018284e-04 -6.186113e-04))
398           	((-1.445290e-01 1.213458e+00 1.323310e+01) (2.068952e-03 6.382770e-03 3.514207e-01)) ((-1.957184e-02 6.138762e-02 4.533345e-02) (2.972194e-03 9.032026e-04 -6.261878e-04))
399           	((-1.444051e-01 1.214287e+00 1.323227e+01) (2.075827e-03 6.287702e-03 3.515734e-01)) ((-1.944713e-02 6.115895e-02 4.469981e-02) (3.003432e-03 9.039878e-04 -6.332388e-04))
400           	((-1.441771e-01 1.217043e+00 1.323089e+01) (2.070659e-03 6.200940e-03 3.517170e-01)) ((-1.947030e-02 6.102441e-02 4.405321e-02) (3.032104e-03 9.033779e-04 -6.390282e-04))
401           	((-1.438439e-01 1.222051e+00 1.322907e+01) (2.058291e-03 6.120596e-03 3.518604e-01)) ((-1.971462e-02 6.099096e-02 4.345367e-02) (3.058330e-03 9.027785e-04 -6.450117e-04))
402           	((-1.434810e-01 1.229502e+00 1.322704e+01) (2.049088e-03 6.048631e-03 3.519927e-01)) ((-2.027224e-02 6.104833e-02 4.295081e-02) (3.080463e-03 9.025981e-04 -6.510953e-04))
403           	((-1.431523e-01 1.239516e+00 1.322489e+01) (2.034565e-03 5.985407e-03 3.521121e-01)) ((-2.122911e-02 6.117226e-02 4.258608e-02) (3.097943e-03 9.032637e-04 -6.563646e-04))
404           	((-1.428687e-01 1.252131e+00 1.322273e+01) (2.026649e-03 5.937584e-03 3.522135e-01)) ((-2.262074e-02 6.132181e-02 4.236310e-02) (3.110514e-03 9.046191e-04 -6.620418e-04))
405           	((-1.426406e-01 1.267238e+00 1.322057e+01) (2.016718e-03 5.897829e-03 3.523036e-01)) ((-2.441302e-02 6.147043e-02 4.227711e-02) (3.119310e-03 9.075019e-04 -6.666348e-04))
406           	((-1.424403e-01 1.284660e+00 1.321824e+01) (2.006749e-03 5.871573e-03 3.523760e-01)) ((-2.650901e-02 6.159945e-02 4.228249e-02) (3.124094e-03 9.115368e-04 -6.694450e-04))
407           	((-1.423605e-01 1.303789e+00 1.321560e+01) (1.998045e-03 5.859068e-03 3.524317e-01)) ((-2.878942e-02 6.172586e-02 4.235741e-02) (3.124835e-03 9.167543e-04 -6.708330e-04))
408           	((-1.423739e-01 1.324055e+00 1.321264e+01) (1.990812e-03 5.870758e-03 3.524676e-01)) ((-3.116346e-02 6.189196e-02 4.247074e-02) (3.121085e-03 9.222478e-04 -6.698621e-04))
409           	((-1.423765e-01 1.345351e+00 1.320948e+01) (1.983763e-03 5.903380e-03 3.524910e-01)) ((-3.356159e-02 6.212003e-02 4.261883e-02) (3.114846e-03 9.272262e-04 -6.668927e-04))
410           	((-1.421143e-01 1.367337e+00 1.320636e+01) (1.978636e-03 5.955082e-03 3.525034e-01)) ((-3.591125e-02 6.239304e-02 4.279481e-02) (3.107051e-03 9.319961e-04 -6.624072e-04))
411           	((-1.415518e-01 1.388990e+00 1.320348e+01) (1.970123e-03 6.019436e-03 3.525014e-01)) ((-3.813670e-02 6.269771e-02 4.298430e-02) (3.096774e-03 9.380169e-04 -6.553276e-04))
412           	((-1.406602e-01 1.409215e+00 1.320102e+01) (1.964367e-03 6.103129e-03 3.524594e-01)) ((-4.014347e-02 6.300557e-02 4.315707e-02) (3.081523e-03 9.443739e-04 -6.476782e-04))
413           	((-1.396001e-01 1.426985e+00 1.319902e+01) (1.959626e-03 6.200320e-03 3.523873e-01)) ((-4.181068e-02 6.328511e-02 4.331911e-02) (3.061880e-03 9.505837e-04 -6.393209e-04))
414           	((-1.386048e-01 1.441019e+00 1.319739e+01) (1.955334e-03 6.308409e-03 3.522890e-01)) ((-4.301647e-02 6.351033e-02 4.351277e-02) (3.038796e-03 9.571968e-04 -6.302454e-04))
415           	((-1.376991e-01 1.450568e+00 1.319609e+01) (1.950502e-03 6.418780e-03 3.521645e-01)) ((-4.371037e-02 6.367133e-02 4.374737e-02) (3.012574e-03 9.637839e-04 -6.204221e-04))
416           	((-1.368556e-01 1.455696e+00 1.319518e+01) (1.960753e-03 6.527279e-03 3.520154e-01)) ((-4.392505e-02 6.376507e-02 4.406096e-02) (2.983943e-03 9.697334e-04 -6.119475e-04))
417           	((-1.361482e-01 1.456354e+00 1.319482e+01) (1.974889e-03 6.630070e-03 3.518583e-01)) ((-4.372117e-02 6.378931e-02 4.450570e-02) (2.954393e-03 9.763648e-04 -6.042064e-04))
418           	((-1.353659e-01 1.452231e+00 1.319514e+01) (1.998918e-03 6.723063e-03 3.517033e-01)) ((-4.316812e-02 6.375164e-02 4.500528e-02) (2.926206e-03 9.827259e-04 -5.981049e-04))
419           	((-1.342195e-01 1.443164e+00 1.319623e+01) (2.022750e-03 6.796980e-03 3.515566e-01)) ((-4.236228e-02 6.366365e-02 4.542173e-02) (2.899146e-03 9.891586e-04 -5.929641e-04))
420           	((-1.328527e-01 1.430233e+00 1.319815e+01) (2.055643e-03 6.859389e-03 3.514365e-01)) ((-4.131118e-02 6.353475e-02 4.575614e-02) (2.876645e-03 9.943228e-04 -5.891868e-04))
421           	((-1.313798e-01 1.414715e+00 1.320082e+01) (2.082852e-03 6.906068e-03 3.513466e-01)) ((-4.002142e-02 6.338932e-02 4.601490e-02) (2.858967e-03 9.978788e-04 -5.859031e-04))
422           	((-1.300229e-01 1.397016e+00 1.320412e+01) (2.105373e-03 6.930435e-03 3.512898e-01)) ((-3.848180e-02 6.323957e-02 4.615116e-02) (2.846986e-03 1.000304e-03 -5.831137e-04))
423           	((-1.288050e-01 1.377845e+00 1.320794e+01) (2.128682e-03 6.939138e-03 3.512578e-01)) ((-3.669085e-02 6.308896e-02 4.610405e-02) (2.839366e-03 1.001207e-03 -5.815043e-04))
424           	((-1.279293e-01 1.357652e+00 1.321207e+01) (2.146270e-03 6.936164e-03 3.512567e-01)) ((-3.458306e-02 6.290314e-02 4.598408e-02) (2.837031e-03 9.995545e-04 -5.805786e-04))
425           	((-1.275230e-01 1.337282e+00 1.321639e+01) (2.163232e-03 6.914844e-03 3.512783e-01)) ((-3.217086e-02 6.266536e-02 4.579818e-02) (2.838252e-03 9.956131e-04 -5.818018e-04))
426           	((-1.272310e-01 1.317755e+00 1.322076e+01) (2.180513e-03 6.884785e-03 3.513113e-01)) ((-2.950506e-02 6.235708e-02 4.551171e-02) (2.842608e-03 9.890242e-04 -5.845723e-04))
427           	((-1.266008e-01 1.299778e+00 1.322521e+01) (2.196319e-03 6.843892e-03 3.513628e-01)) ((-2.679001e-02 6.201003e-02 4.505591e-02) (2.850663e-03 9.797367e-04 -5.898610e-04))
428           	((-1.255935e-01 1.283266e+00 1.322979e+01) (2.203280e-03 6.786168e-03 3.514308e-01)) ((-2.422588e-02 6.165010e-02 4.448545e-02) (2.863120e-03 9.693193e-04 -5.940611e-04))
429           	((-1.243708e-01 1.268423e+00 1.323433e+01) (2.197298e-03 6.715951e-03 3.515094e-01)) ((-2.193606e-02 6.130041e-02 4.392909e-02) (2.878793e-03 9.572172e-04 -5.986714e-04))
430           	((-1.229818e-01 1.255298e+00 1.323861e+01) (2.175317e-03 6.633216e-03 3.516033e-01)) ((-2.001610e-02 6.097148e-02 4.350576e-02) (2.898950e-03 9.440822e-04 -6.019921e-04))
431           	((-1.217285e-01 1.243329e+00 1.324243e+01) (2.144547e-03 6.550370e-03 3.517209e-01)) ((-1.848244e-02 6.064833e-02 4.326666e-02) (2.922614e-03 9.302668e-04 -6.052034e-04))
432           	((-1.208638e-01 1.232322e+00 1.324561e+01) (2.108425e-03 6.456006e-03 3.518463e-01)) ((-1.733042e-02 6.033346e-02 4.324010e-02) (2.948849e-03 9.161554e-04 -6.086457e-04))
433           	((-1.206040e-01 1.222193e+00 1.324795e+01) (2.062130e-03 6.365420e-03 3.519664e-01)) ((-1.650507e-02 6.005692e-02 4.344693e-02) (2.974047e-03 9.010536e-04 -6.125882e-04))
434           	((-1.208685e-01 1.213495e+00 1.324923e+01) (2.023466e-03 6.284056e-03 3.520884e-01)) ((-1.593251e-02 5.984628e-02 4.376525e-02) (2.999911e-03 8.861630e-04 -6.177669e-04))
435           	((-1.213735e-01 1.207682e+00 1.324943e+01) (1.984745e-03 6.212359e-03 3.522117e-01)) ((-1.559963e-02 5.977351e-02 4.411294e-02) (3.025103e-03 8.740119e-04 -6.244034e-04))
436           	((-1.218419e-01 1.205738e+00 1.324860e+01) (1.951777e-03 6.150332e-03 3.523216e-01)) ((-1.558285e-02 5.987985e-02 4.441514e-02) (3.048341e-03 8.637383e-04 -6.310023e-04))
437           	((-1.221387e-01 1.207851e+00 1.324695e+01) (1.924987e-03 6.104549e-03 3.524204e-01)) ((-1.591110e-02 6.014843e-02 4.463299e-02) (3.070126e-03 8.555305e-04 -6.382956e-04))
438           	((-1.223192e-01 1.213833e+00 1.324466e+01) (1.897308e-03 6.069936e-03 3.524901e-01)) ((-1.663951e-02 6.052529e-02 4.479043e-02) (3.087793e-03 8.494471e-04 -6.443888e-04))
439           	((-1.228503e-01 1.223497e+00 1.324168e+01) (1.870152e-03 6.055042e-03 3.525367e-01)) ((-1.774886e-02 6.095616e-02 4.499922e-02) (3.101143e-03 8.462163e-04 -6.504159e-04))
440           	((-1.240577e-01 1.236780e+00 1.323796e+01) (1.844090e-03 6.059190e-03 3.525698e-01)) ((-1.918232e-02 6.142904e-02 4.537197e-02) (3.111091e-03 8.462040e-04 -6.547700e-04))
441           	((-1.258698e-01 1.254152e+00 1.323354e+01) (1.826648e-03 6.087772e-03 3.525913e-01)) ((-2.087284e-02 6.195469e-02 4.597964e-02) (3.117990e-03 8.498122e-04 -6.578638e-04))
442           	((-1.280508e-01 1.274868e+00 1.322839e+01) (1.822036e-03 6.138571e-03 3.526119e-01)) ((-2.270470e-02 6.255254e-02 4.678468e-02) (3.122708e-03 8.557162e-04 -6.603537e-04))
443           	((-1.300464e-01 1.297480e+00 1.322273e+01) (1.827948e-03 6.206013e-03 3.526345e-01)) ((-2.461514e-02 6.322022e-02 4.766445e-02) (3.125522e-03 8.648557e-04 -6.618905e-04))
444           	((-1.313895e-01 1.320604e+00 1.321693e+01) (1.847276e-03 6.286912e-03 3.526432e-01)) ((-2.658406e-02 6.393801e-02 4.846425e-02) (3.125348e-03 8.759230e-04 -6.628912e-04))
445           	((-1.322467e-01 1.343187e+00 1.321145e+01) (1.881492e-03 6.376401e-03 3.526389e-01)) ((-2.861570e-02 6.467325e-02 4.910345e-02) (3.122594e-03 8.900364e-04 -6.639562e-04))
446           	((-1.325840e-01 1.364103e+00 1.320664e+01) (1.921569e-03 6.467103e-03 3.526106e-01)) ((-3.069327e-02 6.538300e-02 4.948795e-02) (3.116006e-03 9.051394e-04 -6.641807e-04))
447           	((-1.322552e-01 1.382626e+00 1.320266e+01) (1.973163e-03 6.562011e-03 3.525546e-01)) ((-3.273686e-02 6.604600e-02 4.962589e-02) (3.106196e-03 9.227536e-04 -6.643477e-04))
448           	((-1.314343e-01 1.398002e+00 1.319965e+01) (2.032343e-03 6.660850e-03 3.524905e-01)) ((-3.464963e-02 6.661805e-02 4.959416e-02) (3.094548e-03 9.421301e-04 -6.640265e-04))
449           	((-1.306270e-01 1.409842e+00 1.319762e+01) (2.094541e-03 6.760842e-03 3.523999e-01)) ((-3.633505e-02 6.705194e-02 4.953458e-02) (3.079743e-03 9.614201e-04 -6.631999e-04))
450           	((-1.300173e-01 1.418202e+00 1.319649e+01) (2.156868e-03 6.860560e-03 3.522978e-01)) ((-3.769939e-02 6.730719e-02 4.956568e-02) (3.062331e-03 9.800983e-04 -6.624078e-04))
451           	((-1.296833e-01 1.423079e+00 1.319601e+01) (2.218687e-03 6.960738e-03 3.521947e-01)) ((-3.866520e-02 6.737082e-02 4.970635e-02) (3.044160e-03 9.991071e-04 -6.615102e-04))
452           	((-1.296558e-01 1.424991e+00 1.319600e+01) (2.274992e-03 7.045811e-03 3.520798e-01)) ((-3.921402e-02 6.722604e-02 4.998159e-02) (3.024221e-03 1.017153e-03 -6.599324e-04))
453           	((-1.299201e-01 1.424561e+00 1.319633e+01) (2.338344e-03 7.116765e-03 3.519606e-01)) ((-3.936090e-02 6.688889e-02 5.041305e-02) (3.003724e-03 1.033656e-03 -6.585061e-04))
454           	((-1.302839e-01 1.421333e+00 1.319705e+01) (2.391419e-03 7.166888e-03 3.518539e-01)) ((-3.914159e-02 6.638595e-02 5.087464e-02) (2.983536e-03 1.047928e-03 -6.567004e-04))
455           	((-1.305959e-01 1.415443e+00 1.319833e+01) (2.438264e-03 7.196533e-03 3.517580e-01)) ((-3.860935e-02 6.576379e-02 5.125914e-02) (2.964778e-03 1.059852e-03 -6.538371e-04))
456           	((-1.308439e-01 1.407693e+00 1.320031e+01) (2.464086e-03 7.214387e-03 3.516836e-01)) ((-3.785117e-02 6.508059e-02 5.153417e-02) (2.948706e-03 1.067983e-03 -6.485494e-04))
457           	((-1.309356e-01 1.398321e+00 1.320300e+01) (2.462574e-03 7.212291e-03 3.516227e-01)) ((-3.696630e-02 6.436449e-02 5.164392e-02) (2.935207e-03 1.072194e-03 -6.409186e-04))
458           	((-1.307921e-01 1.387317e+00 1.320641e+01) (2.438247e-03 7.185607e-03 3.515861e-01)) ((-3.602154e-02 6.363880e-02 5.152095e-02) (2.924966e-03 1.071820e-03 -6.316585e-04))
459           	((-1.304549e-01 1.374925e+00 1.321045e+01) (2.396681e-03 7.144764e-03 3.515811e-01)) ((-3.505409e-02 6.287712e-02 5.119351e-02) (2.919198e-03 1.067020e-03 -6.205263e-04))
460           	((-1.300827e-01 1.361548e+00 1.321503e+01) (2.320658e-03 7.098832e-03 3.515968e-01)) ((-3.409360e-02 6.205622e-02 5.070075e-02) (2.916462e-03 1.057620e-03 -6.070665e-04))
461           	((-1.298673e-01 1.348235e+00 1.321999e+01) (2.225845e-03 7.039466e-03 3.516253e-01)) ((-3.305950e-02 6.120852e-02 5.006868e-02) (2.916393e-03 1.043194e-03 -5.926518e-04))
462           	((-1.297813e-01 1.335683e+00 1.322520e+01) (2.109749e-03 6.979128e-03 3.516773e-01)) ((-3.189161e-02 6.037318e-02 4.928661e-02) (2.919173e-03 1.024092e-03 -5.772668e-04))
463           	((-1.297979e-01 1.324576e+00 1.323048e+01) (1.987870e-03 6.910952e-03 3.517488e-01)) ((-3.060704e-02 5.962449e-02 4.836216e-02) (2.925809e-03 1.001067e-03 -5.624438e-04))
464           	((-1.298958e-01 1.315018e+00 1.323560e+01) (1.857090e-03 6.835719e-03 3.518293e-01)) ((-2.927301e-02 5.900693e-02 4.735039e-02) (2.934557e-03 9.755387e-04 -5.487765e-04))
465           	((-1.300016e-01 1.306947e+00 1.324027e+01) (1.730988e-03 6.763423e-03 3.519254e-01)) ((-2.800043e-02 5.851384e-02 4.634835e-02) (2.945599e-03 9.488993e-04 -5.361424e-04))
466           	((-1.298570e-01 1.299860e+00 1.324421e+01) (1.615298e-03 6.693615e-03 3.520231e-01)) ((-2.690470e-02 5.812816e-02 4.538826e-02) (2.957547e-03 9.224439e-04 -5.267839e-04))
467           	((-1.293210e-01 1.293387e+00 1.324721e+01) (1.509872e-03 6.628411e-03 3.521163e-01)) ((-2.605647e-02 5.785508e-02 4.450418e-02) (2.970656e-03 8.975324e-04 -5.200782e-04))
468           	((-1.284385e-01 1.287292e+00 1.324913e+01) (1.418310e-03 6.568716e-03 3.522002e-01)) ((-2.540183e-02 5.770038e-02 4.374580e-02) (2.983748e-03 8.735191e-04 -5.164373e-04))
469           	((-1.273639e-01 1.281064e+00 1.324993e+01) (1.341410e-03 6.515958e-03 3.522714e-01)) ((-2.491308e-02 5.768301e-02 4.314696e-02) (2.996968e-03 8.511609e-04 -5.154709e-04))
470           	((-1.261489e-01 1.274900e+00 1.324971e+01) (1.277797e-03 6.467789e-03 3.523217e-01)) ((-2.456724e-02 5.777619e-02 4.272916e-02) (3.007707e-03 8.311339e-04 -5.167613e-04))
471           	((-1.249833e-01 1.269031e+00 1.324852e+01) (1.242511e-03 6.418953e-03 3.523524e-01)) ((-2.436433e-02 5.793715e-02 4.253812e-02) (3.017743e-03 8.143229e-04 -5.213494e-04))
472           	((-1.239351e-01 1.264592e+00 1.324652e+01) (1.225666e-03 6.370707e-03 3.523674e-01)) ((-2.432893e-02 5.819103e-02 4.259806e-02) (3.026729e-03 8.007078e-04 -5.276652e-04))
473           	((-1.231587e-01 1.262645e+00 1.324381e+01) (1.231846e-03 6.324523e-03 3.523556e-01)) ((-2.446226e-02 5.856513e-02 4.293859e-02) (3.033800e-03 7.899881e-04 -5.352963e-04))
474           	((-1.226459e-01 1.263708e+00 1.324049e+01) (1.257009e-03 6.288128e-03 3.523299e-01)) ((-2.474080e-02 5.907428e-02 4.358210e-02) (3.039910e-03 7.827116e-04 -5.446973e-04))
475           	((-1.222090e-01 1.267691e+00 1.323671e+01) (1.307491e-03 6.256316e-03 3.522930e-01)) ((-2.512018e-02 5.971525e-02 4.447620e-02) (3.044460e-03 7.778273e-04 -5.542224e-04))
476           	((-1.217052e-01 1.273795e+00 1.323259e+01) (1.370111e-03 6.241088e-03 3.522457e-01)) ((-2.554152e-02 6.045187e-02 4.553435e-02) (3.046018e-03 7.748170e-04 -5.639362e-04))
477           	((-1.208272e-01 1.280961e+00 1.322831e+01) (1.450697e-03 6.239597e-03 3.521800e-01)) ((-2.595038e-02 6.123754e-02 4.663022e-02) (3.043957e-03 7.742656e-04 -5.741686e-04))
478           	((-1.193966e-01 1.288254e+00 1.322390e+01) (1.535604e-03 6.242826e-03 3.520909e-01)) ((-2.631170e-02 6.206802e-02 4.763833e-02) (3.037728e-03 7.762943e-04 -5.834518e-04))
479           	((-1.175708e-01 1.295004e+00 1.321935e+01) (1.628967e-03 6.255448e-03 3.519867e-01)) ((-2.664032e-02 6.291804e-02 4.853581e-02) (3.028976e-03 7.803988e-04 -5.914250e-04))
480           	((-1.155516e-01 1.301230e+00 1.321471e+01) (1.723201e-03 6.272029e-03 3.518749e-01)) ((-2.695883e-02 6.377313e-02 4.938111e-02) (3.018618e-03 7.866725e-04 -5.985274e-04))
481           	((-1.135558e-01 1.306725e+00 1.321022e+01) (1.823416e-03 6.301341e-03 3.517427e-01)) ((-2.733214e-02 6.462133e-02 5.021981e-02) (3.006159e-03 7.945892e-04 -6.051543e-04))
482           	((-1.119447e-01 1.311329e+00 1.320613e+01) (1.925000e-03 6.337911e-03 3.516061e-01)) ((-2.780402e-02 6.545650e-02 5.106654e-02) (2.992847e-03 8.056215e-04 -6.119720e-04))
483           	((-1.109308e-01 1.315122e+00 1.320257e+01) (2.027060e-03 6.382840e-03 3.514819e-01)) ((-2.831330e-02 6.625561e-02 5.192030e-02) (2.980430e-03 8.204236e-04 -6.183754e-04))
484           	((-1.106987e-01 1.318099e+00 1.319968e+01) (2.132138e-03 6.431094e-03 3.513594e-01)) ((-2.875791e-02 6.698466e-02 5.276583e-02) (2.968022e-03 8.364009e-04 -6.242618e-04))
485           	((-1.111505e-01 1.319894e+00 1.319752e+01) (2.232284e-03 6.491577e-03 3.512436e-01)) ((-2.904084e-02 6.762446e-02 5.358685e-02) (2.956147e-03 8.533965e-04 -6.294622e-04))
486           	((-1.120260e-01 1.320310e+00 1.319616e+01) (2.314802e-03 6.560060e-03 3.511501e-01)) ((-2.907692e-02 6.818606e-02 5.434997e-02) (2.946218e-03 8.699285e-04 -6.322889e-04))
487           	((-1.132166e-01 1.320203e+00 1.319557e+01) (2.380792e-03 6.632820e-03 3.510679e-01)) ((-2.882489e-02 6.863230e-02 5.509415e-02) (2.936275e-03 8.866028e-04 -6.326023e-04))
488           	((-1.144032e-01 1.319907e+00 1.319583e+01) (2.431230e-03 6.701264e-03 3.510074e-01)) ((-2.830250e-02 6.889528e-02 5.577995e-02) (2.929204e-03 9.019966e-04 -6.306790e-04))
489           	((-1.151668e-01 1.318946e+00 1.319696e+01) (2.461622e-03 6.766352e-03 3.509580e-01)) ((-2.758122e-02 6.890162e-02 5.628060e-02) (2.922241e-03 9.161256e-04 -6.269813e-04))
490           	((-1.155617e-01 1.317492e+00 1.319885e+01) (2.470826e-03 6.818554e-03 3.509212e-01)) ((-2.677029e-02 6.863333e-02 5.654674e-02) (2.915622e-03 9.284567e-04 -6.212927e-04))
491           	((-1.160196e-01 1.315501e+00 1.320132e+01) (2.453053e-03 6.863509e-03 3.508994e-01)) ((-2.595825e-02 6.811370e-02 5.661987e-02) (2.909228e-03 9.385709e-04 -6.141246e-04))
492           	((-1.168830e-01 1.312935e+00 1.320412e+01) (2.420475e-03 6.899713e-03 3.509024e-01)) ((-2.519621e-02 6.738019e-02 5.647197e-02) (2.903703e-03 9.460237e-04 -6.064668e-04))
493           	((-1.184835e-01 1.310127e+00 1.320704e+01) (2.365571e-03 6.927784e-03 3.509328e-01)) ((-2.445804e-02 6.648891e-02 5.615269e-02) (2.899536e-03 9.498852e-04 -5.974295e-04))
494           	((-1.207441e-01 1.307471e+00 1.320999e+01) (2.290303e-03 6.950790e-03 3.509793e-01)) ((-2.377021e-02 6.547710e-02 5.565652e-02) (2.897210e-03 9.494964e-04 -5.868550e-04))
495           	((-1.234983e-01 1.305329e+00 1.321293e+01) (2.201608e-03 6.973421e-03 3.510460e-01)) ((-2.319211e-02 6.437720e-02 5.503751e-02) (2.897549e-03 9.460785e-04 -5.755479e-04))
496           	((-1.263287e-01 1.303562e+00 1.321586e+01) (2.099620e-03 6.995058e-03 3.511308e-01)) ((-2.278097e-02 6.322185e-02 5.428304e-02) (2.901057e-03 9.402574e-04 -5.641775e-04))
497           	((-1.289795e-01 1.301673e+00 1.321873e+01) (1.985160e-03 7.020131e-03 3.512313e-01)) ((-2.255425e-02 6.206404e-02 5.338732e-02) (2.907556e-03 9.313105e-04 -5.526178e-04))
498           	((-1.314292e-01 1.299151e+00 1.322134e+01) (1.869797e-03 7.042321e-03 3.513284e-01)) ((-2.244054e-02 6.096784e-02 5.238144e-02) (2.915541e-03 9.209927e-04 -5.421612e-04))
499           	((-1.337032e-01 1.295785e+00 1.322359e+01) (1.750937e-03 7.060407e-03 3.514156e-01)) ((-2.240703e-02 5.997638e-02 5.131197e-02) (2.923861e-03 9.099043e-04 -5.322335e-04))
500           	((-1.358712e-01 1.292332e+00 1.322544e+01) (1.636042e-03 7.060144e-03 3.514844e-01)) ((-2.246726e-02 5.913664e-02 5.024143e-02) (2.931943e-03 8.971502e-04 -5.240199e-04))
