# Forces      
# CofR        : (2.875000e-01 1.270000e-01 2.286000e-01)
# Time        forces(pressure viscous)	moments(pressure viscous)
0             	((0.000000e+00 0.000000e+00 0.000000e+00) (-8.251608e-04 -2.959274e-03 6.169223e-01)) ((0.000000e+00 0.000000e+00 0.000000e+00) (1.283511e-02 7.609092e-04 1.906913e-05))
1             	((-5.736686e-02 -2.139930e-01 7.181607e+00) (-8.849927e-04 -3.756248e-03 6.415611e-01)) ((5.278710e-02 1.063154e-02 2.810788e-03) (1.324973e-02 8.022965e-04 7.586259e-06))
2             	((-1.103375e-01 -1.586680e-01 1.628978e+01) (-6.354887e-04 -3.525587e-03 6.462854e-01)) ((1.031849e-01 1.774946e-02 6.279071e-03) (1.329493e-02 8.992303e-04 -2.509024e-05))
3             	((-1.627576e-01 -1.022181e-01 2.112565e+01) (-2.281024e-04 -2.107886e-03 6.297986e-01)) ((1.143221e-01 2.639366e-02 1.382620e-02) (1.295983e-02 9.056769e-04 -1.821563e-05))
4             	((-2.129346e-01 -9.034356e-02 2.146308e+01) (-2.026459e-05 -1.120789e-03 6.026357e-01)) ((9.131340e-02 3.020222e-02 2.051002e-02) (1.254722e-02 9.970878e-04 -7.666371e-05))
5             	((-2.595807e-01 -1.512952e-01 1.847030e+01) (2.075717e-04 -5.899347e-04 5.746606e-01)) ((4.393263e-02 2.893697e-02 2.647170e-02) (1.214535e-02 9.177601e-04 -1.287278e-04))
6             	((-2.983798e-01 -2.906312e-01 1.402531e+01) (3.385633e-04 -6.081416e-04 5.513998e-01)) ((-1.012820e-02 2.361931e-02 3.487401e-02) (1.186197e-02 8.819459e-04 -1.702301e-04))
7             	((-2.983938e-01 -3.432424e-01 1.024477e+01) (5.287303e-04 -8.773689e-04 5.344419e-01)) ((-5.024209e-02 1.935921e-02 4.229429e-02) (1.170455e-02 8.674733e-04 -1.867249e-04))
8             	((-2.621245e-01 -1.634815e-01 8.375142e+00) (7.569105e-04 -7.800492e-04 5.221509e-01)) ((-6.981446e-02 1.830074e-02 4.464992e-02) (1.160384e-02 8.488279e-04 -1.906320e-04))
9             	((-2.066635e-01 1.937708e-01 8.349331e+00) (8.269912e-04 -2.623392e-04 5.124597e-01)) ((-7.461768e-02 1.846142e-02 4.334461e-02) (1.149428e-02 8.367322e-04 -1.918798e-04))
10            	((-1.336637e-01 6.763541e-01 9.473365e+00) (7.763954e-04 5.312827e-04 5.035406e-01)) ((-7.447864e-02 2.023260e-02 3.735479e-02) (1.135841e-02 8.049488e-04 -1.882163e-04))
11            	((-6.010800e-02 1.177992e+00 1.100069e+01) (7.760093e-04 1.348218e-03 4.940840e-01)) ((-7.710179e-02 2.223859e-02 2.753491e-02) (1.115805e-02 7.784369e-04 -1.897157e-04))
12            	((-1.245651e-02 1.516074e+00 1.212712e+01) (6.920453e-04 2.129836e-03 4.842224e-01)) ((-8.258530e-02 2.302517e-02 1.672071e-02) (1.093227e-02 7.384731e-04 -2.008197e-04))
13            	((-1.001301e-02 1.619382e+00 1.242199e+01) (5.754747e-04 2.804901e-03 4.743277e-01)) ((-8.666320e-02 2.201545e-02 8.956742e-03) (1.070072e-02 7.132269e-04 -2.087877e-04))
14            	((-3.843690e-02 1.567408e+00 1.200565e+01) (4.689176e-04 3.360176e-03 4.647259e-01)) ((-8.736849e-02 2.000336e-02 6.028034e-03) (1.049357e-02 7.086514e-04 -2.130229e-04))
15            	((-8.463452e-02 1.441909e+00 1.120373e+01) (4.171534e-04 3.910078e-03 4.556847e-01)) ((-8.407711e-02 1.740515e-02 7.696503e-03) (1.030030e-02 7.132556e-04 -2.102334e-04))
16            	((-1.345348e-01 1.309960e+00 1.032162e+01) (4.238040e-04 4.389252e-03 4.472939e-01)) ((-7.811825e-02 1.509539e-02 1.268312e-02) (1.011211e-02 7.199524e-04 -2.106373e-04))
17            	((-1.730933e-01 1.244571e+00 9.651998e+00) (4.782207e-04 4.828344e-03 4.392829e-01)) ((-7.360156e-02 1.386954e-02 1.784844e-02) (9.919090e-03 7.203601e-04 -2.133121e-04))
18            	((-1.911951e-01 1.271149e+00 9.326151e+00) (5.469876e-04 5.268022e-03 4.316355e-01)) ((-7.301251e-02 1.327947e-02 2.081599e-02) (9.714179e-03 7.233005e-04 -2.135753e-04))
19            	((-1.935917e-01 1.366846e+00 9.284217e+00) (6.330832e-04 5.687139e-03 4.242837e-01)) ((-7.620515e-02 1.277392e-02 2.125628e-02) (9.503386e-03 7.348766e-04 -2.115652e-04))
20            	((-1.882710e-01 1.505809e+00 9.407183e+00) (6.834097e-04 6.106596e-03 4.171519e-01)) ((-8.158344e-02 1.222324e-02 1.935001e-02) (9.285100e-03 7.444440e-04 -2.081165e-04))
21            	((-1.769652e-01 1.666102e+00 9.587974e+00) (7.388785e-04 6.430850e-03 4.101973e-01)) ((-8.668031e-02 1.122585e-02 1.566355e-02) (9.053393e-03 7.502955e-04 -2.096607e-04))
22            	((-1.577641e-01 1.811077e+00 9.716005e+00) (8.171382e-04 6.659584e-03 4.034955e-01)) ((-8.827128e-02 9.989294e-03 1.150484e-02) (8.818961e-03 7.569438e-04 -2.156162e-04))
23            	((-1.318829e-01 1.905231e+00 9.720681e+00) (8.736867e-04 6.813187e-03 3.970725e-01)) ((-8.480957e-02 8.912164e-03 8.480468e-03) (8.599464e-03 7.656423e-04 -2.208373e-04))
24            	((-1.037495e-01 1.939781e+00 9.606356e+00) (9.139830e-04 6.938864e-03 3.909480e-01)) ((-7.761776e-02 8.417832e-03 7.092549e-03) (8.394973e-03 7.800589e-04 -2.217962e-04))
25            	((-7.585727e-02 1.924863e+00 9.420079e+00) (9.309094e-04 7.059926e-03 3.850475e-01)) ((-6.860746e-02 8.781274e-03 7.155279e-03) (8.203871e-03 7.911339e-04 -2.154880e-04))
26            	((-5.113537e-02 1.868826e+00 9.207600e+00) (9.665290e-04 7.144368e-03 3.793134e-01)) ((-5.930673e-02 9.915220e-03 8.250374e-03) (8.024538e-03 7.923514e-04 -2.045537e-04))
27            	((-3.384063e-02 1.780863e+00 9.009739e+00) (9.869632e-04 7.199317e-03 3.737146e-01)) ((-5.160791e-02 1.144987e-02 1.007055e-02) (7.849770e-03 7.848924e-04 -1.904729e-04))
28            	((-2.567516e-02 1.679617e+00 8.856038e+00) (9.679259e-04 7.256483e-03 3.682159e-01)) ((-4.677699e-02 1.276910e-02 1.195396e-02) (7.679337e-03 7.675380e-04 -1.704144e-04))
29            	((-2.495631e-02 1.585658e+00 8.755354e+00) (9.059510e-04 7.292456e-03 3.628047e-01)) ((-4.465111e-02 1.344285e-02 1.339011e-02) (7.511073e-03 7.534624e-04 -1.477021e-04))
30            	((-2.804543e-02 1.511018e+00 8.696665e+00) (8.354635e-04 7.323742e-03 3.575263e-01)) ((-4.404798e-02 1.332262e-02 1.394636e-02) (7.342516e-03 7.436689e-04 -1.268408e-04))
31            	((-3.117587e-02 1.458302e+00 8.660370e+00) (7.440362e-04 7.300772e-03 3.524196e-01)) ((-4.359358e-02 1.262836e-02 1.353601e-02) (7.179211e-03 7.335033e-04 -1.059451e-04))
32            	((-3.115629e-02 1.426742e+00 8.628105e+00) (6.415726e-04 7.236023e-03 3.475017e-01)) ((-4.206355e-02 1.159007e-02 1.221326e-02) (7.023925e-03 7.210333e-04 -9.254527e-05))
33            	((-2.558735e-02 1.412178e+00 8.586071e+00) (5.237781e-04 7.169143e-03 3.427864e-01)) ((-3.878242e-02 1.068648e-02 1.022800e-02) (6.870257e-03 7.055778e-04 -8.321505e-05))
34            	((-1.473928e-02 1.404904e+00 8.526457e+00) (4.105535e-04 7.081170e-03 3.382480e-01)) ((-3.381846e-02 1.004446e-02 8.108464e-03) (6.721667e-03 6.931812e-04 -7.457149e-05))
35            	((-9.144148e-04 1.392995e+00 8.448018e+00) (2.851080e-04 6.990632e-03 3.338875e-01)) ((-2.796218e-02 9.686424e-03 6.265115e-03) (6.579274e-03 6.815156e-04 -6.949022e-05))
36            	((1.333297e-02 1.368142e+00 8.354690e+00) (1.619520e-04 6.913766e-03 3.297249e-01)) ((-2.202661e-02 9.238578e-03 4.893131e-03) (6.441774e-03 6.748459e-04 -6.907823e-05))
37            	((2.611441e-02 1.325854e+00 8.252759e+00) (4.164810e-05 6.850813e-03 3.257365e-01)) ((-1.653868e-02 8.536329e-03 4.060247e-03) (6.309445e-03 6.760660e-04 -6.910293e-05))
38            	((3.579315e-02 1.264688e+00 8.148501e+00) (-6.424614e-05 6.818442e-03 3.219188e-01)) ((-1.196031e-02 7.599759e-03 3.812686e-03) (6.180953e-03 6.861975e-04 -6.862949e-05))
39            	((4.137781e-02 1.187255e+00 8.048408e+00) (-1.269473e-04 6.792390e-03 3.182853e-01)) ((-8.639506e-03 6.804194e-03 4.093466e-03) (6.059089e-03 6.995026e-04 -6.929691e-05))
40            	((4.270441e-02 1.103914e+00 7.956208e+00) (-1.680535e-04 6.786479e-03 3.148415e-01)) ((-6.422420e-03 6.603341e-03 4.689460e-03) (5.943162e-03 7.168579e-04 -7.079308e-05))
41            	((4.126134e-02 1.023706e+00 7.878079e+00) (-1.994551e-04 6.815318e-03 3.116997e-01)) ((-5.373339e-03 7.085826e-03 5.272961e-03) (5.835418e-03 7.311238e-04 -7.227471e-05))
42            	((3.936252e-02 9.524920e-01 7.813613e+00) (-2.130454e-04 6.874043e-03 3.087327e-01)) ((-5.026364e-03 8.213055e-03 5.775957e-03) (5.732315e-03 7.487411e-04 -7.350625e-05))
43            	((3.892679e-02 8.925550e-01 7.758515e+00) (-2.102450e-04 6.979687e-03 3.058925e-01)) ((-4.958240e-03 9.766621e-03 6.170059e-03) (5.630307e-03 7.665009e-04 -7.536060e-05))
44            	((4.000692e-02 8.437305e-01 7.707548e+00) (-1.848254e-04 7.107134e-03 3.031765e-01)) ((-4.655823e-03 1.156526e-02 6.370092e-03) (5.531285e-03 7.796550e-04 -7.735308e-05))
45            	((4.234200e-02 8.052860e-01 7.656743e+00) (-1.583474e-04 7.267342e-03 3.005701e-01)) ((-3.809488e-03 1.346203e-02 6.229640e-03) (5.433983e-03 7.936388e-04 -7.937593e-05))
46            	((4.606605e-02 7.762873e-01 7.604410e+00) (-1.301482e-04 7.448456e-03 2.980471e-01)) ((-2.498058e-03 1.523632e-02 5.763747e-03) (5.332371e-03 8.034850e-04 -7.927772e-05))
47            	((5.143234e-02 7.556191e-01 7.550730e+00) (-1.091858e-04 7.633501e-03 2.955929e-01)) ((-9.104593e-04 1.672631e-02 5.055703e-03) (5.228488e-03 8.099633e-04 -7.706245e-05))
48            	((5.786208e-02 7.407957e-01 7.496742e+00) (-8.937520e-05 7.854088e-03 2.932143e-01)) ((7.537459e-04 1.792559e-02 4.209939e-03) (5.123264e-03 8.155963e-04 -7.466853e-05))
49            	((6.440101e-02 7.294506e-01 7.443794e+00) (-5.906180e-05 8.095419e-03 2.908958e-01)) ((2.292576e-03 1.879697e-02 3.373686e-03) (5.016947e-03 8.190972e-04 -7.360741e-05))
50            	((7.005058e-02 7.184854e-01 7.392788e+00) (-2.855949e-05 8.364980e-03 2.886408e-01)) ((3.554505e-03 1.932771e-02 2.660541e-03) (4.909851e-03 8.219600e-04 -7.480325e-05))
51            	((7.391407e-02 7.049335e-01 7.344182e+00) (5.562425e-06 8.660510e-03 2.864515e-01)) ((4.435452e-03 1.951819e-02 2.144100e-03) (4.801926e-03 8.256975e-04 -7.885632e-05))
52            	((7.575357e-02 6.879221e-01 7.298018e+00) (3.630986e-05 8.983709e-03 2.843325e-01)) ((4.861413e-03 1.947873e-02 1.744196e-03) (4.692878e-03 8.256082e-04 -8.433238e-05))
53            	((7.542147e-02 6.692285e-01 7.253837e+00) (7.426087e-05 9.328986e-03 2.822734e-01)) ((4.831000e-03 1.931665e-02 1.429824e-03) (4.585661e-03 8.250376e-04 -9.022565e-05))
54            	((7.286457e-02 6.512272e-01 7.211093e+00) (1.265234e-04 9.689366e-03 2.802804e-01)) ((4.383247e-03 1.913049e-02 1.142252e-03) (4.479699e-03 8.224160e-04 -9.832209e-05))
55            	((6.832074e-02 6.353465e-01 7.169619e+00) (2.011685e-04 1.005606e-02 2.783406e-01)) ((3.552442e-03 1.895105e-02 7.604006e-04) (4.377084e-03 8.185579e-04 -1.079001e-04))
56            	((6.239152e-02 6.223076e-01 7.129579e+00) (2.884058e-04 1.042209e-02 2.764625e-01)) ((2.416436e-03 1.877333e-02 2.640660e-04) (4.277872e-03 8.128929e-04 -1.188014e-04))
57            	((5.546734e-02 6.122429e-01 7.091546e+00) (3.868672e-04 1.079483e-02 2.746402e-01)) ((1.126700e-03 1.854828e-02 -2.559405e-04) (4.183276e-03 8.075704e-04 -1.294691e-04))
58            	((4.821455e-02 6.048739e-01 7.056040e+00) (4.993111e-04 1.116719e-02 2.728671e-01)) ((-2.324816e-04 1.823150e-02 -6.747724e-04) (4.090626e-03 8.015991e-04 -1.406374e-04))
59            	((4.123492e-02 5.987884e-01 7.023093e+00) (6.259784e-04 1.154462e-02 2.711567e-01)) ((-1.659816e-03 1.780914e-02 -8.830250e-04) (3.997420e-03 7.975431e-04 -1.496635e-04))
60            	((3.465518e-02 5.921541e-01 6.992201e+00) (7.602585e-04 1.192260e-02 2.695024e-01)) ((-3.120410e-03 1.733513e-02 -9.070504e-04) (3.906206e-03 7.972898e-04 -1.599957e-04))
61            	((2.877735e-02 5.832945e-01 6.962662e+00) (8.924576e-04 1.230083e-02 2.678857e-01)) ((-4.575436e-03 1.688385e-02 -7.789350e-04) (3.816997e-03 7.978157e-04 -1.698056e-04))
62            	((2.369566e-02 5.710379e-01 6.933756e+00) (1.034224e-03 1.265208e-02 2.663397e-01)) ((-6.007340e-03 1.659155e-02 -4.529939e-04) (3.727239e-03 7.979017e-04 -1.820367e-04))
63            	((1.950620e-02 5.543667e-01 6.904816e+00) (1.175110e-03 1.297713e-02 2.648484e-01)) ((-7.355834e-03 1.658836e-02 1.069783e-04) (3.639253e-03 7.996237e-04 -1.920878e-04))
64            	((1.599001e-02 5.329440e-01 6.875543e+00) (1.313842e-03 1.327550e-02 2.634007e-01)) ((-8.594283e-03 1.692360e-02 8.937748e-04) (3.554216e-03 8.024969e-04 -2.023808e-04))
65            	((1.353074e-02 5.073125e-01 6.845418e+00) (1.438430e-03 1.354760e-02 2.620244e-01)) ((-9.676418e-03 1.755344e-02 1.810190e-03) (3.475151e-03 8.086086e-04 -2.116136e-04))
66            	((1.234559e-02 4.785733e-01 6.814101e+00) (1.544374e-03 1.378768e-02 2.607020e-01)) ((-1.061587e-02 1.831139e-02 2.725512e-03) (3.402435e-03 8.139050e-04 -2.185765e-04))
67            	((1.217809e-02 4.481612e-01 6.781452e+00) (1.643486e-03 1.399525e-02 2.594584e-01)) ((-1.145820e-02 1.901140e-02 3.504276e-03) (3.334752e-03 8.208084e-04 -2.234979e-04))
68            	((1.296729e-02 4.171895e-01 6.747796e+00) (1.724872e-03 1.417450e-02 2.582787e-01)) ((-1.223789e-02 1.953802e-02 3.937607e-03) (3.273461e-03 8.290063e-04 -2.264446e-04))
69            	((1.458154e-02 3.863964e-01 6.713466e+00) (1.788762e-03 1.431200e-02 2.571615e-01)) ((-1.299787e-02 1.985341e-02 3.889383e-03) (3.215907e-03 8.364368e-04 -2.260937e-04))
70            	((1.668690e-02 3.563032e-01 6.678870e+00) (1.848664e-03 1.439953e-02 2.561071e-01)) ((-1.371130e-02 1.998428e-02 3.334799e-03) (3.163574e-03 8.426216e-04 -2.233377e-04))
71            	((1.929932e-02 3.268979e-01 6.644535e+00) (1.892263e-03 1.444619e-02 2.551314e-01)) ((-1.430908e-02 2.006512e-02 2.372554e-03) (3.116792e-03 8.484084e-04 -2.182951e-04))
72            	((2.246872e-02 2.978881e-01 6.611194e+00) (1.919504e-03 1.444745e-02 2.542074e-01)) ((-1.466850e-02 2.024410e-02 1.245767e-03) (3.075934e-03 8.534553e-04 -2.128379e-04))
73            	((2.582835e-02 2.685412e-01 6.579552e+00) (1.925269e-03 1.440840e-02 2.533341e-01)) ((-1.469281e-02 2.063094e-02 1.705735e-04) (3.040999e-03 8.567843e-04 -2.055600e-04))
74            	((2.874083e-02 2.379987e-01 6.550133e+00) (1.925265e-03 1.433383e-02 2.524996e-01)) ((-1.431111e-02 2.123483e-02 -7.047795e-04) (3.010522e-03 8.605499e-04 -1.978987e-04))
75            	((3.106573e-02 2.051934e-01 6.523335e+00) (1.910814e-03 1.422006e-02 2.517137e-01)) ((-1.342851e-02 2.201600e-02 -1.355735e-03) (2.984607e-03 8.616685e-04 -1.882017e-04))
76            	((3.259113e-02 1.691175e-01 6.499244e+00) (1.885508e-03 1.407545e-02 2.509460e-01)) ((-1.192716e-02 2.288461e-02 -1.810135e-03) (2.961949e-03 8.614394e-04 -1.777133e-04))
77            	((3.343507e-02 1.293655e-01 6.478014e+00) (1.848918e-03 1.390502e-02 2.502066e-01)) ((-9.779865e-03 2.372075e-02 -2.151722e-03) (2.941462e-03 8.616631e-04 -1.657988e-04))
78            	((3.420457e-02 8.627123e-02 6.459773e+00) (1.800271e-03 1.371603e-02 2.494888e-01)) ((-7.059060e-03 2.455664e-02 -2.445914e-03) (2.922623e-03 8.599345e-04 -1.542164e-04))
79            	((3.605428e-02 4.115771e-02 6.444220e+00) (1.747083e-03 1.350487e-02 2.487977e-01)) ((-3.925021e-03 2.542775e-02 -2.669098e-03) (2.904475e-03 8.551548e-04 -1.427266e-04))
80            	((3.977068e-02 -3.720506e-03 6.430729e+00) (1.686537e-03 1.328341e-02 2.481241e-01)) ((-6.666003e-04 2.635110e-02 -2.764424e-03) (2.888952e-03 8.500179e-04 -1.326351e-04))
81            	((4.560245e-02 -4.625378e-02 6.418552e+00) (1.619110e-03 1.305045e-02 2.474632e-01)) ((2.418606e-03 2.733936e-02 -2.650757e-03) (2.874970e-03 8.424611e-04 -1.204291e-04))
82            	((5.317580e-02 -8.498837e-02 6.406975e+00) (1.552493e-03 1.281086e-02 2.468110e-01)) ((5.129741e-03 2.834333e-02 -2.314873e-03) (2.860244e-03 8.338389e-04 -1.078589e-04))
83            	((6.149034e-02 -1.192508e-01 6.395292e+00) (1.483507e-03 1.256651e-02 2.461811e-01)) ((7.373711e-03 2.928330e-02 -1.831252e-03) (2.846951e-03 8.266679e-04 -9.444019e-05))
84            	((6.967571e-02 -1.488723e-01 6.383053e+00) (1.403696e-03 1.232871e-02 2.455645e-01)) ((9.182499e-03 3.009947e-02 -1.284091e-03) (2.833296e-03 8.187647e-04 -8.132616e-05))
85            	((7.684590e-02 -1.739411e-01 6.370109e+00) (1.308809e-03 1.209682e-02 2.449446e-01)) ((1.062324e-02 3.079563e-02 -7.022531e-04) (2.819331e-03 8.100645e-04 -6.683757e-05))
86            	((8.247494e-02 -1.947409e-01 6.356360e+00) (1.210359e-03 1.186994e-02 2.443284e-01)) ((1.179427e-02 3.136934e-02 -1.031054e-04) (2.804668e-03 8.027408e-04 -5.300843e-05))
87            	((8.660300e-02 -2.114361e-01 6.341866e+00) (1.106111e-03 1.164626e-02 2.436905e-01)) ((1.275196e-02 3.180032e-02 4.496583e-04) (2.788897e-03 7.945449e-04 -3.821955e-05))
88            	((8.941408e-02 -2.240636e-01 6.326738e+00) (9.975003e-04 1.143703e-02 2.430453e-01)) ((1.349433e-02 3.210200e-02 9.204056e-04) (2.771717e-03 7.871150e-04 -2.429162e-05))
89            	((9.102887e-02 -2.327676e-01 6.311016e+00) (8.844590e-04 1.124447e-02 2.423971e-01)) ((1.400894e-02 3.231471e-02 1.307347e-03) (2.754392e-03 7.803386e-04 -1.168041e-05))
90            	((9.182462e-02 -2.377399e-01 6.294852e+00) (7.623599e-04 1.106693e-02 2.417364e-01)) ((1.428757e-02 3.247139e-02 1.624971e-03) (2.737437e-03 7.732382e-04 -2.290671e-07))
91            	((9.230225e-02 -2.394063e-01 6.278419e+00) (6.336132e-04 1.090029e-02 2.410539e-01)) ((1.433045e-02 3.258129e-02 1.880930e-03) (2.718805e-03 7.652727e-04 9.632970e-06))
92            	((9.274696e-02 -2.382610e-01 6.261904e+00) (4.995369e-04 1.074741e-02 2.403516e-01)) ((1.413612e-02 3.265263e-02 2.051636e-03) (2.698807e-03 7.575542e-04 1.759636e-05))
93            	((9.329411e-02 -2.350327e-01 6.245514e+00) (3.667607e-04 1.059479e-02 2.396287e-01)) ((1.374929e-02 3.269692e-02 2.112026e-03) (2.679203e-03 7.484624e-04 2.571360e-05))
94            	((9.408541e-02 -2.302518e-01 6.229390e+00) (2.374435e-04 1.045323e-02 2.388932e-01)) ((1.322477e-02 3.270039e-02 2.037267e-03) (2.657493e-03 7.372721e-04 3.290487e-05))
95            	((9.511793e-02 -2.243800e-01 6.213491e+00) (1.164325e-04 1.032761e-02 2.381641e-01)) ((1.260757e-02 3.269017e-02 1.849960e-03) (2.635519e-03 7.251175e-04 3.973592e-05))
96            	((9.631384e-02 -2.176817e-01 6.197862e+00) (6.115063e-06 1.020390e-02 2.374188e-01)) ((1.193734e-02 3.270648e-02 1.581977e-03) (2.612306e-03 7.112529e-04 4.573238e-05))
97            	((9.758007e-02 -2.105614e-01 6.182646e+00) (-9.245110e-05 1.009393e-02 2.366679e-01)) ((1.125791e-02 3.278170e-02 1.286011e-03) (2.587640e-03 6.962075e-04 5.212068e-05))
98            	((9.899195e-02 -2.034651e-01 6.168071e+00) (-1.827781e-04 9.997132e-03 2.359230e-01)) ((1.063515e-02 3.292603e-02 1.032493e-03) (2.561851e-03 6.801493e-04 5.708798e-05))
99            	((1.006983e-01 -1.967537e-01 6.154334e+00) (-2.626518e-04 9.906428e-03 2.351875e-01)) ((1.012257e-02 3.311209e-02 8.825481e-04) (2.536683e-03 6.637634e-04 6.104915e-05))
100           	((1.028441e-01 -1.908286e-01 6.141633e+00) (-3.285727e-04 9.827321e-03 2.344544e-01)) ((9.751354e-03 3.331537e-02 8.545737e-04) (2.510889e-03 6.479222e-04 6.326070e-05))
101           	((1.053440e-01 -1.860731e-01 6.130095e+00) (-3.858117e-04 9.752058e-03 2.337354e-01)) ((9.530501e-03 3.351376e-02 9.576749e-04) (2.486519e-03 6.344808e-04 6.428225e-05))
102           	((1.080220e-01 -1.825528e-01 6.119691e+00) (-4.392006e-04 9.680406e-03 2.330309e-01)) ((9.445220e-03 3.368399e-02 1.143455e-03) (2.464201e-03 6.222189e-04 6.555847e-05))
103           	((1.106442e-01 -1.801019e-01 6.110279e+00) (-4.844574e-04 9.607599e-03 2.323346e-01)) ((9.468065e-03 3.379801e-02 1.346819e-03) (2.443036e-03 6.087921e-04 6.633742e-05))
104           	((1.130672e-01 -1.785883e-01 6.101542e+00) (-5.184539e-04 9.546269e-03 2.316570e-01)) ((9.578420e-03 3.384610e-02 1.489079e-03) (2.423549e-03 5.977224e-04 6.640193e-05))
105           	((1.151531e-01 -1.777048e-01 6.093233e+00) (-5.396362e-04 9.487236e-03 2.309868e-01)) ((9.750501e-03 3.381886e-02 1.545480e-03) (2.406511e-03 5.870307e-04 6.683513e-05))
106           	((1.167336e-01 -1.772530e-01 6.085113e+00) (-5.480624e-04 9.423501e-03 2.303320e-01)) ((9.960011e-03 3.371251e-02 1.546728e-03) (2.390444e-03 5.783173e-04 6.595565e-05))
107           	((1.176256e-01 -1.770761e-01 6.076935e+00) (-5.513721e-04 9.358472e-03 2.296996e-01)) ((1.020042e-02 3.353214e-02 1.562596e-03) (2.376794e-03 5.705355e-04 6.474898e-05))
108           	((1.177006e-01 -1.769688e-01 6.068582e+00) (-5.506887e-04 9.290198e-03 2.290923e-01)) ((1.047520e-02 3.325673e-02 1.667516e-03) (2.364173e-03 5.632655e-04 6.202938e-05))
109           	((1.168456e-01 -1.767657e-01 6.059952e+00) (-5.517169e-04 9.216736e-03 2.284974e-01)) ((1.078663e-02 3.286958e-02 1.923516e-03) (2.353825e-03 5.571381e-04 5.944914e-05))
110           	((1.150299e-01 -1.763089e-01 6.050993e+00) (-5.494979e-04 9.151589e-03 2.279412e-01)) ((1.112789e-02 3.233719e-02 2.378042e-03) (2.344959e-03 5.513043e-04 5.554520e-05))
111           	((1.123453e-01 -1.754013e-01 6.041753e+00) (-5.499835e-04 9.080941e-03 2.274034e-01)) ((1.148639e-02 3.167235e-02 3.034672e-03) (2.338187e-03 5.436938e-04 5.267391e-05))
112           	((1.089200e-01 -1.738759e-01 6.032285e+00) (-5.426392e-04 9.015390e-03 2.268818e-01)) ((1.184569e-02 3.088212e-02 3.835679e-03) (2.332382e-03 5.351137e-04 4.868896e-05))
113           	((1.048684e-01 -1.716292e-01 6.022719e+00) (-5.340146e-04 8.953217e-03 2.263910e-01)) ((1.217763e-02 2.999919e-02 4.708594e-03) (2.328035e-03 5.259299e-04 4.369222e-05))
114           	((1.003545e-01 -1.684021e-01 6.013245e+00) (-5.246213e-04 8.902603e-03 2.259162e-01)) ((1.245641e-02 2.906806e-02 5.613968e-03) (2.325288e-03 5.169611e-04 3.818027e-05))
115           	((9.556884e-02 -1.638165e-01 6.004104e+00) (-5.161298e-04 8.847044e-03 2.254636e-01)) ((1.266075e-02 2.812889e-02 6.520402e-03) (2.323171e-03 5.044309e-04 3.313112e-05))
116           	((9.050307e-02 -1.579013e-01 5.995473e+00) (-5.196460e-04 8.795506e-03 2.250257e-01)) ((1.278657e-02 2.721691e-02 7.407006e-03) (2.323822e-03 4.905657e-04 2.731244e-05))
117           	((8.499114e-02 -1.509484e-01 5.987556e+00) (-5.362223e-04 8.747826e-03 2.246129e-01)) ((1.284053e-02 2.635322e-02 8.273484e-03) (2.325363e-03 4.741675e-04 2.251702e-05))
118           	((7.882014e-02 -1.433711e-01 5.980464e+00) (-5.511353e-04 8.700528e-03 2.242214e-01)) ((1.282565e-02 2.556608e-02 9.103558e-03) (2.327290e-03 4.554261e-04 1.628172e-05))
119           	((7.206735e-02 -1.356461e-01 5.974106e+00) (-5.723168e-04 8.657008e-03 2.238391e-01)) ((1.274447e-02 2.484365e-02 9.871700e-03) (2.331066e-03 4.334960e-04 1.071691e-05))
120           	((6.493597e-02 -1.280074e-01 5.968326e+00) (-5.970993e-04 8.612272e-03 2.234750e-01)) ((1.259152e-02 2.415627e-02 1.058511e-02) (2.334681e-03 4.110620e-04 3.775670e-06))
121           	((5.764766e-02 -1.204039e-01 5.962868e+00) (-6.301616e-04 8.581539e-03 2.231126e-01)) ((1.236174e-02 2.348281e-02 1.124545e-02) (2.337810e-03 3.883662e-04 -4.102071e-06))
122           	((5.035112e-02 -1.125014e-01 5.957619e+00) (-6.676803e-04 8.555221e-03 2.227544e-01)) ((1.205928e-02 2.279128e-02 1.186033e-02) (2.341831e-03 3.640087e-04 -1.051177e-05))
123           	((4.321751e-02 -1.039550e-01 5.952400e+00) (-7.112475e-04 8.522408e-03 2.223939e-01)) ((1.167311e-02 2.207676e-02 1.243163e-02) (2.346245e-03 3.400743e-04 -1.738711e-05))
124           	((3.642736e-02 -9.449604e-02 5.947233e+00) (-7.473449e-04 8.500046e-03 2.220364e-01)) ((1.120756e-02 2.131527e-02 1.292740e-02) (2.350484e-03 3.173715e-04 -2.266125e-05))
125           	((2.991293e-02 -8.392593e-02 5.942207e+00) (-7.797335e-04 8.479470e-03 2.216765e-01)) ((1.065178e-02 2.050503e-02 1.329926e-02) (2.352986e-03 2.954418e-04 -3.031624e-05))
126           	((2.353441e-02 -7.203290e-02 5.937391e+00) (-8.145575e-04 8.469003e-03 2.213210e-01)) ((9.990771e-03 1.966237e-02 1.350045e-02) (2.355439e-03 2.733871e-04 -3.595263e-05))
127           	((1.704831e-02 -5.877755e-02 5.932898e+00) (-8.513115e-04 8.463906e-03 2.209666e-01)) ((9.226750e-03 1.881248e-02 1.352253e-02) (2.356088e-03 2.510273e-04 -4.108023e-05))
128           	((1.030524e-02 -4.426231e-02 5.928679e+00) (-8.904360e-04 8.463169e-03 2.206162e-01)) ((8.335466e-03 1.800176e-02 1.335458e-02) (2.354608e-03 2.306605e-04 -4.648263e-05))
129           	((3.370290e-03 -2.834696e-02 5.924788e+00) (-9.216927e-04 8.481672e-03 2.202771e-01)) ((7.285066e-03 1.725327e-02 1.299465e-02) (2.352093e-03 2.103027e-04 -5.092566e-05))
130           	((-3.467491e-03 -1.088454e-02 5.921214e+00) (-9.472958e-04 8.502977e-03 2.199346e-01)) ((6.065433e-03 1.660088e-02 1.244828e-02) (2.348651e-03 1.901255e-04 -5.607037e-05))
131           	((-9.828640e-03 8.108266e-03 5.917898e+00) (-9.717784e-04 8.538543e-03 2.195897e-01)) ((4.695236e-03 1.606346e-02 1.174140e-02) (2.345633e-03 1.700497e-04 -6.078601e-05))
132           	((-1.542162e-02 2.840686e-02 5.914786e+00) (-9.913846e-04 8.577470e-03 2.192529e-01)) ((3.204655e-03 1.564305e-02 1.093372e-02) (2.341566e-03 1.505668e-04 -6.632834e-05))
133           	((-2.002407e-02 4.966227e-02 5.911695e+00) (-1.011175e-03 8.626963e-03 2.189187e-01)) ((1.620858e-03 1.532935e-02 1.008254e-02) (2.335322e-03 1.321447e-04 -7.122248e-05))
134           	((-2.345824e-02 7.152820e-02 5.908520e+00) (-1.025198e-03 8.685181e-03 2.185767e-01)) ((-7.779339e-06 1.507194e-02 9.247748e-03) (2.330545e-03 1.132188e-04 -7.580767e-05))
135           	((-2.571588e-02 9.379155e-02 5.905180e+00) (-1.035945e-03 8.738121e-03 2.182430e-01)) ((-1.641745e-03 1.482804e-02 8.464635e-03) (2.324257e-03 9.677818e-05 -8.179917e-05))
136           	((-2.694605e-02 1.161814e-01 5.901732e+00) (-1.046538e-03 8.802083e-03 2.179033e-01)) ((-3.238250e-03 1.456748e-02 7.757235e-03) (2.318883e-03 8.059691e-05 -8.628638e-05))
137           	((-2.757966e-02 1.384637e-01 5.898327e+00) (-1.052704e-03 8.861424e-03 2.175744e-01)) ((-4.755008e-03 1.429036e-02 7.144081e-03) (2.311999e-03 6.645787e-05 -9.246743e-05))
138           	((-2.796952e-02 1.604579e-01 5.895029e+00) (-1.058818e-03 8.926791e-03 2.172535e-01)) ((-6.166562e-03 1.400626e-02 6.628769e-03) (2.307043e-03 5.396382e-05 -9.729302e-05))
139           	((-2.843394e-02 1.819043e-01 5.891974e+00) (-1.062732e-03 8.989494e-03 2.169382e-01)) ((-7.447718e-03 1.372210e-02 6.223836e-03) (2.301918e-03 4.181004e-05 -1.011118e-04))
140           	((-2.916925e-02 2.025012e-01 5.889149e+00) (-1.067270e-03 9.049628e-03 2.166327e-01)) ((-8.596385e-03 1.346309e-02 5.914578e-03) (2.297507e-03 3.186109e-05 -1.050356e-04))
141           	((-3.014130e-02 2.219600e-01 5.886544e+00) (-1.067691e-03 9.116055e-03 2.163407e-01)) ((-9.610179e-03 1.324527e-02 5.701017e-03) (2.293387e-03 2.434311e-05 -1.088323e-04))
142           	((-3.135336e-02 2.400819e-01 5.884091e+00) (-1.072695e-03 9.166472e-03 2.160570e-01)) ((-1.048966e-02 1.308395e-02 5.593568e-03) (2.289774e-03 1.624921e-05 -1.118189e-04))
143           	((-3.269290e-02 2.566234e-01 5.881672e+00) (-1.078816e-03 9.222127e-03 2.157781e-01)) ((-1.122153e-02 1.297715e-02 5.599356e-03) (2.288160e-03 1.149577e-05 -1.147356e-04))
144           	((-3.407120e-02 2.714036e-01 5.879318e+00) (-1.088255e-03 9.265172e-03 2.155126e-01)) ((-1.178668e-02 1.291205e-02 5.707700e-03) (2.287527e-03 5.952786e-06 -1.171017e-04))
145           	((-3.532464e-02 2.842387e-01 5.877012e+00) (-1.092836e-03 9.301070e-03 2.152570e-01)) ((-1.217078e-02 1.288224e-02 5.890545e-03) (2.286706e-03 3.028660e-06 -1.197227e-04))
146           	((-3.631448e-02 2.950545e-01 5.874807e+00) (-1.097987e-03 9.327472e-03 2.150032e-01)) ((-1.235509e-02 1.286370e-02 6.122049e-03) (2.289041e-03 -1.592622e-06 -1.197646e-04))
147           	((-3.699105e-02 3.039293e-01 5.872695e+00) (-1.103469e-03 9.336886e-03 2.147606e-01)) ((-1.232992e-02 1.285411e-02 6.386045e-03) (2.291631e-03 -3.378120e-06 -1.201279e-04))
148           	((-3.722540e-02 3.108692e-01 5.870674e+00) (-1.110966e-03 9.341899e-03 2.145199e-01)) ((-1.209497e-02 1.285646e-02 6.670903e-03) (2.295217e-03 -6.134575e-06 -1.186775e-04))
149           	((-3.695324e-02 3.158612e-01 5.868800e+00) (-1.117666e-03 9.326809e-03 2.142833e-01)) ((-1.165503e-02 1.288566e-02 6.962504e-03) (2.299503e-03 -8.578874e-06 -1.178149e-04))
150           	((-3.614776e-02 3.188700e-01 5.866989e+00) (-1.125015e-03 9.302954e-03 2.140540e-01)) ((-1.102195e-02 1.294989e-02 7.250899e-03) (2.305192e-03 -1.055452e-05 -1.158200e-04))
151           	((-3.489109e-02 3.199969e-01 5.865247e+00) (-1.130591e-03 9.269354e-03 2.138322e-01)) ((-1.020992e-02 1.303554e-02 7.539164e-03) (2.311772e-03 -1.412203e-05 -1.132089e-04))
152           	((-3.330577e-02 3.192282e-01 5.863540e+00) (-1.142018e-03 9.223072e-03 2.136204e-01)) ((-9.241683e-03 1.313821e-02 7.803739e-03) (2.320087e-03 -1.749166e-05 -1.111641e-04))
153           	((-3.145060e-02 3.165627e-01 5.861937e+00) (-1.152151e-03 9.169722e-03 2.134096e-01)) ((-8.136983e-03 1.323024e-02 8.036565e-03) (2.330231e-03 -1.988538e-05 -1.078977e-04))
154           	((-2.954873e-02 3.120843e-01 5.860550e+00) (-1.166775e-03 9.099768e-03 2.132114e-01)) ((-6.914259e-03 1.329466e-02 8.243541e-03) (2.339609e-03 -2.381961e-05 -1.047583e-04))
155           	((-2.780551e-02 3.060076e-01 5.859424e+00) (-1.176178e-03 9.029029e-03 2.129989e-01)) ((-5.595049e-03 1.332049e-02 8.431634e-03) (2.351188e-03 -2.644050e-05 -1.016816e-04))
156           	((-2.637903e-02 2.987470e-01 5.858661e+00) (-1.190157e-03 8.946916e-03 2.128034e-01)) ((-4.204527e-03 1.331103e-02 8.616786e-03) (2.363462e-03 -2.924560e-05 -9.895506e-05))
157           	((-2.530498e-02 2.907269e-01 5.858225e+00) (-1.201813e-03 8.857106e-03 2.126090e-01)) ((-2.778447e-03 1.329339e-02 8.798663e-03) (2.375565e-03 -3.153430e-05 -9.604739e-05))
158           	((-2.448317e-02 2.824349e-01 5.858139e+00) (-1.215850e-03 8.761565e-03 2.124124e-01)) ((-1.350148e-03 1.326794e-02 8.971251e-03) (2.389478e-03 -3.430679e-05 -9.233396e-05))
159           	((-2.390178e-02 2.743354e-01 5.858391e+00) (-1.236092e-03 8.652640e-03 2.122217e-01)) ((5.306661e-05 1.324423e-02 9.125901e-03) (2.403011e-03 -3.727121e-05 -8.987029e-05))
160           	((-2.348340e-02 2.668672e-01 5.858929e+00) (-1.262603e-03 8.549389e-03 2.120306e-01)) ((1.400451e-03 1.321437e-02 9.253829e-03) (2.417425e-03 -4.129666e-05 -8.650005e-05))
161           	((-2.327945e-02 2.603174e-01 5.859749e+00) (-1.289352e-03 8.439196e-03 2.118471e-01)) ((2.672954e-03 1.316473e-02 9.366771e-03) (2.430278e-03 -4.601802e-05 -8.382068e-05))
162           	((-2.328641e-02 2.548718e-01 5.860707e+00) (-1.320465e-03 8.332667e-03 2.116673e-01)) ((3.855881e-03 1.309229e-02 9.477960e-03) (2.443186e-03 -4.990528e-05 -8.083298e-05))
163           	((-2.350509e-02 2.506464e-01 5.861765e+00) (-1.348793e-03 8.232381e-03 2.114880e-01)) ((4.936348e-03 1.299117e-02 9.611591e-03) (2.455998e-03 -5.571737e-05 -7.748554e-05))
164           	((-2.395922e-02 2.476709e-01 5.862843e+00) (-1.380875e-03 8.130668e-03 2.113171e-01)) ((5.903166e-03 1.287384e-02 9.784374e-03) (2.466668e-03 -6.055568e-05 -7.548773e-05))
165           	((-2.460164e-02 2.459811e-01 5.863911e+00) (-1.404862e-03 8.044722e-03 2.111588e-01)) ((6.745290e-03 1.273566e-02 1.000579e-02) (2.477679e-03 -6.441570e-05 -7.278179e-05))
166           	((-2.544995e-02 2.455880e-01 5.864980e+00) (-1.430285e-03 7.958294e-03 2.110020e-01)) ((7.446598e-03 1.258347e-02 1.027909e-02) (2.485160e-03 -7.045097e-05 -7.063935e-05))
167           	((-2.638764e-02 2.464339e-01 5.865988e+00) (-1.449580e-03 7.881975e-03 2.108496e-01)) ((7.995771e-03 1.242784e-02 1.059776e-02) (2.492302e-03 -7.477403e-05 -6.880710e-05))
168           	((-2.732201e-02 2.485091e-01 5.866944e+00) (-1.463849e-03 7.816891e-03 2.107151e-01)) ((8.398954e-03 1.227030e-02 1.095256e-02) (2.498127e-03 -7.997314e-05 -6.698780e-05))
169           	((-2.827686e-02 2.517241e-01 5.867763e+00) (-1.476354e-03 7.755648e-03 2.105737e-01)) ((8.662937e-03 1.213726e-02 1.133163e-02) (2.500517e-03 -8.408954e-05 -6.661506e-05))
170           	((-2.922767e-02 2.561573e-01 5.868388e+00) (-1.482794e-03 7.709603e-03 2.104391e-01)) ((8.802739e-03 1.202683e-02 1.171607e-02) (2.502356e-03 -8.970791e-05 -6.511145e-05))
171           	((-3.026315e-02 2.618456e-01 5.868784e+00) (-1.483691e-03 7.664771e-03 2.103236e-01)) ((8.832126e-03 1.194131e-02 1.210192e-02) (2.500529e-03 -9.386757e-05 -6.453207e-05))
172           	((-3.142596e-02 2.686433e-01 5.868857e+00) (-1.480183e-03 7.630357e-03 2.101955e-01)) ((8.750821e-03 1.186947e-02 1.248970e-02) (2.498017e-03 -9.772446e-05 -6.380618e-05))
173           	((-3.266679e-02 2.764399e-01 5.868675e+00) (-1.470981e-03 7.600663e-03 2.100813e-01)) ((8.561259e-03 1.181079e-02 1.289164e-02) (2.493798e-03 -1.024644e-04 -6.374833e-05))
174           	((-3.385823e-02 2.849134e-01 5.868183e+00) (-1.459156e-03 7.573652e-03 2.099722e-01)) ((8.270869e-03 1.178483e-02 1.330798e-02) (2.488144e-03 -1.048077e-04 -6.395855e-05))
175           	((-3.486346e-02 2.937222e-01 5.867432e+00) (-1.439635e-03 7.555512e-03 2.098551e-01)) ((7.904472e-03 1.179170e-02 1.373304e-02) (2.481911e-03 -1.085437e-04 -6.391522e-05))
176           	((-3.567051e-02 3.025565e-01 5.866446e+00) (-1.417508e-03 7.529689e-03 2.097496e-01)) ((7.485056e-03 1.184428e-02 1.414475e-02) (2.474462e-03 -1.114881e-04 -6.554344e-05))
177           	((-3.623033e-02 3.111207e-01 5.865187e+00) (-1.393400e-03 7.520112e-03 2.096500e-01)) ((7.035734e-03 1.192795e-02 1.451813e-02) (2.467941e-03 -1.123957e-04 -6.673593e-05))
178           	((-3.660530e-02 3.192163e-01 5.863689e+00) (-1.366650e-03 7.503809e-03 2.095415e-01)) ((6.577384e-03 1.202821e-02 1.483903e-02) (2.459737e-03 -1.154867e-04 -6.810121e-05))
179           	((-3.680090e-02 3.267114e-01 5.861893e+00) (-1.337639e-03 7.488137e-03 2.094310e-01)) ((6.118812e-03 1.213228e-02 1.509426e-02) (2.452464e-03 -1.167838e-04 -7.033354e-05))
180           	((-3.684269e-02 3.336155e-01 5.859846e+00) (-1.301936e-03 7.479632e-03 2.093364e-01)) ((5.673259e-03 1.221895e-02 1.529028e-02) (2.445782e-03 -1.177456e-04 -7.236770e-05))
181           	((-3.681933e-02 3.398406e-01 5.857542e+00) (-1.267545e-03 7.460129e-03 2.092257e-01)) ((5.251421e-03 1.228831e-02 1.543705e-02) (2.438411e-03 -1.192473e-04 -7.515920e-05))
182           	((-3.678086e-02 3.454853e-01 5.854993e+00) (-1.230588e-03 7.449692e-03 2.091162e-01)) ((4.848476e-03 1.232728e-02 1.554169e-02) (2.432408e-03 -1.193023e-04 -7.687854e-05))
183           	((-3.686853e-02 3.506872e-01 5.852299e+00) (-1.192132e-03 7.429246e-03 2.090206e-01)) ((4.449266e-03 1.233804e-02 1.561586e-02) (2.426015e-03 -1.185203e-04 -8.011015e-05))
184           	((-3.708666e-02 3.555472e-01 5.849476e+00) (-1.157431e-03 7.409873e-03 2.089113e-01)) ((4.034996e-03 1.232715e-02 1.566796e-02) (2.420498e-03 -1.180572e-04 -8.239006e-05))
185           	((-3.745538e-02 3.601558e-01 5.846650e+00) (-1.115243e-03 7.383799e-03 2.088009e-01)) ((3.605997e-03 1.228554e-02 1.571038e-02) (2.415513e-03 -1.170544e-04 -8.507398e-05))
186           	((-3.801578e-02 3.644282e-01 5.843844e+00) (-1.073785e-03 7.351961e-03 2.087084e-01)) ((3.173631e-03 1.222506e-02 1.574920e-02) (2.410847e-03 -1.146782e-04 -8.780663e-05))
187           	((-3.873394e-02 3.683477e-01 5.841158e+00) (-1.027785e-03 7.322434e-03 2.086023e-01)) ((2.767290e-03 1.213813e-02 1.579059e-02) (2.408464e-03 -1.129077e-04 -8.973927e-05))
188           	((-3.955527e-02 3.719461e-01 5.838682e+00) (-9.859312e-04 7.283287e-03 2.085056e-01)) ((2.407551e-03 1.203267e-02 1.582690e-02) (2.405032e-03 -1.109296e-04 -9.187233e-05))
189           	((-4.033333e-02 3.752442e-01 5.836459e+00) (-9.407049e-04 7.247258e-03 2.084136e-01)) ((2.105488e-03 1.190442e-02 1.583983e-02) (2.404198e-03 -1.070484e-04 -9.375155e-05))
190           	((-4.100726e-02 3.783206e-01 5.834642e+00) (-8.945030e-04 7.207386e-03 2.083247e-01)) ((1.865318e-03 1.175105e-02 1.582459e-02) (2.402801e-03 -1.056496e-04 -9.539572e-05))
191           	((-4.153860e-02 3.812074e-01 5.833257e+00) (-8.520012e-04 7.162018e-03 2.082355e-01)) ((1.667937e-03 1.158632e-02 1.577224e-02) (2.401748e-03 -1.032250e-04 -9.696551e-05))
192           	((-4.191150e-02 3.839814e-01 5.832382e+00) (-8.095582e-04 7.128344e-03 2.081650e-01)) ((1.497185e-03 1.140719e-02 1.569677e-02) (2.402366e-03 -1.007169e-04 -9.768913e-05))
193           	((-4.227515e-02 3.868904e-01 5.832043e+00) (-7.649509e-04 7.086354e-03 2.080860e-01)) ((1.327127e-03 1.122818e-02 1.562135e-02) (2.401927e-03 -9.913629e-05 -9.957466e-05))
194           	((-4.264149e-02 3.900118e-01 5.832169e+00) (-7.274335e-04 7.054662e-03 2.080165e-01)) ((1.126397e-03 1.105478e-02 1.554744e-02) (2.403632e-03 -9.684838e-05 -1.000798e-04))
195           	((-4.302170e-02 3.935396e-01 5.832731e+00) (-6.903746e-04 7.018230e-03 2.079673e-01)) ((8.694688e-04 1.089466e-02 1.547096e-02) (2.404330e-03 -9.475610e-05 -1.021346e-04))
196           	((-4.336347e-02 3.975362e-01 5.833579e+00) (-6.574014e-04 6.986922e-03 2.079080e-01)) ((5.357543e-04 1.076126e-02 1.537685e-02) (2.405168e-03 -9.367301e-05 -1.032252e-04))
197           	((-4.356995e-02 4.021396e-01 5.834641e+00) (-6.254340e-04 6.961709e-03 2.078623e-01)) ((1.291330e-04 1.064986e-02 1.525784e-02) (2.407348e-03 -9.234879e-05 -1.044835e-04))
198           	((-4.357505e-02 4.074864e-01 5.835790e+00) (-6.021397e-04 6.936755e-03 2.078369e-01)) ((-3.381488e-04 1.057290e-02 1.511173e-02) (2.408600e-03 -9.193326e-05 -1.058154e-04))
199           	((-4.328311e-02 4.136014e-01 5.836956e+00) (-5.808731e-04 6.923746e-03 2.078048e-01)) ((-8.598080e-04 1.052318e-02 1.494929e-02) (2.411445e-03 -9.242071e-05 -1.059177e-04))
200           	((-4.268264e-02 4.204077e-01 5.838143e+00) (-5.663872e-04 6.909854e-03 2.077902e-01)) ((-1.430088e-03 1.049877e-02 1.477728e-02) (2.412781e-03 -9.307450e-05 -1.068590e-04))
201           	((-4.172995e-02 4.277900e-01 5.839235e+00) (-5.606147e-04 6.906008e-03 2.077778e-01)) ((-2.055699e-03 1.050174e-02 1.460736e-02) (2.413543e-03 -9.346234e-05 -1.071688e-04))
202           	((-4.046858e-02 4.356895e-01 5.840231e+00) (-5.575333e-04 6.907004e-03 2.077723e-01)) ((-2.747820e-03 1.052756e-02 1.445057e-02) (2.414246e-03 -9.451867e-05 -1.068103e-04))
203           	((-3.897602e-02 4.439425e-01 5.841031e+00) (-5.611371e-04 6.910718e-03 2.077605e-01)) ((-3.513466e-03 1.058318e-02 1.430905e-02) (2.412804e-03 -9.634835e-05 -1.070114e-04))
204           	((-3.721859e-02 4.524358e-01 5.841621e+00) (-5.668830e-04 6.932749e-03 2.077574e-01)) ((-4.347951e-03 1.065444e-02 1.418185e-02) (2.410987e-03 -9.841095e-05 -1.058098e-04))
205           	((-3.518053e-02 4.610378e-01 5.842001e+00) (-5.766287e-04 6.949839e-03 2.077547e-01)) ((-5.228240e-03 1.074533e-02 1.406312e-02) (2.406760e-03 -1.004744e-04 -1.054933e-04))
206           	((-3.272034e-02 4.697465e-01 5.842098e+00) (-5.937693e-04 6.976183e-03 2.077451e-01)) ((-6.142909e-03 1.085145e-02 1.392815e-02) (2.402644e-03 -1.026496e-04 -1.034838e-04))
207           	((-2.982983e-02 4.785232e-01 5.841933e+00) (-6.130461e-04 7.006478e-03 2.077518e-01)) ((-7.065147e-03 1.096363e-02 1.377112e-02) (2.396691e-03 -1.049200e-04 -1.021088e-04))
208           	((-2.660494e-02 4.872408e-01 5.841376e+00) (-6.383676e-04 7.039753e-03 2.077449e-01)) ((-7.984939e-03 1.108363e-02 1.358694e-02) (2.388664e-03 -1.081353e-04 -9.991013e-05))
209           	((-2.312530e-02 4.957334e-01 5.840411e+00) (-6.653045e-04 7.083038e-03 2.077375e-01)) ((-8.881600e-03 1.119613e-02 1.340743e-02) (2.380810e-03 -1.113708e-04 -9.642807e-05))
210           	((-1.946592e-02 5.038395e-01 5.839014e+00) (-6.959728e-04 7.123492e-03 2.077472e-01)) ((-9.736448e-03 1.131217e-02 1.325656e-02) (2.370501e-03 -1.144723e-04 -9.357468e-05))
211           	((-1.563480e-02 5.113788e-01 5.837194e+00) (-7.270358e-04 7.174125e-03 2.077253e-01)) ((-1.053238e-02 1.143298e-02 1.314762e-02) (2.360464e-03 -1.178994e-04 -8.936332e-05))
212           	((-1.180154e-02 5.181385e-01 5.835065e+00) (-7.592665e-04 7.225133e-03 2.077078e-01)) ((-1.124283e-02 1.156280e-02 1.309910e-02) (2.348413e-03 -1.227079e-04 -8.569191e-05))
213           	((-8.089657e-03 5.239293e-01 5.832657e+00) (-7.906552e-04 7.276846e-03 2.076897e-01)) ((-1.186569e-02 1.171202e-02 1.310565e-02) (2.336435e-03 -1.268523e-04 -8.177243e-05))
214           	((-4.565945e-03 5.286731e-01 5.830090e+00) (-8.157941e-04 7.332798e-03 2.076741e-01)) ((-1.240808e-02 1.186987e-02 1.315346e-02) (2.322917e-03 -1.318629e-04 -7.720763e-05))
215           	((-1.325821e-03 5.322486e-01 5.827373e+00) (-8.452032e-04 7.383018e-03 2.076420e-01)) ((-1.286750e-02 1.203978e-02 1.321598e-02) (2.309312e-03 -1.363503e-04 -7.422210e-05))
216           	((1.689991e-03 5.346213e-01 5.824490e+00) (-8.692334e-04 7.443318e-03 2.076132e-01)) ((-1.322736e-02 1.220983e-02 1.326991e-02) (2.295903e-03 -1.417162e-04 -6.973489e-05))
217           	((4.430069e-03 5.358101e-01 5.821458e+00) (-8.884381e-04 7.493405e-03 2.075865e-01)) ((-1.347154e-02 1.238368e-02 1.331063e-02) (2.282142e-03 -1.469845e-04 -6.697008e-05))
218           	((6.899060e-03 5.358993e-01 5.818257e+00) (-9.058857e-04 7.549358e-03 2.075582e-01)) ((-1.359975e-02 1.256000e-02 1.333533e-02) (2.267499e-03 -1.510332e-04 -6.386534e-05))
219           	((9.063896e-03 5.349990e-01 5.815033e+00) (-9.174100e-04 7.602515e-03 2.075264e-01)) ((-1.361577e-02 1.272406e-02 1.334877e-02) (2.255138e-03 -1.556880e-04 -6.116212e-05))
220           	((1.087725e-02 5.331915e-01 5.811876e+00) (-9.252878e-04 7.650112e-03 2.074943e-01)) ((-1.353790e-02 1.286751e-02 1.335301e-02) (2.240979e-03 -1.596508e-04 -5.918366e-05))
221           	((1.233702e-02 5.305597e-01 5.808861e+00) (-9.281512e-04 7.702303e-03 2.074451e-01)) ((-1.337687e-02 1.297071e-02 1.335666e-02) (2.228907e-03 -1.644634e-04 -5.671671e-05))
222           	((1.335806e-02 5.270824e-01 5.806006e+00) (-9.273592e-04 7.744341e-03 2.074074e-01)) ((-1.312947e-02 1.304074e-02 1.337124e-02) (2.215411e-03 -1.679168e-04 -5.536888e-05))
223           	((1.396735e-02 5.227122e-01 5.803231e+00) (-9.247424e-04 7.787632e-03 2.073522e-01)) ((-1.279053e-02 1.308709e-02 1.339566e-02) (2.204454e-03 -1.708283e-04 -5.400535e-05))
224           	((1.416969e-02 5.173383e-01 5.800581e+00) (-9.134803e-04 7.821162e-03 2.072981e-01)) ((-1.235890e-02 1.312278e-02 1.342989e-02) (2.192358e-03 -1.743876e-04 -5.382808e-05))
225           	((1.399347e-02 5.108428e-01 5.798008e+00) (-9.007975e-04 7.847483e-03 2.072401e-01)) ((-1.184752e-02 1.316669e-02 1.346860e-02) (2.181112e-03 -1.753167e-04 -5.425316e-05))
226           	((1.350726e-02 5.032455e-01 5.795555e+00) (-8.848433e-04 7.876065e-03 2.071782e-01)) ((-1.125910e-02 1.321088e-02 1.350862e-02) (2.171131e-03 -1.771398e-04 -5.456757e-05))
227           	((1.269213e-02 4.947206e-01 5.793258e+00) (-8.693835e-04 7.891939e-03 2.071029e-01)) ((-1.059977e-02 1.325660e-02 1.354629e-02) (2.161003e-03 -1.788766e-04 -5.707821e-05))
228           	((1.171992e-02 4.855278e-01 5.791126e+00) (-8.482727e-04 7.914036e-03 2.070346e-01)) ((-9.880809e-03 1.329130e-02 1.357040e-02) (2.152335e-03 -1.793777e-04 -5.950889e-05))
229           	((1.065593e-02 4.760008e-01 5.789265e+00) (-8.278014e-04 7.921021e-03 2.069578e-01)) ((-9.115524e-03 1.330595e-02 1.357475e-02) (2.144292e-03 -1.810055e-04 -6.245298e-05))
230           	((9.642670e-03 4.663539e-01 5.787679e+00) (-8.095328e-04 7.926315e-03 2.068793e-01)) ((-8.332822e-03 1.330664e-02 1.355435e-02) (2.136307e-03 -1.810619e-04 -6.646079e-05))
231           	((8.813750e-03 4.568133e-01 5.786465e+00) (-7.872702e-04 7.929179e-03 2.067975e-01)) ((-7.554579e-03 1.329013e-02 1.351682e-02) (2.129503e-03 -1.815513e-04 -7.053060e-05))
232           	((8.162682e-03 4.475446e-01 5.785592e+00) (-7.654766e-04 7.922575e-03 2.067080e-01)) ((-6.797446e-03 1.327323e-02 1.346742e-02) (2.122164e-03 -1.822111e-04 -7.531705e-05))
233           	((7.707480e-03 4.386485e-01 5.784987e+00) (-7.453648e-04 7.915369e-03 2.066165e-01)) ((-6.062092e-03 1.325284e-02 1.341111e-02) (2.116747e-03 -1.818557e-04 -7.991858e-05))
234           	((7.352606e-03 4.302157e-01 5.784592e+00) (-7.243516e-04 7.900998e-03 2.065382e-01)) ((-5.343847e-03 1.323437e-02 1.335455e-02) (2.110232e-03 -1.825350e-04 -8.496922e-05))
235           	((7.087869e-03 4.221618e-01 5.784279e+00) (-7.078798e-04 7.886816e-03 2.064445e-01)) ((-4.642010e-03 1.321943e-02 1.328790e-02) (2.105691e-03 -1.824148e-04 -8.984040e-05))
236           	((6.908984e-03 4.143887e-01 5.784076e+00) (-6.881970e-04 7.870292e-03 2.063570e-01)) ((-3.958340e-03 1.320017e-02 1.320666e-02) (2.100672e-03 -1.833551e-04 -9.476147e-05))
237           	((6.779690e-03 4.068020e-01 5.783924e+00) (-6.725215e-04 7.849812e-03 2.062770e-01)) ((-3.304757e-03 1.319075e-02 1.310906e-02) (2.095918e-03 -1.826162e-04 -1.003228e-04))
238           	((6.711547e-03 3.994277e-01 5.783866e+00) (-6.569012e-04 7.836513e-03 2.061926e-01)) ((-2.699784e-03 1.318354e-02 1.299900e-02) (2.092271e-03 -1.833159e-04 -1.041033e-04))
239           	((6.624788e-03 3.924240e-01 5.783950e+00) (-6.446543e-04 7.817859e-03 2.061088e-01)) ((-2.156630e-03 1.318338e-02 1.288376e-02) (2.087537e-03 -1.837459e-04 -1.099815e-04))
240           	((6.527863e-03 3.859529e-01 5.784132e+00) (-6.310270e-04 7.807748e-03 2.060322e-01)) ((-1.683211e-03 1.318500e-02 1.277124e-02) (2.083909e-03 -1.823176e-04 -1.145857e-04))
241           	((6.392608e-03 3.800555e-01 5.784482e+00) (-6.198998e-04 7.797522e-03 2.059532e-01)) ((-1.286541e-03 1.318181e-02 1.266811e-02) (2.079037e-03 -1.836219e-04 -1.189932e-04))
242           	((6.259266e-03 3.747022e-01 5.784913e+00) (-6.118626e-04 7.790819e-03 2.058683e-01)) ((-9.759267e-04 1.318215e-02 1.256992e-02) (2.073690e-03 -1.837978e-04 -1.238284e-04))
243           	((6.212318e-03 3.698925e-01 5.785392e+00) (-6.012744e-04 7.790294e-03 2.057953e-01)) ((-7.487910e-04 1.318026e-02 1.247801e-02) (2.068785e-03 -1.840684e-04 -1.274890e-04))
244           	((6.251660e-03 3.656211e-01 5.785836e+00) (-5.937740e-04 7.788110e-03 2.057218e-01)) ((-6.056076e-04 1.319172e-02 1.239068e-02) (2.062034e-03 -1.850289e-04 -1.316678e-04))
245           	((6.415810e-03 3.619230e-01 5.786178e+00) (-5.864503e-04 7.791309e-03 2.056379e-01)) ((-5.412129e-04 1.321429e-02 1.232287e-02) (2.056206e-03 -1.854845e-04 -1.348304e-04))
246           	((6.634216e-03 3.588672e-01 5.786412e+00) (-5.801130e-04 7.792805e-03 2.055689e-01)) ((-5.457801e-04 1.324823e-02 1.229590e-02) (2.048722e-03 -1.857480e-04 -1.381520e-04))
247           	((6.911220e-03 3.564080e-01 5.786477e+00) (-5.785984e-04 7.796799e-03 2.054993e-01)) ((-6.213215e-04 1.330021e-02 1.230514e-02) (2.041087e-03 -1.857135e-04 -1.412334e-04))
248           	((7.230106e-03 3.544790e-01 5.786400e+00) (-5.715879e-04 7.804355e-03 2.054243e-01)) ((-7.656369e-04 1.336167e-02 1.235137e-02) (2.032885e-03 -1.861337e-04 -1.439822e-04))
249           	((7.519762e-03 3.529884e-01 5.786146e+00) (-5.667709e-04 7.807297e-03 2.053591e-01)) ((-9.814790e-04 1.343905e-02 1.242974e-02) (2.023875e-03 -1.849632e-04 -1.468100e-04))
250           	((7.763122e-03 3.518566e-01 5.785699e+00) (-5.583273e-04 7.815777e-03 2.052920e-01)) ((-1.270482e-03 1.351803e-02 1.252904e-02) (2.015422e-03 -1.842296e-04 -1.485240e-04))
251           	((7.900353e-03 3.509960e-01 5.785104e+00) (-5.500049e-04 7.819212e-03 2.052257e-01)) ((-1.625387e-03 1.359350e-02 1.263790e-02) (2.005454e-03 -1.824735e-04 -1.518857e-04))
252           	((8.012045e-03 3.503060e-01 5.784312e+00) (-5.389266e-04 7.825118e-03 2.051623e-01)) ((-2.034116e-03 1.366713e-02 1.274065e-02) (1.996365e-03 -1.786079e-04 -1.541746e-04))
253           	((8.160140e-03 3.497171e-01 5.783400e+00) (-5.268979e-04 7.829167e-03 2.051046e-01)) ((-2.476287e-03 1.373452e-02 1.283286e-02) (1.986919e-03 -1.759724e-04 -1.562699e-04))
254           	((8.367331e-03 3.491651e-01 5.782334e+00) (-5.169219e-04 7.828833e-03 2.050431e-01)) ((-2.939000e-03 1.380598e-02 1.291228e-02) (1.977228e-03 -1.715236e-04 -1.590207e-04))
255           	((8.710318e-03 3.486628e-01 5.781144e+00) (-5.007950e-04 7.834624e-03 2.049894e-01)) ((-3.410732e-03 1.387117e-02 1.298151e-02) (1.969046e-03 -1.667033e-04 -1.604799e-04))
256           	((9.109971e-03 3.482033e-01 5.779842e+00) (-4.873903e-04 7.831714e-03 2.049370e-01)) ((-3.888425e-03 1.393216e-02 1.304375e-02) (1.960044e-03 -1.619894e-04 -1.631220e-04))
257           	((9.539855e-03 3.477341e-01 5.778350e+00) (-4.745504e-04 7.830582e-03 2.048829e-01)) ((-4.372256e-03 1.397490e-02 1.309472e-02) (1.952875e-03 -1.564468e-04 -1.648556e-04))
258           	((9.903067e-03 3.471787e-01 5.776704e+00) (-4.605045e-04 7.825416e-03 2.048421e-01)) ((-4.849254e-03 1.397995e-02 1.313635e-02) (1.945847e-03 -1.505910e-04 -1.663058e-04))
259           	((1.011076e-02 3.464545e-01 5.774836e+00) (-4.503967e-04 7.820258e-03 2.047989e-01)) ((-5.314050e-03 1.394926e-02 1.316811e-02) (1.939801e-03 -1.445939e-04 -1.677849e-04))
260           	((1.013250e-02 3.456029e-01 5.772783e+00) (-4.381325e-04 7.816345e-03 2.047536e-01)) ((-5.756591e-03 1.387156e-02 1.319676e-02) (1.935563e-03 -1.391420e-04 -1.686026e-04))
261           	((9.907497e-03 3.446243e-01 5.770519e+00) (-4.334204e-04 7.802750e-03 2.047325e-01)) ((-6.171499e-03 1.376331e-02 1.322359e-02) (1.931435e-03 -1.328878e-04 -1.696827e-04))
262           	((9.503010e-03 3.434844e-01 5.768043e+00) (-4.322323e-04 7.794598e-03 2.046949e-01)) ((-6.560636e-03 1.362637e-02 1.324271e-02) (1.930703e-03 -1.271194e-04 -1.694541e-04))
263           	((8.920006e-03 3.421698e-01 5.765459e+00) (-4.306624e-04 7.777948e-03 2.046687e-01)) ((-6.923954e-03 1.346633e-02 1.325431e-02) (1.929557e-03 -1.216395e-04 -1.703294e-04))
264           	((8.242305e-03 3.407092e-01 5.762778e+00) (-4.358281e-04 7.761126e-03 2.046460e-01)) ((-7.273085e-03 1.330143e-02 1.324992e-02) (1.930425e-03 -1.160033e-04 -1.697762e-04))
265           	((7.575250e-03 3.392108e-01 5.760122e+00) (-4.426853e-04 7.741443e-03 2.046257e-01)) ((-7.621995e-03 1.313941e-02 1.322541e-02) (1.932777e-03 -1.122744e-04 -1.688976e-04))
266           	((6.976334e-03 3.377786e-01 5.757524e+00) (-4.573085e-04 7.719585e-03 2.046088e-01)) ((-7.990580e-03 1.299832e-02 1.316293e-02) (1.934788e-03 -1.081620e-04 -1.689243e-04))
267           	((6.555608e-03 3.365778e-01 5.755029e+00) (-4.751075e-04 7.703401e-03 2.045984e-01)) ((-8.394209e-03 1.287245e-02 1.305016e-02) (1.939288e-03 -1.043972e-04 -1.668356e-04))
268           	((6.294536e-03 3.357503e-01 5.752731e+00) (-4.971976e-04 7.679478e-03 2.045843e-01)) ((-8.837113e-03 1.276235e-02 1.288263e-02) (1.942382e-03 -1.028472e-04 -1.656631e-04))
269           	((6.221916e-03 3.354847e-01 5.750642e+00) (-5.214103e-04 7.659401e-03 2.045636e-01)) ((-9.323242e-03 1.266394e-02 1.266222e-02) (1.946691e-03 -1.013301e-04 -1.636888e-04))
270           	((6.297913e-03 3.360271e-01 5.748874e+00) (-5.470913e-04 7.638598e-03 2.045579e-01)) ((-9.845816e-03 1.256547e-02 1.240857e-02) (1.950842e-03 -1.013224e-04 -1.611260e-04))
271           	((6.466969e-03 3.374337e-01 5.747472e+00) (-5.793715e-04 7.617011e-03 2.045440e-01)) ((-1.040623e-02 1.247562e-02 1.212784e-02) (1.954428e-03 -1.019898e-04 -1.591604e-04))
272           	((6.741774e-03 3.396655e-01 5.746535e+00) (-6.075427e-04 7.604565e-03 2.045335e-01)) ((-1.099862e-02 1.238465e-02 1.182951e-02) (1.959656e-03 -1.032066e-04 -1.562823e-04))
273           	((7.071557e-03 3.426965e-01 5.746101e+00) (-6.377351e-04 7.583710e-03 2.045329e-01)) ((-1.160533e-02 1.231024e-02 1.152592e-02) (1.962694e-03 -1.049024e-04 -1.538743e-04))
274           	((7.463359e-03 3.464491e-01 5.746163e+00) (-6.692269e-04 7.573252e-03 2.045192e-01)) ((-1.220382e-02 1.225631e-02 1.122515e-02) (1.967493e-03 -1.074607e-04 -1.506590e-04))
275           	((7.846928e-03 3.508803e-01 5.746770e+00) (-6.968328e-04 7.556397e-03 2.045157e-01)) ((-1.276646e-02 1.221938e-02 1.094496e-02) (1.970944e-03 -1.103681e-04 -1.481363e-04))
276           	((8.178695e-03 3.558505e-01 5.747814e+00) (-7.246620e-04 7.545461e-03 2.045085e-01)) ((-1.327990e-02 1.220807e-02 1.069417e-02) (1.973467e-03 -1.129253e-04 -1.455390e-04))
277           	((8.433981e-03 3.612351e-01 5.749229e+00) (-7.491767e-04 7.541591e-03 2.045007e-01)) ((-1.374039e-02 1.220926e-02 1.048927e-02) (1.976141e-03 -1.167105e-04 -1.423026e-04))
278           	((8.544070e-03 3.668557e-01 5.750873e+00) (-7.718815e-04 7.533269e-03 2.044935e-01)) ((-1.414959e-02 1.221791e-02 1.034006e-02) (1.977356e-03 -1.198034e-04 -1.403458e-04))
279           	((8.633639e-03 3.725621e-01 5.752578e+00) (-7.910158e-04 7.533455e-03 2.044859e-01)) ((-1.451787e-02 1.221987e-02 1.024196e-02) (1.979502e-03 -1.223313e-04 -1.370480e-04))
280           	((8.792472e-03 3.782596e-01 5.754330e+00) (-8.065712e-04 7.530005e-03 2.044763e-01)) ((-1.485394e-02 1.221279e-02 1.019125e-02) (1.979308e-03 -1.271415e-04 -1.345163e-04))
281           	((9.136869e-03 3.837973e-01 5.756018e+00) (-8.198442e-04 7.530509e-03 2.044659e-01)) ((-1.516890e-02 1.220359e-02 1.017454e-02) (1.979657e-03 -1.299595e-04 -1.322974e-04))
282           	((9.722082e-03 3.890103e-01 5.757632e+00) (-8.284060e-04 7.531489e-03 2.044595e-01)) ((-1.545169e-02 1.219116e-02 1.018730e-02) (1.979690e-03 -1.339464e-04 -1.292154e-04))
283           	((1.050627e-02 3.936741e-01 5.759127e+00) (-8.352409e-04 7.527979e-03 2.044452e-01)) ((-1.569173e-02 1.219099e-02 1.021724e-02) (1.977648e-03 -1.379152e-04 -1.273648e-04))
284           	((1.153306e-02 3.975844e-01 5.760530e+00) (-8.348518e-04 7.532650e-03 2.044223e-01)) ((-1.587433e-02 1.219989e-02 1.026181e-02) (1.976554e-03 -1.416235e-04 -1.243567e-04))
285           	((1.270551e-02 4.006606e-01 5.761903e+00) (-8.338158e-04 7.526333e-03 2.044031e-01)) ((-1.598776e-02 1.222989e-02 1.033189e-02) (1.973249e-03 -1.456498e-04 -1.220226e-04))
286           	((1.404191e-02 4.027970e-01 5.763247e+00) (-8.289766e-04 7.525988e-03 2.043761e-01)) ((-1.603432e-02 1.228728e-02 1.041253e-02) (1.969800e-03 -1.488537e-04 -1.197770e-04))
287           	((1.552939e-02 4.039770e-01 5.764622e+00) (-8.175598e-04 7.522463e-03 2.043482e-01)) ((-1.601755e-02 1.236790e-02 1.049717e-02) (1.965657e-03 -1.509872e-04 -1.177655e-04))
288           	((1.711808e-02 4.041716e-01 5.765938e+00) (-8.071607e-04 7.515292e-03 2.043178e-01)) ((-1.594884e-02 1.248114e-02 1.057702e-02) (1.960242e-03 -1.525416e-04 -1.166348e-04))
289           	((1.883632e-02 4.034605e-01 5.767185e+00) (-7.909937e-04 7.508205e-03 2.042796e-01)) ((-1.583920e-02 1.261370e-02 1.065291e-02) (1.955225e-03 -1.544932e-04 -1.145175e-04))
290           	((2.062764e-02 4.019986e-01 5.768354e+00) (-7.721816e-04 7.494432e-03 2.042438e-01)) ((-1.569721e-02 1.276355e-02 1.071730e-02) (1.948850e-03 -1.558338e-04 -1.142002e-04))
291           	((2.252429e-02 3.998953e-01 5.769353e+00) (-7.515719e-04 7.487044e-03 2.042004e-01)) ((-1.553904e-02 1.292376e-02 1.076644e-02) (1.943088e-03 -1.557712e-04 -1.136040e-04))
292           	((2.445730e-02 3.973614e-01 5.770223e+00) (-7.289116e-04 7.472343e-03 2.041601e-01)) ((-1.536998e-02 1.309126e-02 1.081057e-02) (1.936488e-03 -1.573510e-04 -1.134913e-04))
293           	((2.639365e-02 3.945052e-01 5.770904e+00) (-7.072100e-04 7.455506e-03 2.041152e-01)) ((-1.520116e-02 1.326976e-02 1.084704e-02) (1.929521e-03 -1.568279e-04 -1.141092e-04))
294           	((2.831753e-02 3.915627e-01 5.771408e+00) (-6.833338e-04 7.440329e-03 2.040713e-01)) ((-1.503722e-02 1.343740e-02 1.086520e-02) (1.924015e-03 -1.568401e-04 -1.141214e-04))
295           	((3.008100e-02 3.886608e-01 5.771706e+00) (-6.603823e-04 7.416098e-03 2.040235e-01)) ((-1.488771e-02 1.358637e-02 1.086596e-02) (1.916611e-03 -1.563032e-04 -1.155463e-04))
296           	((3.165871e-02 3.859057e-01 5.771769e+00) (-6.377838e-04 7.395789e-03 2.039725e-01)) ((-1.476559e-02 1.370514e-02 1.085392e-02) (1.911351e-03 -1.545271e-04 -1.162336e-04))
297           	((3.295615e-02 3.834265e-01 5.771630e+00) (-6.164061e-04 7.363681e-03 2.039256e-01)) ((-1.468038e-02 1.379673e-02 1.083941e-02) (1.905747e-03 -1.533971e-04 -1.179578e-04))
298           	((3.399372e-02 3.812625e-01 5.771246e+00) (-5.959677e-04 7.333829e-03 2.038668e-01)) ((-1.464454e-02 1.387370e-02 1.081558e-02) (1.900565e-03 -1.516556e-04 -1.196778e-04))
299           	((3.483156e-02 3.794879e-01 5.770688e+00) (-5.790711e-04 7.301346e-03 2.038132e-01)) ((-1.465954e-02 1.393277e-02 1.078073e-02) (1.896743e-03 -1.500275e-04 -1.213782e-04))
300           	((3.551463e-02 3.781062e-01 5.769988e+00) (-5.644815e-04 7.263863e-03 2.037548e-01)) ((-1.472118e-02 1.398304e-02 1.072519e-02) (1.891832e-03 -1.487219e-04 -1.232696e-04))
301           	((3.610890e-02 3.771190e-01 5.769179e+00) (-5.535273e-04 7.236425e-03 2.036869e-01)) ((-1.481824e-02 1.401745e-02 1.064360e-02) (1.888723e-03 -1.477599e-04 -1.248811e-04))
302           	((3.653412e-02 3.764951e-01 5.768337e+00) (-5.438782e-04 7.201829e-03 2.036263e-01)) ((-1.493301e-02 1.403848e-02 1.054722e-02) (1.884610e-03 -1.470296e-04 -1.268138e-04))
303           	((3.677563e-02 3.761476e-01 5.767418e+00) (-5.429060e-04 7.175392e-03 2.035576e-01)) ((-1.505215e-02 1.404593e-02 1.044459e-02) (1.881632e-03 -1.453072e-04 -1.291561e-04))
304           	((3.678847e-02 3.761098e-01 5.766484e+00) (-5.410587e-04 7.149173e-03 2.034894e-01)) ((-1.516816e-02 1.403074e-02 1.034725e-02) (1.878219e-03 -1.467042e-04 -1.306611e-04))
305           	((3.653351e-02 3.763476e-01 5.765465e+00) (-5.456273e-04 7.123200e-03 2.034195e-01)) ((-1.529207e-02 1.400192e-02 1.026576e-02) (1.875427e-03 -1.475685e-04 -1.326561e-04))
306           	((3.607397e-02 3.767868e-01 5.764347e+00) (-5.503489e-04 7.111279e-03 2.033497e-01)) ((-1.543841e-02 1.395082e-02 1.020691e-02) (1.873859e-03 -1.495305e-04 -1.339854e-04))
307           	((3.539603e-02 3.774200e-01 5.763105e+00) (-5.602404e-04 7.092694e-03 2.032831e-01)) ((-1.562550e-02 1.388785e-02 1.015685e-02) (1.870634e-03 -1.529334e-04 -1.358782e-04))
308           	((3.457618e-02 3.782763e-01 5.761663e+00) (-5.728703e-04 7.085893e-03 2.032131e-01)) ((-1.587650e-02 1.381330e-02 1.010586e-02) (1.869100e-03 -1.555331e-04 -1.372599e-04))
309           	((3.362284e-02 3.794672e-01 5.760061e+00) (-5.859351e-04 7.077008e-03 2.031501e-01)) ((-1.620277e-02 1.372944e-02 1.005303e-02) (1.866551e-03 -1.606310e-04 -1.385054e-04))
310           	((3.252901e-02 3.810322e-01 5.758280e+00) (-6.025070e-04 7.071116e-03 2.030812e-01)) ((-1.660676e-02 1.365112e-02 9.992694e-03) (1.864647e-03 -1.659106e-04 -1.398528e-04))
311           	((3.132287e-02 3.830814e-01 5.756430e+00) (-6.183517e-04 7.077011e-03 2.030262e-01)) ((-1.707630e-02 1.357371e-02 9.928498e-03) (1.863289e-03 -1.714127e-04 -1.404999e-04))
312           	((2.999251e-02 3.855763e-01 5.754587e+00) (-6.361835e-04 7.077078e-03 2.029743e-01)) ((-1.759578e-02 1.350994e-02 9.866290e-03) (1.861327e-03 -1.779720e-04 -1.414512e-04))
313           	((2.861949e-02 3.884870e-01 5.752817e+00) (-6.548080e-04 7.091266e-03 2.029199e-01)) ((-1.814276e-02 1.345934e-02 9.808663e-03) (1.860279e-03 -1.845401e-04 -1.413075e-04))
314           	((2.717100e-02 3.918336e-01 5.751237e+00) (-6.736495e-04 7.099928e-03 2.028825e-01)) ((-1.869029e-02 1.342122e-02 9.766094e-03) (1.858295e-03 -1.917790e-04 -1.411979e-04))
315           	((2.564800e-02 3.955511e-01 5.749865e+00) (-6.945875e-04 7.116566e-03 2.028362e-01)) ((-1.922620e-02 1.339701e-02 9.740939e-03) (1.856223e-03 -1.992362e-04 -1.407964e-04))
316           	((2.407702e-02 3.995865e-01 5.748810e+00) (-7.134255e-04 7.138615e-03 2.028050e-01)) ((-1.974257e-02 1.337686e-02 9.733292e-03) (1.854776e-03 -2.064551e-04 -1.399270e-04))
317           	((2.248235e-02 4.038244e-01 5.748068e+00) (-7.325039e-04 7.159030e-03 2.027819e-01)) ((-2.023744e-02 1.336582e-02 9.733799e-03) (1.852588e-03 -2.133224e-04 -1.390495e-04))
318           	((2.093063e-02 4.081388e-01 5.747630e+00) (-7.477647e-04 7.195889e-03 2.027668e-01)) ((-2.070755e-02 1.335056e-02 9.742039e-03) (1.851218e-03 -2.198163e-04 -1.375989e-04))
319           	((1.937300e-02 4.124318e-01 5.747502e+00) (-7.652705e-04 7.226297e-03 2.027437e-01)) ((-2.115536e-02 1.332974e-02 9.766469e-03) (1.848267e-03 -2.269773e-04 -1.369247e-04))
320           	((1.786723e-02 4.166504e-01 5.747576e+00) (-7.776955e-04 7.264511e-03 2.027307e-01)) ((-2.159000e-02 1.330199e-02 9.814583e-03) (1.846435e-03 -2.325133e-04 -1.359601e-04))
321           	((1.645500e-02 4.208312e-01 5.747806e+00) (-7.860288e-04 7.304465e-03 2.027331e-01)) ((-2.201171e-02 1.326406e-02 9.894146e-03) (1.843718e-03 -2.379275e-04 -1.358423e-04))
322           	((1.515750e-02 4.249416e-01 5.748060e+00) (-7.921146e-04 7.342156e-03 2.027285e-01)) ((-2.243133e-02 1.323392e-02 9.994983e-03) (1.839540e-03 -2.420222e-04 -1.361357e-04))
323           	((1.404798e-02 4.290278e-01 5.748310e+00) (-7.944488e-04 7.394548e-03 2.027332e-01)) ((-2.285370e-02 1.320787e-02 1.011113e-02) (1.837170e-03 -2.452025e-04 -1.357309e-04))
324           	((1.308204e-02 4.331110e-01 5.748507e+00) (-7.926890e-04 7.434643e-03 2.027463e-01)) ((-2.327477e-02 1.319593e-02 1.023194e-02) (1.833123e-03 -2.481892e-04 -1.362897e-04))
325           	((1.232880e-02 4.371230e-01 5.748599e+00) (-7.901218e-04 7.484428e-03 2.027462e-01)) ((-2.369162e-02 1.319786e-02 1.033863e-02) (1.829557e-03 -2.497383e-04 -1.363126e-04))
326           	((1.180635e-02 4.409831e-01 5.748671e+00) (-7.844792e-04 7.533056e-03 2.027722e-01)) ((-2.409819e-02 1.321061e-02 1.042620e-02) (1.825612e-03 -2.497570e-04 -1.369237e-04))
327           	((1.150253e-02 4.445179e-01 5.748695e+00) (-7.788837e-04 7.577269e-03 2.027928e-01)) ((-2.449386e-02 1.323873e-02 1.049811e-02) (1.821655e-03 -2.491292e-04 -1.370748e-04))
328           	((1.143820e-02 4.476323e-01 5.748750e+00) (-7.688005e-04 7.625049e-03 2.028156e-01)) ((-2.487054e-02 1.327162e-02 1.056055e-02) (1.817850e-03 -2.479834e-04 -1.379624e-04))
329           	((1.165076e-02 4.502756e-01 5.748832e+00) (-7.571794e-04 7.662189e-03 2.028459e-01)) ((-2.522164e-02 1.331897e-02 1.060483e-02) (1.812614e-03 -2.459853e-04 -1.389402e-04))
330           	((1.220811e-02 4.524880e-01 5.748919e+00) (-7.445777e-04 7.705529e-03 2.028745e-01)) ((-2.554264e-02 1.337389e-02 1.063118e-02) (1.808798e-03 -2.429315e-04 -1.394766e-04))
331           	((1.305599e-02 4.543608e-01 5.749042e+00) (-7.299476e-04 7.737787e-03 2.029044e-01)) ((-2.583196e-02 1.343442e-02 1.063620e-02) (1.804148e-03 -2.394837e-04 -1.404655e-04))
332           	((1.420343e-02 4.558551e-01 5.749131e+00) (-7.156550e-04 7.768493e-03 2.029380e-01)) ((-2.609631e-02 1.350206e-02 1.060538e-02) (1.799184e-03 -2.346604e-04 -1.408455e-04))
333           	((1.561285e-02 4.569176e-01 5.749205e+00) (-7.005530e-04 7.795223e-03 2.029785e-01)) ((-2.634138e-02 1.357197e-02 1.053675e-02) (1.795189e-03 -2.300450e-04 -1.412223e-04))
334           	((1.721162e-02 4.574896e-01 5.749191e+00) (-6.871625e-04 7.810763e-03 2.030100e-01)) ((-2.657685e-02 1.365762e-02 1.042937e-02) (1.790561e-03 -2.247139e-04 -1.415948e-04))
335           	((1.903227e-02 4.575209e-01 5.749076e+00) (-6.736103e-04 7.831220e-03 2.030441e-01)) ((-2.680175e-02 1.375481e-02 1.028813e-02) (1.786546e-03 -2.197602e-04 -1.407723e-04))
336           	((2.102288e-02 4.569499e-01 5.748884e+00) (-6.596450e-04 7.838353e-03 2.030793e-01)) ((-2.700589e-02 1.386459e-02 1.012046e-02) (1.783684e-03 -2.140741e-04 -1.409717e-04))
337           	((2.318971e-02 4.557455e-01 5.748586e+00) (-6.450073e-04 7.846171e-03 2.031063e-01)) ((-2.718079e-02 1.398301e-02 9.939721e-03) (1.781414e-03 -2.078435e-04 -1.405493e-04))
338           	((2.546837e-02 4.539676e-01 5.748257e+00) (-6.315063e-04 7.846962e-03 2.031378e-01)) ((-2.731174e-02 1.409593e-02 9.760195e-03) (1.779253e-03 -2.029548e-04 -1.394971e-04))
339           	((2.776893e-02 4.515975e-01 5.747841e+00) (-6.254895e-04 7.837831e-03 2.031593e-01)) ((-2.738738e-02 1.419787e-02 9.577124e-03) (1.778729e-03 -1.971472e-04 -1.384896e-04))
340           	((3.005338e-02 4.486573e-01 5.747371e+00) (-6.161062e-04 7.830751e-03 2.031754e-01)) ((-2.739567e-02 1.427442e-02 9.393983e-03) (1.779155e-03 -1.921602e-04 -1.368808e-04))
341           	((3.222855e-02 4.451602e-01 5.746878e+00) (-6.145217e-04 7.810757e-03 2.031756e-01)) ((-2.733360e-02 1.433926e-02 9.218622e-03) (1.779662e-03 -1.886522e-04 -1.355570e-04))
342           	((3.429267e-02 4.410968e-01 5.746267e+00) (-6.129866e-04 7.792459e-03 2.031806e-01)) ((-2.721261e-02 1.438367e-02 9.038332e-03) (1.782988e-03 -1.829989e-04 -1.333398e-04))
343           	((3.620478e-02 4.366227e-01 5.745598e+00) (-6.114005e-04 7.762909e-03 2.031707e-01)) ((-2.703871e-02 1.440895e-02 8.844718e-03) (1.784778e-03 -1.794141e-04 -1.317735e-04))
344           	((3.803565e-02 4.318562e-01 5.744836e+00) (-6.141034e-04 7.726551e-03 2.031587e-01)) ((-2.681780e-02 1.443208e-02 8.637668e-03) (1.787927e-03 -1.751605e-04 -1.302447e-04))
345           	((3.983635e-02 4.269151e-01 5.744029e+00) (-6.168371e-04 7.691928e-03 2.031433e-01)) ((-2.655433e-02 1.445156e-02 8.429607e-03) (1.792711e-03 -1.719071e-04 -1.276941e-04))
346           	((4.153108e-02 4.218389e-01 5.743191e+00) (-6.264880e-04 7.646056e-03 2.031065e-01)) ((-2.625833e-02 1.447315e-02 8.230204e-03) (1.796082e-03 -1.698591e-04 -1.262689e-04))
347           	((4.311088e-02 4.167010e-01 5.742342e+00) (-6.342661e-04 7.602861e-03 2.030768e-01)) ((-2.593826e-02 1.448715e-02 8.051204e-03) (1.802138e-03 -1.679628e-04 -1.235541e-04))
348           	((4.449633e-02 4.115541e-01 5.741569e+00) (-6.440819e-04 7.555849e-03 2.030441e-01)) ((-2.560255e-02 1.449116e-02 7.905152e-03) (1.807719e-03 -1.662548e-04 -1.218845e-04))
349           	((4.566061e-02 4.063944e-01 5.740858e+00) (-6.564553e-04 7.508217e-03 2.029993e-01)) ((-2.526132e-02 1.448648e-02 7.796103e-03) (1.813307e-03 -1.665836e-04 -1.196249e-04))
350           	((4.658010e-02 4.013374e-01 5.740294e+00) (-6.686223e-04 7.459655e-03 2.029615e-01)) ((-2.491254e-02 1.446184e-02 7.732505e-03) (1.819030e-03 -1.672392e-04 -1.171774e-04))
351           	((4.720334e-02 3.964387e-01 5.739852e+00) (-6.826375e-04 7.411171e-03 2.029237e-01)) ((-2.455767e-02 1.442557e-02 7.705664e-03) (1.825368e-03 -1.679074e-04 -1.154123e-04))
352           	((4.758182e-02 3.917422e-01 5.739567e+00) (-6.937990e-04 7.369716e-03 2.028779e-01)) ((-2.420153e-02 1.437158e-02 7.704805e-03) (1.831168e-03 -1.695700e-04 -1.129661e-04))
353           	((4.768925e-02 3.873710e-01 5.739499e+00) (-7.067743e-04 7.323721e-03 2.028410e-01)) ((-2.385217e-02 1.430800e-02 7.727288e-03) (1.836070e-03 -1.726031e-04 -1.115789e-04))
354           	((4.757717e-02 3.834686e-01 5.739635e+00) (-7.169966e-04 7.288398e-03 2.028035e-01)) ((-2.351763e-02 1.423338e-02 7.769255e-03) (1.842510e-03 -1.745595e-04 -1.097498e-04))
355           	((4.722416e-02 3.802574e-01 5.740085e+00) (-7.235469e-04 7.253876e-03 2.027646e-01)) ((-2.319710e-02 1.414528e-02 7.834735e-03) (1.846479e-03 -1.792495e-04 -1.087938e-04))
356           	((4.663354e-02 3.778509e-01 5.740808e+00) (-7.329537e-04 7.221538e-03 2.027381e-01)) ((-2.289281e-02 1.405343e-02 7.915794e-03) (1.851028e-03 -1.826242e-04 -1.084269e-04))
357           	((4.588033e-02 3.762992e-01 5.741808e+00) (-7.362499e-04 7.201602e-03 2.027172e-01)) ((-2.259927e-02 1.395287e-02 8.010949e-03) (1.856250e-03 -1.868644e-04 -1.068976e-04))
358           	((4.492468e-02 3.755859e-01 5.743032e+00) (-7.398288e-04 7.180634e-03 2.027045e-01)) ((-2.231861e-02 1.385707e-02 8.122601e-03) (1.859552e-03 -1.910417e-04 -1.075468e-04))
359           	((4.383498e-02 3.756760e-01 5.744375e+00) (-7.401188e-04 7.169989e-03 2.026887e-01)) ((-2.205524e-02 1.376082e-02 8.252564e-03) (1.863529e-03 -1.959424e-04 -1.069281e-04))
360           	((4.257147e-02 3.765596e-01 5.745817e+00) (-7.368429e-04 7.165146e-03 2.026955e-01)) ((-2.181796e-02 1.366453e-02 8.412616e-03) (1.866520e-03 -1.995723e-04 -1.080802e-04))
361           	((4.113315e-02 3.781258e-01 5.747236e+00) (-7.343087e-04 7.162710e-03 2.026947e-01)) ((-2.162665e-02 1.357797e-02 8.596973e-03) (1.868731e-03 -2.045709e-04 -1.087787e-04))
362           	((3.959715e-02 3.802855e-01 5.748608e+00) (-7.276984e-04 7.170722e-03 2.027020e-01)) ((-2.149309e-02 1.349230e-02 8.800964e-03) (1.870808e-03 -2.092723e-04 -1.094445e-04))
363           	((3.800138e-02 3.828923e-01 5.749842e+00) (-7.216940e-04 7.181089e-03 2.027120e-01)) ((-2.142952e-02 1.341775e-02 9.011213e-03) (1.871691e-03 -2.137263e-04 -1.104226e-04))
364           	((3.644035e-02 3.858405e-01 5.750910e+00) (-7.091592e-04 7.199932e-03 2.027213e-01)) ((-2.144406e-02 1.335131e-02 9.216412e-03) (1.872814e-03 -2.179820e-04 -1.116922e-04))
365           	((3.489313e-02 3.890767e-01 5.751839e+00) (-6.968986e-04 7.214803e-03 2.027431e-01)) ((-2.153702e-02 1.329891e-02 9.421893e-03) (1.872243e-03 -2.228609e-04 -1.137934e-04))
366           	((3.338481e-02 3.925486e-01 5.752571e+00) (-6.841652e-04 7.240987e-03 2.027626e-01)) ((-2.170548e-02 1.326527e-02 9.628410e-03) (1.872467e-03 -2.257897e-04 -1.158174e-04))
367           	((3.189567e-02 3.962778e-01 5.753158e+00) (-6.644642e-04 7.268687e-03 2.027958e-01)) ((-2.193961e-02 1.324660e-02 9.834971e-03) (1.871935e-03 -2.295992e-04 -1.185966e-04))
368           	((3.040188e-02 4.001913e-01 5.753557e+00) (-6.449585e-04 7.292717e-03 2.028288e-01)) ((-2.223514e-02 1.325067e-02 1.003933e-02) (1.869926e-03 -2.317002e-04 -1.218617e-04))
369           	((2.899806e-02 4.041993e-01 5.753757e+00) (-6.222561e-04 7.329628e-03 2.028634e-01)) ((-2.258374e-02 1.326808e-02 1.024212e-02) (1.869341e-03 -2.333944e-04 -1.242623e-04))
370           	((2.769883e-02 4.082374e-01 5.753774e+00) (-5.983955e-04 7.355404e-03 2.029068e-01)) ((-2.297934e-02 1.330684e-02 1.044177e-02) (1.866279e-03 -2.356805e-04 -1.275710e-04))
371           	((2.662557e-02 4.122634e-01 5.753548e+00) (-5.759917e-04 7.387402e-03 2.029409e-01)) ((-2.341669e-02 1.336922e-02 1.062399e-02) (1.863901e-03 -2.370920e-04 -1.302462e-04))
372           	((2.580709e-02 4.162317e-01 5.753137e+00) (-5.489359e-04 7.419953e-03 2.029873e-01)) ((-2.388725e-02 1.345386e-02 1.078938e-02) (1.860803e-03 -2.377887e-04 -1.336526e-04))
373           	((2.525239e-02 4.200098e-01 5.752501e+00) (-5.243638e-04 7.444845e-03 2.030278e-01)) ((-2.439236e-02 1.357673e-02 1.093150e-02) (1.856325e-03 -2.391465e-04 -1.364974e-04))
374           	((2.500991e-02 4.234918e-01 5.751680e+00) (-4.978958e-04 7.475802e-03 2.030683e-01)) ((-2.491889e-02 1.372598e-02 1.104615e-02) (1.852525e-03 -2.393013e-04 -1.390461e-04))
375           	((2.501180e-02 4.266473e-01 5.750723e+00) (-4.762425e-04 7.495117e-03 2.031149e-01)) ((-2.544841e-02 1.390556e-02 1.114059e-02) (1.847961e-03 -2.390416e-04 -1.417812e-04))
376           	((2.526913e-02 4.293619e-01 5.749659e+00) (-4.550416e-04 7.522478e-03 2.031549e-01)) ((-2.596628e-02 1.410363e-02 1.121371e-02) (1.842982e-03 -2.381695e-04 -1.439967e-04))
377           	((2.572300e-02 4.314924e-01 5.748562e+00) (-4.361808e-04 7.538615e-03 2.031899e-01)) ((-2.645775e-02 1.431619e-02 1.126054e-02) (1.837308e-03 -2.379152e-04 -1.460889e-04))
378           	((2.635103e-02 4.328784e-01 5.747395e+00) (-4.197003e-04 7.554972e-03 2.032142e-01)) ((-2.692184e-02 1.454606e-02 1.127690e-02) (1.831766e-03 -2.363244e-04 -1.479240e-04))
379           	((2.712731e-02 4.334595e-01 5.746193e+00) (-4.050575e-04 7.575616e-03 2.032407e-01)) ((-2.735565e-02 1.478221e-02 1.126478e-02) (1.825925e-03 -2.357482e-04 -1.496513e-04))
380           	((2.800230e-02 4.331623e-01 5.744928e+00) (-3.935862e-04 7.583380e-03 2.032611e-01)) ((-2.775532e-02 1.502912e-02 1.122428e-02) (1.820215e-03 -2.341598e-04 -1.513642e-04))
381           	((2.898531e-02 4.319618e-01 5.743582e+00) (-3.836040e-04 7.603206e-03 2.032715e-01)) ((-2.811132e-02 1.527384e-02 1.116229e-02) (1.815990e-03 -2.313016e-04 -1.523160e-04))
382           	((2.997292e-02 4.299509e-01 5.742214e+00) (-3.746845e-04 7.613230e-03 2.032790e-01)) ((-2.841317e-02 1.551162e-02 1.109100e-02) (1.810277e-03 -2.291567e-04 -1.538893e-04))
383           	((3.091128e-02 4.272553e-01 5.740813e+00) (-3.700499e-04 7.626832e-03 2.032678e-01)) ((-2.865427e-02 1.573432e-02 1.102127e-02) (1.806036e-03 -2.267509e-04 -1.548877e-04))
384           	((3.174877e-02 4.240866e-01 5.739477e+00) (-3.652318e-04 7.640958e-03 2.032598e-01)) ((-2.881907e-02 1.592008e-02 1.096054e-02) (1.802531e-03 -2.237670e-04 -1.558745e-04))
385           	((3.239778e-02 4.206230e-01 5.738197e+00) (-3.628753e-04 7.650466e-03 2.032368e-01)) ((-2.890737e-02 1.606618e-02 1.090691e-02) (1.798135e-03 -2.207549e-04 -1.577239e-04))
386           	((3.286830e-02 4.170781e-01 5.736999e+00) (-3.629986e-04 7.663781e-03 2.032080e-01)) ((-2.892476e-02 1.615607e-02 1.085971e-02) (1.796049e-03 -2.176168e-04 -1.579874e-04))
387           	((3.309223e-02 4.135715e-01 5.735885e+00) (-3.647882e-04 7.668724e-03 2.031718e-01)) ((-2.888331e-02 1.620066e-02 1.082011e-02) (1.793855e-03 -2.135637e-04 -1.599322e-04))
388           	((3.314190e-02 4.101007e-01 5.734809e+00) (-3.670760e-04 7.677979e-03 2.031359e-01)) ((-2.879642e-02 1.620812e-02 1.078006e-02) (1.792709e-03 -2.086750e-04 -1.612095e-04))
389           	((3.304950e-02 4.066321e-01 5.733813e+00) (-3.728556e-04 7.680530e-03 2.030982e-01)) ((-2.867650e-02 1.618378e-02 1.074328e-02) (1.791971e-03 -2.050191e-04 -1.623078e-04))
390           	((3.286624e-02 4.030668e-01 5.732854e+00) (-3.780220e-04 7.680453e-03 2.030619e-01)) ((-2.854270e-02 1.613983e-02 1.070920e-02) (1.792545e-03 -1.987267e-04 -1.638684e-04))
391           	((3.262417e-02 3.993485e-01 5.731981e+00) (-3.834760e-04 7.683890e-03 2.030271e-01)) ((-2.840629e-02 1.607237e-02 1.068658e-02) (1.794013e-03 -1.942835e-04 -1.646583e-04))
392           	((3.228592e-02 3.954787e-01 5.731227e+00) (-3.919159e-04 7.679592e-03 2.029893e-01)) ((-2.827850e-02 1.599011e-02 1.067962e-02) (1.794549e-03 -1.885727e-04 -1.661065e-04))
393           	((3.191268e-02 3.915405e-01 5.730598e+00) (-3.983289e-04 7.680561e-03 2.029557e-01)) ((-2.816669e-02 1.588242e-02 1.068889e-02) (1.797510e-03 -1.825348e-04 -1.665015e-04))
394           	((3.149061e-02 3.878009e-01 5.730167e+00) (-4.039091e-04 7.676487e-03 2.029363e-01)) ((-2.807690e-02 1.574327e-02 1.071160e-02) (1.799141e-03 -1.768430e-04 -1.679648e-04))
395           	((3.106081e-02 3.844955e-01 5.729948e+00) (-4.109213e-04 7.669606e-03 2.029090e-01)) ((-2.800655e-02 1.557426e-02 1.073409e-02) (1.802356e-03 -1.710907e-04 -1.680998e-04))
396           	((3.067079e-02 3.817827e-01 5.730033e+00) (-4.146970e-04 7.665588e-03 2.028990e-01)) ((-2.794074e-02 1.537322e-02 1.074877e-02) (1.806686e-03 -1.656211e-04 -1.680014e-04))
397           	((3.025886e-02 3.796607e-01 5.730401e+00) (-4.193735e-04 7.656533e-03 2.028884e-01)) ((-2.787273e-02 1.515789e-02 1.075203e-02) (1.809841e-03 -1.598095e-04 -1.686604e-04))
398           	((2.983642e-02 3.781688e-01 5.731045e+00) (-4.224184e-04 7.653261e-03 2.028820e-01)) ((-2.779518e-02 1.492809e-02 1.074678e-02) (1.814652e-03 -1.544180e-04 -1.673067e-04))
399           	((2.933086e-02 3.773379e-01 5.731948e+00) (-4.270389e-04 7.644312e-03 2.028815e-01)) ((-2.770802e-02 1.469407e-02 1.073475e-02) (1.818678e-03 -1.500511e-04 -1.675666e-04))
400           	((2.877936e-02 3.770858e-01 5.733006e+00) (-4.285384e-04 7.638486e-03 2.028919e-01)) ((-2.762121e-02 1.446815e-02 1.071983e-02) (1.823615e-03 -1.442123e-04 -1.667222e-04))
401           	((2.818857e-02 3.773113e-01 5.734200e+00) (-4.304652e-04 7.635039e-03 2.029039e-01)) ((-2.754368e-02 1.425275e-02 1.070973e-02) (1.828003e-03 -1.402671e-04 -1.659690e-04))
402           	((2.757314e-02 3.778731e-01 5.735415e+00) (-4.316558e-04 7.631322e-03 2.029274e-01)) ((-2.748273e-02 1.406151e-02 1.069952e-02) (1.832521e-03 -1.354797e-04 -1.655234e-04))
403           	((2.697099e-02 3.787038e-01 5.736608e+00) (-4.294265e-04 7.634669e-03 2.029431e-01)) ((-2.743771e-02 1.388899e-02 1.068867e-02) (1.837300e-03 -1.318899e-04 -1.644750e-04))
404           	((2.634873e-02 3.797555e-01 5.737757e+00) (-4.312438e-04 7.631588e-03 2.029730e-01)) ((-2.740783e-02 1.374514e-02 1.067972e-02) (1.841091e-03 -1.293179e-04 -1.636737e-04))
405           	((2.579540e-02 3.809439e-01 5.738829e+00) (-4.324957e-04 7.637825e-03 2.030057e-01)) ((-2.739822e-02 1.362956e-02 1.067591e-02) (1.845965e-03 -1.255850e-04 -1.622797e-04))
406           	((2.531691e-02 3.822405e-01 5.739888e+00) (-4.320559e-04 7.641574e-03 2.030503e-01)) ((-2.740842e-02 1.354454e-02 1.068205e-02) (1.849137e-03 -1.237416e-04 -1.613773e-04))
407           	((2.494072e-02 3.836055e-01 5.740864e+00) (-4.331182e-04 7.646416e-03 2.030785e-01)) ((-2.743793e-02 1.349784e-02 1.069149e-02) (1.851676e-03 -1.222921e-04 -1.600808e-04))
408           	((2.470873e-02 3.850578e-01 5.741793e+00) (-4.320335e-04 7.654912e-03 2.031176e-01)) ((-2.748029e-02 1.347903e-02 1.069937e-02) (1.855467e-03 -1.214722e-04 -1.583664e-04))
409           	((2.455970e-02 3.865509e-01 5.742623e+00) (-4.317703e-04 7.657359e-03 2.031593e-01)) ((-2.753652e-02 1.349684e-02 1.069869e-02) (1.856524e-03 -1.209826e-04 -1.578353e-04))
410           	((2.453730e-02 3.881155e-01 5.743337e+00) (-4.312805e-04 7.665492e-03 2.031974e-01)) ((-2.760440e-02 1.354087e-02 1.068296e-02) (1.858276e-03 -1.204044e-04 -1.558506e-04))
411           	((2.462199e-02 3.897773e-01 5.743952e+00) (-4.321379e-04 7.664380e-03 2.032366e-01)) ((-2.767644e-02 1.361248e-02 1.065187e-02) (1.858772e-03 -1.206694e-04 -1.551862e-04))
412           	((2.484567e-02 3.914417e-01 5.744410e+00) (-4.281380e-04 7.665093e-03 2.032799e-01)) ((-2.775128e-02 1.372152e-02 1.060481e-02) (1.858540e-03 -1.199141e-04 -1.542040e-04))
413           	((2.521327e-02 3.929844e-01 5.744755e+00) (-4.247340e-04 7.663970e-03 2.033144e-01)) ((-2.781797e-02 1.386317e-02 1.054654e-02) (1.857342e-03 -1.208713e-04 -1.526133e-04))
414           	((2.573500e-02 3.942021e-01 5.744981e+00) (-4.165125e-04 7.658018e-03 2.033571e-01)) ((-2.786594e-02 1.404675e-02 1.047623e-02) (1.855558e-03 -1.205844e-04 -1.520026e-04))
415           	((2.643208e-02 3.948840e-01 5.745128e+00) (-4.055242e-04 7.652896e-03 2.033994e-01)) ((-2.787736e-02 1.426109e-02 1.040078e-02) (1.854037e-03 -1.203094e-04 -1.505434e-04))
416           	((2.726744e-02 3.948874e-01 5.745246e+00) (-3.959424e-04 7.636654e-03 2.034319e-01)) ((-2.783440e-02 1.450388e-02 1.033225e-02) (1.851087e-03 -1.211955e-04 -1.499276e-04))
417           	((2.826239e-02 3.940742e-01 5.745279e+00) (-3.847854e-04 7.623774e-03 2.034653e-01)) ((-2.772623e-02 1.476315e-02 1.027503e-02) (1.849623e-03 -1.205385e-04 -1.487499e-04))
418           	((2.940174e-02 3.924092e-01 5.745302e+00) (-3.681890e-04 7.604193e-03 2.035031e-01)) ((-2.754350e-02 1.503394e-02 1.023076e-02) (1.846238e-03 -1.199925e-04 -1.483771e-04))
419           	((3.063502e-02 3.898782e-01 5.745232e+00) (-3.553873e-04 7.579053e-03 2.035233e-01)) ((-2.728634e-02 1.532536e-02 1.019540e-02) (1.843527e-03 -1.196959e-04 -1.481177e-04))
420           	((3.195269e-02 3.865026e-01 5.745130e+00) (-3.356382e-04 7.560113e-03 2.035439e-01)) ((-2.695312e-02 1.562193e-02 1.018009e-02) (1.841771e-03 -1.182172e-04 -1.473364e-04))
421           	((3.325902e-02 3.822110e-01 5.745030e+00) (-3.216264e-04 7.529810e-03 2.035581e-01)) ((-2.655353e-02 1.593028e-02 1.018513e-02) (1.838491e-03 -1.171812e-04 -1.476693e-04))
422           	((3.461027e-02 3.769878e-01 5.744925e+00) (-3.043099e-04 7.506871e-03 2.035558e-01)) ((-2.610864e-02 1.623878e-02 1.020811e-02) (1.835837e-03 -1.156484e-04 -1.470794e-04))
423           	((3.599136e-02 3.709613e-01 5.744824e+00) (-2.885028e-04 7.476356e-03 2.035433e-01)) ((-2.563556e-02 1.654103e-02 1.024623e-02) (1.833190e-03 -1.147071e-04 -1.474539e-04))
424           	((3.740574e-02 3.642363e-01 5.744643e+00) (-2.733380e-04 7.447317e-03 2.035201e-01)) ((-2.515161e-02 1.684174e-02 1.029298e-02) (1.830590e-03 -1.131593e-04 -1.481592e-04))
425           	((3.883311e-02 3.569986e-01 5.744352e+00) (-2.572676e-04 7.423104e-03 2.034842e-01)) ((-2.465277e-02 1.713000e-02 1.034845e-02) (1.828073e-03 -1.136115e-04 -1.484274e-04))
426           	((4.022396e-02 3.494328e-01 5.743902e+00) (-2.426800e-04 7.394244e-03 2.034433e-01)) ((-2.413907e-02 1.740827e-02 1.041182e-02) (1.825146e-03 -1.125961e-04 -1.497588e-04))
427           	((4.157005e-02 3.418702e-01 5.743258e+00) (-2.278634e-04 7.372722e-03 2.033813e-01)) ((-2.361599e-02 1.766331e-02 1.048792e-02) (1.824512e-03 -1.124345e-04 -1.502642e-04))
428           	((4.281052e-02 3.345753e-01 5.742518e+00) (-2.133102e-04 7.343509e-03 2.033127e-01)) ((-2.308977e-02 1.788948e-02 1.058310e-02) (1.822237e-03 -1.128424e-04 -1.518672e-04))
429           	((4.387236e-02 3.277215e-01 5.741674e+00) (-2.005376e-04 7.316717e-03 2.032359e-01)) ((-2.257456e-02 1.808018e-02 1.070088e-02) (1.821992e-03 -1.128086e-04 -1.528725e-04))
430           	((4.469036e-02 3.215501e-01 5.740856e+00) (-1.865093e-04 7.289403e-03 2.031575e-01)) ((-2.208463e-02 1.822917e-02 1.084389e-02) (1.821422e-03 -1.134452e-04 -1.547377e-04))
431           	((4.519073e-02 3.162394e-01 5.740003e+00) (-1.767323e-04 7.257100e-03 2.030626e-01)) ((-2.164391e-02 1.833740e-02 1.099354e-02) (1.821226e-03 -1.140104e-04 -1.567735e-04))
432           	((4.542666e-02 3.119304e-01 5.739139e+00) (-1.609709e-04 7.234455e-03 2.029670e-01)) ((-2.128845e-02 1.839149e-02 1.113921e-02) (1.822700e-03 -1.136432e-04 -1.591047e-04))
433           	((4.542701e-02 3.086028e-01 5.738283e+00) (-1.502530e-04 7.201519e-03 2.028744e-01)) ((-2.104084e-02 1.840713e-02 1.127311e-02) (1.823042e-03 -1.139931e-04 -1.615793e-04))
434           	((4.534564e-02 3.062295e-01 5.737449e+00) (-1.399291e-04 7.177611e-03 2.027781e-01)) ((-2.091145e-02 1.838883e-02 1.138559e-02) (1.824018e-03 -1.136595e-04 -1.639889e-04))
435           	((4.520430e-02 3.048527e-01 5.736734e+00) (-1.285012e-04 7.147909e-03 2.026805e-01)) ((-2.089174e-02 1.833610e-02 1.147822e-02) (1.825048e-03 -1.139358e-04 -1.667239e-04))
436           	((4.496563e-02 3.044680e-01 5.736165e+00) (-1.208197e-04 7.118297e-03 2.025874e-01)) ((-2.097105e-02 1.825524e-02 1.155357e-02) (1.826067e-03 -1.132147e-04 -1.701673e-04))
437           	((4.458102e-02 3.051241e-01 5.735823e+00) (-1.141776e-04 7.096411e-03 2.024963e-01)) ((-2.112673e-02 1.813168e-02 1.161838e-02) (1.827547e-03 -1.139664e-04 -1.718886e-04))
438           	((4.394222e-02 3.068487e-01 5.735745e+00) (-1.085849e-04 7.071563e-03 2.024221e-01)) ((-2.133575e-02 1.796813e-02 1.168441e-02) (1.828113e-03 -1.136024e-04 -1.750039e-04))
439           	((4.303360e-02 3.096234e-01 5.735908e+00) (-1.054113e-04 7.055891e-03 2.023430e-01)) ((-2.157488e-02 1.776239e-02 1.176022e-02) (1.830869e-03 -1.128205e-04 -1.769386e-04))
440           	((4.183918e-02 3.133633e-01 5.736360e+00) (-1.014380e-04 7.040028e-03 2.022768e-01)) ((-2.182001e-02 1.752244e-02 1.184942e-02) (1.831340e-03 -1.135524e-04 -1.791595e-04))
441           	((4.040617e-02 3.178487e-01 5.737007e+00) (-1.010267e-04 7.034009e-03 2.022190e-01)) ((-2.206480e-02 1.726520e-02 1.194364e-02) (1.831961e-03 -1.130275e-04 -1.807795e-04))
442           	((3.879628e-02 3.229248e-01 5.737882e+00) (-1.004760e-04 7.035845e-03 2.021778e-01)) ((-2.231171e-02 1.699514e-02 1.204399e-02) (1.833125e-03 -1.127230e-04 -1.826087e-04))
443           	((3.702615e-02 3.284326e-01 5.738882e+00) (-1.060369e-04 7.034807e-03 2.021324e-01)) ((-2.257312e-02 1.673560e-02 1.214537e-02) (1.833244e-03 -1.135683e-04 -1.843698e-04))
444           	((3.524625e-02 3.343265e-01 5.739939e+00) (-1.095132e-04 7.047926e-03 2.021017e-01)) ((-2.285941e-02 1.649144e-02 1.223644e-02) (1.833856e-03 -1.135389e-04 -1.852772e-04))
445           	((3.345836e-02 3.405369e-01 5.741001e+00) (-1.154818e-04 7.059281e-03 2.020844e-01)) ((-2.317785e-02 1.627536e-02 1.230895e-02) (1.833844e-03 -1.144973e-04 -1.866846e-04))
446           	((3.176993e-02 3.469477e-01 5.742005e+00) (-1.250844e-04 7.085469e-03 2.020764e-01)) ((-2.354289e-02 1.609322e-02 1.235010e-02) (1.833866e-03 -1.148884e-04 -1.880212e-04))
447           	((3.020282e-02 3.535018e-01 5.742990e+00) (-1.342446e-04 7.115311e-03 2.020799e-01)) ((-2.396190e-02 1.594327e-02 1.236537e-02) (1.833174e-03 -1.155863e-04 -1.894859e-04))
448           	((2.872963e-02 3.601252e-01 5.743884e+00) (-1.468243e-04 7.147278e-03 2.020873e-01)) ((-2.444142e-02 1.583450e-02 1.235815e-02) (1.831668e-03 -1.157129e-04 -1.913426e-04))
449           	((2.735806e-02 3.668533e-01 5.744653e+00) (-1.573874e-04 7.193281e-03 2.021030e-01)) ((-2.498010e-02 1.575468e-02 1.233197e-02) (1.830931e-03 -1.169651e-04 -1.918135e-04))
450           	((2.604607e-02 3.737416e-01 5.745292e+00) (-1.699440e-04 7.235274e-03 2.021393e-01)) ((-2.557143e-02 1.570774e-02 1.227974e-02) (1.827628e-03 -1.172930e-04 -1.937096e-04))
451           	((2.480425e-02 3.807594e-01 5.745730e+00) (-1.846675e-04 7.287783e-03 2.021663e-01)) ((-2.620546e-02 1.568626e-02 1.219554e-02) (1.826210e-03 -1.175753e-04 -1.945318e-04))
452           	((2.359180e-02 3.878833e-01 5.746039e+00) (-1.958224e-04 7.339532e-03 2.022033e-01)) ((-2.685835e-02 1.568493e-02 1.208322e-02) (1.822474e-03 -1.183034e-04 -1.965045e-04))
453           	((2.240675e-02 3.949581e-01 5.746199e+00) (-2.099794e-04 7.390994e-03 2.022512e-01)) ((-2.751266e-02 1.571085e-02 1.194107e-02) (1.818486e-03 -1.180908e-04 -1.977307e-04))
454           	((2.127396e-02 4.018041e-01 5.746295e+00) (-2.205238e-04 7.447742e-03 2.023058e-01)) ((-2.814421e-02 1.575343e-02 1.178268e-02) (1.815066e-03 -1.177088e-04 -1.988439e-04))
455           	((2.011362e-02 4.081482e-01 5.746345e+00) (-2.300424e-04 7.495610e-03 2.023640e-01)) ((-2.873485e-02 1.581193e-02 1.163450e-02) (1.809623e-03 -1.171849e-04 -2.005822e-04))
456           	((1.899595e-02 4.137377e-01 5.746350e+00) (-2.343907e-04 7.550665e-03 2.024329e-01)) ((-2.926661e-02 1.587130e-02 1.151571e-02) (1.805205e-03 -1.147876e-04 -2.017545e-04))
457           	((1.790185e-02 4.184308e-01 5.746328e+00) (-2.383592e-04 7.593954e-03 2.024957e-01)) ((-2.972739e-02 1.592773e-02 1.143466e-02) (1.799349e-03 -1.138710e-04 -2.028962e-04))
458           	((1.690484e-02 4.220181e-01 5.746231e+00) (-2.392135e-04 7.638584e-03 2.025684e-01)) ((-3.012347e-02 1.598118e-02 1.138314e-02) (1.793893e-03 -1.110427e-04 -2.042446e-04))
459           	((1.605387e-02 4.244254e-01 5.746113e+00) (-2.374132e-04 7.676433e-03 2.026485e-01)) ((-3.045793e-02 1.603259e-02 1.135052e-02) (1.789007e-03 -1.083439e-04 -2.045295e-04))
460           	((1.540440e-02 4.256107e-01 5.745972e+00) (-2.330282e-04 7.705733e-03 2.027229e-01)) ((-3.074129e-02 1.610101e-02 1.131685e-02) (1.783701e-03 -1.052818e-04 -2.050766e-04))
461           	((1.504273e-02 4.256431e-01 5.745803e+00) (-2.286701e-04 7.734445e-03 2.027932e-01)) ((-3.097643e-02 1.618354e-02 1.126950e-02) (1.780065e-03 -1.021222e-04 -2.042179e-04))
462           	((1.495762e-02 4.245699e-01 5.745638e+00) (-2.178248e-04 7.750317e-03 2.028766e-01)) ((-3.115933e-02 1.628841e-02 1.120596e-02) (1.776140e-03 -9.831931e-05 -2.046695e-04))
463           	((1.520830e-02 4.223938e-01 5.745406e+00) (-2.099866e-04 7.764285e-03 2.029390e-01)) ((-3.128879e-02 1.641609e-02 1.111939e-02) (1.773891e-03 -9.440329e-05 -2.038954e-04))
464           	((1.576029e-02 4.192812e-01 5.745142e+00) (-1.974372e-04 7.772671e-03 2.030085e-01)) ((-3.135417e-02 1.655501e-02 1.103134e-02) (1.772094e-03 -9.020113e-05 -2.032672e-04))
465           	((1.652635e-02 4.153282e-01 5.744735e+00) (-1.869862e-04 7.768623e-03 2.030669e-01)) ((-3.135131e-02 1.670472e-02 1.094389e-02) (1.770410e-03 -8.537155e-05 -2.022207e-04))
466           	((1.754058e-02 4.106680e-01 5.744218e+00) (-1.769382e-04 7.766231e-03 2.031207e-01)) ((-3.127873e-02 1.684715e-02 1.084928e-02) (1.771040e-03 -8.060605e-05 -2.002809e-04))
467           	((1.873563e-02 4.054462e-01 5.743614e+00) (-1.673619e-04 7.749792e-03 2.031613e-01)) ((-3.114316e-02 1.698888e-02 1.074104e-02) (1.771004e-03 -7.610929e-05 -1.990647e-04))
468           	((2.012745e-02 3.998030e-01 5.742928e+00) (-1.580172e-04 7.737390e-03 2.031953e-01)) ((-3.095134e-02 1.712707e-02 1.062586e-02) (1.773130e-03 -7.084021e-05 -1.961104e-04))
469           	((2.164326e-02 3.938838e-01 5.742238e+00) (-1.512833e-04 7.711411e-03 2.032181e-01)) ((-3.070779e-02 1.726669e-02 1.051095e-02) (1.775432e-03 -6.694274e-05 -1.933912e-04))
470           	((2.329235e-02 3.877694e-01 5.741533e+00) (-1.420154e-04 7.684972e-03 2.032256e-01)) ((-3.041600e-02 1.741713e-02 1.039674e-02) (1.778233e-03 -6.288484e-05 -1.909689e-04))
471           	((2.501573e-02 3.815430e-01 5.740867e+00) (-1.359190e-04 7.660663e-03 2.032265e-01)) ((-3.006895e-02 1.757087e-02 1.029506e-02) (1.781862e-03 -5.974179e-05 -1.870379e-04))
472           	((2.672303e-02 3.752941e-01 5.740283e+00) (-1.264088e-04 7.622722e-03 2.032130e-01)) ((-2.967888e-02 1.772989e-02 1.021446e-02) (1.784564e-03 -5.701748e-05 -1.839667e-04))
473           	((2.841786e-02 3.691164e-01 5.739800e+00) (-1.199312e-04 7.591876e-03 2.031835e-01)) ((-2.926880e-02 1.787555e-02 1.015567e-02) (1.788769e-03 -5.445840e-05 -1.797716e-04))
474           	((3.006263e-02 3.631629e-01 5.739501e+00) (-1.144783e-04 7.552064e-03 2.031453e-01)) ((-2.885872e-02 1.800074e-02 1.012806e-02) (1.791657e-03 -5.337693e-05 -1.761978e-04))
475           	((3.167002e-02 3.574979e-01 5.739368e+00) (-1.117590e-04 7.511022e-03 2.030966e-01)) ((-2.846259e-02 1.810901e-02 1.012245e-02) (1.795308e-03 -5.264521e-05 -1.719274e-04))
476           	((3.322416e-02 3.521966e-01 5.739522e+00) (-1.048161e-04 7.471404e-03 2.030367e-01)) ((-2.807930e-02 1.819705e-02 1.014597e-02) (1.798282e-03 -5.299078e-05 -1.685475e-04))
477           	((3.465091e-02 3.473347e-01 5.739922e+00) (-1.038683e-04 7.423303e-03 2.029644e-01)) ((-2.770993e-02 1.827388e-02 1.018601e-02) (1.800264e-03 -5.281435e-05 -1.646817e-04))
478           	((3.598402e-02 3.430948e-01 5.740646e+00) (-9.933205e-05 7.386339e-03 2.028949e-01)) ((-2.735556e-02 1.833270e-02 1.023435e-02) (1.802673e-03 -5.323202e-05 -1.606275e-04))
479           	((3.716297e-02 3.396721e-01 5.741711e+00) (-9.375501e-05 7.336857e-03 2.028195e-01)) ((-2.700566e-02 1.838269e-02 1.028674e-02) (1.803165e-03 -5.387774e-05 -1.578438e-04))
480           	((3.826371e-02 3.372620e-01 5.743100e+00) (-9.138907e-05 7.298978e-03 2.027380e-01)) ((-2.665347e-02 1.842179e-02 1.034060e-02) (1.804611e-03 -5.365620e-05 -1.544790e-04))
481           	((3.924375e-02 3.360294e-01 5.744869e+00) (-8.372738e-05 7.258373e-03 2.026583e-01)) ((-2.629716e-02 1.844043e-02 1.039900e-02) (1.804470e-03 -5.584918e-05 -1.512138e-04))
482           	((4.008517e-02 3.359977e-01 5.746959e+00) (-7.713424e-05 7.223392e-03 2.025766e-01)) ((-2.594238e-02 1.843837e-02 1.045372e-02) (1.802996e-03 -5.681197e-05 -1.490710e-04))
483           	((4.077636e-02 3.371807e-01 5.749338e+00) (-6.702343e-05 7.197221e-03 2.025038e-01)) ((-2.558481e-02 1.840425e-02 1.050302e-02) (1.803317e-03 -5.828362e-05 -1.460504e-04))
484           	((4.125414e-02 3.394235e-01 5.751951e+00) (-5.971779e-05 7.171448e-03 2.024409e-01)) ((-2.522917e-02 1.834722e-02 1.055539e-02) (1.801970e-03 -6.025636e-05 -1.446559e-04))
485           	((4.156199e-02 3.424222e-01 5.754656e+00) (-4.984715e-05 7.158270e-03 2.023801e-01)) ((-2.488628e-02 1.826050e-02 1.060949e-02) (1.800642e-03 -6.147818e-05 -1.424513e-04))
486           	((4.166786e-02 3.459086e-01 5.757370e+00) (-3.948609e-05 7.146505e-03 2.023240e-01)) ((-2.456994e-02 1.814590e-02 1.066448e-02) (1.798369e-03 -6.384906e-05 -1.415971e-04))
487           	((4.153968e-02 3.496466e-01 5.759885e+00) (-2.910558e-05 7.138173e-03 2.022787e-01)) ((-2.430072e-02 1.801421e-02 1.071472e-02) (1.797225e-03 -6.452212e-05 -1.409026e-04))
488           	((4.117672e-02 3.535719e-01 5.762150e+00) (-1.397720e-05 7.136856e-03 2.022439e-01)) ((-2.408961e-02 1.786448e-02 1.076865e-02) (1.795085e-03 -6.664386e-05 -1.405356e-04))
489           	((4.052425e-02 3.576669e-01 5.764036e+00) (-2.440304e-06 7.139047e-03 2.022115e-01)) ((-2.395037e-02 1.771260e-02 1.083092e-02) (1.792631e-03 -6.873630e-05 -1.408380e-04))
490           	((3.966952e-02 3.619541e-01 5.765517e+00) (1.544158e-05 7.150645e-03 2.021856e-01)) ((-2.389030e-02 1.755715e-02 1.090430e-02) (1.791593e-03 -7.010729e-05 -1.409511e-04))
491           	((3.859896e-02 3.665052e-01 5.766573e+00) (3.071418e-05 7.158582e-03 2.021677e-01)) ((-2.390960e-02 1.740296e-02 1.098459e-02) (1.788435e-03 -7.232676e-05 -1.423306e-04))
492           	((3.739995e-02 3.713345e-01 5.767162e+00) (4.623535e-05 7.174656e-03 2.021423e-01)) ((-2.400495e-02 1.725290e-02 1.107064e-02) (1.786222e-03 -7.430998e-05 -1.435993e-04))
493           	((3.603754e-02 3.765188e-01 5.767370e+00) (6.567218e-05 7.191507e-03 2.021361e-01)) ((-2.416923e-02 1.710841e-02 1.117046e-02) (1.784237e-03 -7.628934e-05 -1.457397e-04))
494           	((3.453545e-02 3.820299e-01 5.767194e+00) (8.067387e-05 7.210056e-03 2.021344e-01)) ((-2.439811e-02 1.698513e-02 1.127541e-02) (1.780566e-03 -7.775310e-05 -1.485701e-04))
495           	((3.304122e-02 3.878209e-01 5.766706e+00) (9.810410e-05 7.234895e-03 2.021254e-01)) ((-2.468545e-02 1.687986e-02 1.137585e-02) (1.778510e-03 -8.030207e-05 -1.503899e-04))
496           	((3.160947e-02 3.937426e-01 5.765987e+00) (1.144095e-04 7.254955e-03 2.021298e-01)) ((-2.502752e-02 1.680617e-02 1.146785e-02) (1.774814e-03 -8.317461e-05 -1.541613e-04))
497           	((3.035676e-02 3.995425e-01 5.765022e+00) (1.337894e-04 7.278336e-03 2.021297e-01)) ((-2.541559e-02 1.676620e-02 1.154690e-02) (1.771030e-03 -8.571346e-05 -1.570672e-04))
498           	((2.934384e-02 4.050547e-01 5.763925e+00) (1.505049e-04 7.299751e-03 2.021300e-01)) ((-2.583663e-02 1.676228e-02 1.161015e-02) (1.765928e-03 -8.921777e-05 -1.605796e-04))
499           	((2.856474e-02 4.101511e-01 5.762671e+00) (1.699460e-04 7.314123e-03 2.021294e-01)) ((-2.628271e-02 1.679969e-02 1.164542e-02) (1.760777e-03 -9.175022e-05 -1.643526e-04))
500           	((2.799609e-02 4.147457e-01 5.761324e+00) (1.912260e-04 7.335246e-03 2.021294e-01)) ((-2.673723e-02 1.686304e-02 1.166300e-02) (1.754874e-03 -9.520380e-05 -1.679138e-04))
