# Forces      
# CofR        : (2.875000e-01 1.270000e-01 2.286000e-01)
# Time        forces(pressure viscous)	moments(pressure viscous)
0             	((0.000000e+00 0.000000e+00 0.000000e+00) (-4.125804e-04 -1.479637e-03 3.084611e-01)) ((0.000000e+00 0.000000e+00 0.000000e+00) (6.417557e-03 3.804546e-04 9.534567e-06))
1             	((-1.364625e-02 -4.841398e-02 1.977355e+00) (-4.409151e-04 -1.775626e-03 3.073419e-01)) ((1.347161e-02 2.983167e-03 9.912672e-04) (6.310780e-03 4.031944e-04 4.181135e-06))
2             	((-2.335222e-02 -5.801879e-02 4.194007e+00) (-3.161108e-04 -1.663724e-03 2.984714e-01)) ((2.470490e-02 5.912887e-03 2.584537e-03) (6.050065e-03 4.203274e-04 -8.106781e-06))
3             	((-3.914717e-02 -3.895385e-02 5.721187e+00) (-1.570914e-04 -1.002716e-03 2.831912e-01)) ((2.840008e-02 7.422142e-03 4.192909e-03) (5.717711e-03 4.051065e-04 -9.902289e-06))
4             	((-6.000875e-02 -4.494515e-02 6.019435e+00) (-5.356904e-05 -5.339241e-04 2.656013e-01)) ((2.419016e-02 7.780956e-03 5.600918e-03) (5.378043e-03 3.966837e-04 -2.840588e-05))
5             	((-7.814018e-02 -7.215734e-02 5.326300e+00) (5.236906e-05 -2.523328e-04 2.493465e-01)) ((1.444865e-02 7.334900e-03 6.611808e-03) (5.069799e-03 3.626820e-04 -4.850364e-05))
6             	((-9.368821e-02 -1.336284e-01 4.142030e+00) (1.093437e-04 -1.672471e-04 2.360971e-01)) ((2.979369e-03 6.284447e-03 8.656795e-03) (4.822456e-03 3.266576e-04 -6.668379e-05))
7             	((-9.629704e-02 -1.737227e-01 3.041552e+00) (2.056527e-04 -2.766545e-04 2.260214e-01)) ((-5.774721e-03 5.340989e-03 1.097714e-02) (4.656016e-03 3.082180e-04 -6.701489e-05))
8             	((-8.269421e-02 -1.389751e-01 2.418898e+00) (2.775951e-04 -3.177955e-04 2.183716e-01)) ((-1.003873e-02 5.121067e-03 1.209989e-02) (4.518187e-03 2.900405e-04 -6.573026e-05))
9             	((-6.058024e-02 -3.580135e-02 2.330621e+00) (3.277388e-04 -1.751036e-04 2.121654e-01)) ((-1.125129e-02 5.338308e-03 1.186656e-02) (4.386775e-03 2.744622e-04 -6.403973e-05))
10            	((-3.544979e-02 1.070805e-01 2.577052e+00) (3.196417e-04 6.810000e-05 2.065201e-01)) ((-1.156885e-02 5.824944e-03 1.028564e-02) (4.248375e-03 2.678277e-04 -6.611987e-05))
11            	((-1.118908e-02 2.687477e-01 2.963697e+00) (2.859756e-04 3.805756e-04 2.010580e-01)) ((-1.286960e-02 6.438986e-03 7.453698e-03) (4.100023e-03 2.607988e-04 -6.891660e-05))
12            	((3.222802e-03 3.872999e-01 3.271790e+00) (2.645705e-04 6.906838e-04 1.957132e-01)) ((-1.513975e-02 6.604590e-03 4.387435e-03) (3.951753e-03 2.514642e-04 -7.437062e-05))
13            	((4.047078e-03 4.291557e-01 3.370020e+00) (2.424061e-04 9.705526e-04 1.906239e-01)) ((-1.700787e-02 6.259281e-03 2.201567e-03) (3.812228e-03 2.363629e-04 -7.906181e-05))
14            	((-4.530189e-03 4.119467e-01 3.273710e+00) (2.285723e-04 1.187770e-03 1.858888e-01)) ((-1.750253e-02 5.647090e-03 1.324595e-03) (3.687857e-03 2.247976e-04 -8.200364e-05))
15            	((-1.841901e-02 3.625112e-01 3.067652e+00) (2.039429e-04 1.362564e-03 1.815173e-01)) ((-1.654191e-02 4.904216e-03 1.689592e-03) (3.575132e-03 2.174132e-04 -8.334761e-05))
16            	((-3.332327e-02 3.036270e-01 2.831992e+00) (1.878052e-04 1.513516e-03 1.774901e-01)) ((-1.444880e-02 4.243341e-03 3.076762e-03) (3.470772e-03 2.153797e-04 -8.610372e-05))
17            	((-4.435946e-02 2.663913e-01 2.648606e+00) (1.834590e-04 1.646920e-03 1.737212e-01)) ((-1.268312e-02 3.856859e-03 4.620199e-03) (3.370409e-03 2.183890e-04 -8.746243e-05))
18            	((-4.918153e-02 2.646263e-01 2.556471e+00) (1.869883e-04 1.771421e-03 1.701271e-01)) ((-1.228663e-02 3.718449e-03 5.490648e-03) (3.267701e-03 2.209109e-04 -8.986988e-05))
19            	((-4.904386e-02 2.906027e-01 2.538998e+00) (1.916767e-04 1.905497e-03 1.667527e-01)) ((-1.320324e-02 3.689383e-03 5.549521e-03) (3.165594e-03 2.226016e-04 -8.928160e-05))
20            	((-4.644777e-02 3.358413e-01 2.562395e+00) (2.014732e-04 2.045718e-03 1.635044e-01)) ((-1.499111e-02 3.686621e-03 5.037630e-03) (3.062424e-03 2.264829e-04 -8.898789e-05))
21            	((-4.230907e-02 3.943607e-01 2.599909e+00) (2.101325e-04 2.182884e-03 1.604017e-01)) ((-1.705257e-02 3.649202e-03 4.066793e-03) (2.961692e-03 2.287608e-04 -8.771286e-05))
22            	((-3.734979e-02 4.501360e-01 2.623688e+00) (2.224521e-04 2.299243e-03 1.574429e-01)) ((-1.839521e-02 3.471450e-03 2.929078e-03) (2.864879e-03 2.301669e-04 -8.695119e-05))
23            	((-3.252497e-02 4.876779e-01 2.615985e+00) (2.381534e-04 2.377742e-03 1.546371e-01)) ((-1.843346e-02 3.160798e-03 2.066502e-03) (2.773427e-03 2.285421e-04 -8.730136e-05))
24            	((-2.808153e-02 5.030139e-01 2.578603e+00) (2.581709e-04 2.431089e-03 1.519403e-01)) ((-1.732355e-02 2.826753e-03 1.657242e-03) (2.689080e-03 2.277443e-04 -8.845872e-05))
25            	((-2.360896e-02 5.006402e-01 2.524395e+00) (2.754235e-04 2.463959e-03 1.493569e-01)) ((-1.549010e-02 2.576844e-03 1.587167e-03) (2.615829e-03 2.272457e-04 -8.782729e-05))
26            	((-1.903755e-02 4.844266e-01 2.464839e+00) (2.970942e-04 2.484457e-03 1.468580e-01)) ((-1.334239e-02 2.479654e-03 1.737665e-03) (2.545880e-03 2.295782e-04 -8.661855e-05))
27            	((-1.507805e-02 4.586764e-01 2.409774e+00) (3.124394e-04 2.494004e-03 1.444496e-01)) ((-1.142048e-02 2.540046e-03 2.067905e-03) (2.480773e-03 2.321280e-04 -8.469106e-05))
28            	((-1.244578e-02 4.303603e-01 2.366598e+00) (3.195654e-04 2.494705e-03 1.420931e-01)) ((-1.020134e-02 2.712855e-03 2.471899e-03) (2.416783e-03 2.314220e-04 -8.188534e-05))
29            	((-1.105091e-02 4.061748e-01 2.337172e+00) (3.155738e-04 2.492809e-03 1.398184e-01)) ((-9.794730e-03 2.943693e-03 2.822223e-03) (2.354114e-03 2.307190e-04 -7.711594e-05))
30            	((-1.026549e-02 3.896022e-01 2.318120e+00) (3.053063e-04 2.489771e-03 1.375795e-01)) ((-9.929371e-03 3.185234e-03 3.011742e-03) (2.291333e-03 2.276013e-04 -7.171513e-05))
31            	((-9.373471e-03 3.811217e-01 2.304498e+00) (2.855516e-04 2.480691e-03 1.354159e-01)) ((-1.021801e-02 3.409505e-03 3.005046e-03) (2.231267e-03 2.222738e-04 -6.511295e-05))
32            	((-7.807928e-03 3.795795e-01 2.291936e+00) (2.669730e-04 2.460045e-03 1.333136e-01)) ((-1.033640e-02 3.583066e-03 2.818748e-03) (2.174499e-03 2.173575e-04 -5.947079e-05))
33            	((-5.278200e-03 3.825851e-01 2.277014e+00) (2.402282e-04 2.434671e-03 1.312819e-01)) ((-1.006066e-02 3.705200e-03 2.504387e-03) (2.121366e-03 2.112158e-04 -5.377322e-05))
34            	((-1.875134e-03 3.869373e-01 2.257964e+00) (2.098454e-04 2.402769e-03 1.293249e-01)) ((-9.324075e-03 3.756470e-03 2.114659e-03) (2.070691e-03 2.049678e-04 -4.865296e-05))
35            	((1.880581e-03 3.894246e-01 2.234936e+00) (1.799353e-04 2.358795e-03 1.274417e-01)) ((-8.222468e-03 3.724430e-03 1.678994e-03) (2.023851e-03 1.991725e-04 -4.288415e-05))
36            	((5.522722e-03 3.876585e-01 2.209256e+00) (1.464739e-04 2.309138e-03 1.256117e-01)) ((-6.947236e-03 3.635458e-03 1.233504e-03) (1.978646e-03 1.935634e-04 -3.913570e-05))
37            	((8.649586e-03 3.800330e-01 2.182431e+00) (1.054571e-04 2.256001e-03 1.238330e-01)) ((-5.656677e-03 3.499352e-03 8.352441e-04) (1.934707e-03 1.882865e-04 -3.555822e-05))
38            	((1.099547e-02 3.662995e-01 2.156003e+00) (6.683574e-05 2.203132e-03 1.221222e-01)) ((-4.497122e-03 3.338949e-03 5.390650e-04) (1.893763e-03 1.844164e-04 -3.226882e-05))
39            	((1.247556e-02 3.475980e-01 2.131223e+00) (3.105506e-05 2.151322e-03 1.204489e-01)) ((-3.564874e-03 3.161051e-03 3.965083e-04) (1.853032e-03 1.804833e-04 -2.948807e-05))
40            	((1.309891e-02 3.263109e-01 2.108752e+00) (-3.670136e-06 2.103641e-03 1.188510e-01)) ((-2.921919e-03 2.962557e-03 4.032891e-04) (1.814588e-03 1.794399e-04 -2.735784e-05))
41            	((1.292041e-02 3.051332e-01 2.088551e+00) (-3.354769e-05 2.065009e-03 1.173047e-01)) ((-2.560387e-03 2.756755e-03 5.341752e-04) (1.777291e-03 1.788681e-04 -2.567078e-05))
42            	((1.224461e-02 2.862848e-01 2.070192e+00) (-5.699388e-05 2.038886e-03 1.158241e-01)) ((-2.412687e-03 2.600630e-03 7.322476e-04) (1.741606e-03 1.803975e-04 -2.503387e-05))
43            	((1.144459e-02 2.707968e-01 2.053672e+00) (-7.688169e-05 2.019661e-03 1.144551e-01)) ((-2.430841e-03 2.516332e-03 9.112170e-04) (1.708392e-03 1.835775e-04 -2.475798e-05))
44            	((1.078816e-02 2.592134e-01 2.037631e+00) (-9.037176e-05 2.006308e-03 1.131569e-01)) ((-2.387990e-03 2.542458e-03 1.023472e-03) (1.677967e-03 1.861320e-04 -2.561309e-05))
45            	((1.051996e-02 2.506495e-01 2.021676e+00) (-9.828477e-05 2.001679e-03 1.119010e-01)) ((-2.247086e-03 2.663176e-03 1.055030e-03) (1.648699e-03 1.878829e-04 -2.628704e-05))
46            	((1.094044e-02 2.442085e-01 2.004866e+00) (-1.044338e-04 2.005188e-03 1.106590e-01)) ((-1.957908e-03 2.877989e-03 1.030548e-03) (1.619610e-03 1.897139e-04 -2.586441e-05))
47            	((1.208835e-02 2.390843e-01 1.987611e+00) (-1.041451e-04 2.018159e-03 1.094813e-01)) ((-1.595019e-03 3.143939e-03 9.639483e-04) (1.591135e-03 1.907883e-04 -2.526990e-05))
48            	((1.382589e-02 2.345560e-01 1.970536e+00) (-9.955589e-05 2.033319e-03 1.083300e-01)) ((-1.221968e-03 3.442780e-03 8.600184e-04) (1.562810e-03 1.899726e-04 -2.448084e-05))
49            	((1.587042e-02 2.299442e-01 1.954266e+00) (-9.585611e-05 2.056041e-03 1.072387e-01)) ((-8.935092e-04 3.754448e-03 7.291993e-04) (1.534686e-03 1.889573e-04 -2.329133e-05))
50            	((1.792071e-02 2.250120e-01 1.939062e+00) (-8.257772e-05 2.081457e-03 1.061797e-01)) ((-6.358304e-04 4.076330e-03 5.857977e-04) (1.506073e-03 1.905191e-04 -2.178806e-05))
51            	((1.951758e-02 2.192949e-01 1.925554e+00) (-7.123418e-05 2.114340e-03 1.051872e-01)) ((-4.949927e-04 4.379986e-03 4.635266e-04) (1.477789e-03 1.902983e-04 -2.015131e-05))
52            	((2.041903e-02 2.122178e-01 1.913305e+00) (-6.091478e-05 2.157010e-03 1.042303e-01)) ((-4.063087e-04 4.659996e-03 3.985701e-04) (1.449591e-03 1.900442e-04 -1.884675e-05))
53            	((2.058129e-02 2.036929e-01 1.901729e+00) (-4.822316e-05 2.205956e-03 1.033032e-01)) ((-3.161670e-04 4.901166e-03 4.065111e-04) (1.422331e-03 1.917233e-04 -1.815201e-05))
54            	((2.001902e-02 1.942673e-01 1.890377e+00) (-3.425237e-05 2.265756e-03 1.023899e-01)) ((-1.926232e-04 5.077160e-03 4.772378e-04) (1.394524e-03 1.925099e-04 -1.831098e-05))
55            	((1.890359e-02 1.847879e-01 1.879004e+00) (-1.469923e-05 2.330093e-03 1.015199e-01)) ((-5.117812e-05 5.181745e-03 5.971926e-04) (1.366923e-03 1.920733e-04 -1.961591e-05))
56            	((1.751454e-02 1.761126e-01 1.867512e+00) (2.676510e-06 2.399830e-03 1.006749e-01)) ((6.172295e-05 5.222798e-03 7.192268e-04) (1.339834e-03 1.928337e-04 -2.169118e-05))
57            	((1.610577e-02 1.689660e-01 1.855936e+00) (2.488788e-05 2.479495e-03 9.985279e-02)) ((9.253025e-05 5.215672e-03 8.011231e-04) (1.311816e-03 1.933091e-04 -2.363140e-05))
58            	((1.479767e-02 1.637164e-01 1.844468e+00) (5.027564e-05 2.566379e-03 9.906492e-02)) ((1.126937e-05 5.181594e-03 8.216393e-04) (1.283527e-03 1.934896e-04 -2.651824e-05))
59            	((1.368803e-02 1.602806e-01 1.833348e+00) (7.631294e-05 2.660819e-03 9.831240e-02)) ((-1.793981e-04 5.137128e-03 7.763501e-04) (1.255962e-03 1.939519e-04 -2.926603e-05))
60            	((1.283490e-02 1.582080e-01 1.822773e+00) (1.069797e-04 2.761317e-03 9.757391e-02)) ((-4.622118e-04 5.094801e-03 6.633121e-04) (1.227637e-03 1.951036e-04 -3.171885e-05))
61            	((1.222966e-02 1.568425e-01 1.812870e+00) (1.409284e-04 2.864552e-03 9.687914e-02)) ((-8.074007e-04 5.055869e-03 5.079552e-04) (1.200426e-03 1.966101e-04 -3.446532e-05))
62            	((1.177388e-02 1.555621e-01 1.803629e+00) (1.741726e-04 2.972736e-03 9.619837e-02)) ((-1.187587e-03 5.020873e-03 3.441035e-04) (1.172812e-03 1.985381e-04 -3.685358e-05))
63            	((1.137460e-02 1.539279e-01 1.794842e+00) (2.122033e-04 3.081371e-03 9.555161e-02)) ((-1.586487e-03 4.991218e-03 2.022834e-04) (1.145802e-03 1.999175e-04 -3.899405e-05))
64            	((1.099039e-02 1.516798e-01 1.786313e+00) (2.510485e-04 3.192714e-03 9.492164e-02)) ((-1.992087e-03 4.964871e-03 1.041343e-04) (1.118906e-03 2.008944e-04 -4.146699e-05))
65            	((1.055468e-02 1.487014e-01 1.777862e+00) (2.891896e-04 3.302194e-03 9.431214e-02)) ((-2.402475e-03 4.939238e-03 5.615029e-05) (1.092157e-03 2.040566e-04 -4.383089e-05))
66            	((9.993538e-03 1.449748e-01 1.769357e+00) (3.269821e-04 3.409992e-03 9.371445e-02)) ((-2.816465e-03 4.911021e-03 5.226938e-05) (1.064794e-03 2.069531e-04 -4.623854e-05))
67            	((9.233146e-03 1.406056e-01 1.760736e+00) (3.623144e-04 3.514457e-03 9.314193e-02)) ((-3.226386e-03 4.866967e-03 8.418865e-05) (1.037841e-03 2.089242e-04 -4.864843e-05))
68            	((8.284501e-03 1.358059e-01 1.752012e+00) (3.902924e-04 3.616834e-03 9.257750e-02)) ((-3.633630e-03 4.806043e-03 1.320769e-04) (1.011069e-03 2.121394e-04 -5.104831e-05))
69            	((7.208405e-03 1.308465e-01 1.743225e+00) (4.186130e-04 3.708072e-03 9.203049e-02)) ((-4.039964e-03 4.746645e-03 1.888516e-04) (9.847111e-04 2.134149e-04 -5.354682e-05))
70            	((6.154148e-03 1.259782e-01 1.734468e+00) (4.432938e-04 3.794426e-03 9.149514e-02)) ((-4.448583e-03 4.713493e-03 2.508332e-04) (9.584585e-04 2.150835e-04 -5.577901e-05))
71            	((5.315138e-03 1.214382e-01 1.725813e+00) (4.596827e-04 3.873799e-03 9.098761e-02)) ((-4.860758e-03 4.716266e-03 3.048843e-04) (9.336724e-04 2.169003e-04 -5.750646e-05))
72            	((4.777664e-03 1.173551e-01 1.717321e+00) (4.789065e-04 3.945850e-03 9.049291e-02)) ((-5.267458e-03 4.753298e-03 3.330044e-04) (9.088441e-04 2.195073e-04 -5.940767e-05))
73            	((4.561493e-03 1.137033e-01 1.709072e+00) (4.906771e-04 4.005793e-03 9.002367e-02)) ((-5.652399e-03 4.817008e-03 3.168314e-04) (8.859758e-04 2.219220e-04 -6.041520e-05))
74            	((4.661720e-03 1.103331e-01 1.701153e+00) (5.002759e-04 4.059516e-03 8.957400e-02)) ((-5.995586e-03 4.901882e-03 2.482625e-04) (8.649599e-04 2.249813e-04 -6.097678e-05))
75            	((5.077229e-03 1.069901e-01 1.693600e+00) (5.025888e-04 4.104442e-03 8.914469e-02)) ((-6.281464e-03 5.008285e-03 1.385087e-04) (8.443253e-04 2.265531e-04 -6.077173e-05))
76            	((5.802709e-03 1.034300e-01 1.686445e+00) (5.039200e-04 4.132971e-03 8.873011e-02)) ((-6.499636e-03 5.141790e-03 7.582052e-06) (8.253608e-04 2.274410e-04 -6.092158e-05))
77            	((6.808089e-03 9.945120e-02 1.679675e+00) (4.989679e-04 4.156285e-03 8.833428e-02)) ((-6.644741e-03 5.301121e-03 -1.198341e-04) (8.072740e-04 2.290519e-04 -6.009765e-05))
78            	((7.957556e-03 9.494255e-02 1.673298e+00) (4.975622e-04 4.165068e-03 8.795071e-02)) ((-6.718320e-03 5.477394e-03 -2.341820e-04) (7.909547e-04 2.312838e-04 -5.876197e-05))
79            	((9.119440e-03 8.981604e-02 1.667253e+00) (4.917553e-04 4.166772e-03 8.760080e-02)) ((-6.717399e-03 5.660591e-03 -3.317985e-04) (7.764497e-04 2.306771e-04 -5.748925e-05))
80            	((1.025704e-02 8.401389e-02 1.661487e+00) (4.816255e-04 4.160555e-03 8.724466e-02)) ((-6.634849e-03 5.851167e-03 -4.014467e-04) (7.633731e-04 2.327707e-04 -5.571075e-05))
81            	((1.140261e-02 7.754712e-02 1.655975e+00) (4.676170e-04 4.144540e-03 8.690767e-02)) ((-6.473889e-03 6.052053e-03 -4.426582e-04) (7.514051e-04 2.331327e-04 -5.416309e-05))
82            	((1.258619e-02 7.048648e-02 1.650737e+00) (4.530237e-04 4.120347e-03 8.658002e-02)) ((-6.244015e-03 6.256374e-03 -4.570475e-04) (7.413237e-04 2.327790e-04 -5.212525e-05))
83            	((1.379954e-02 6.295762e-02 1.645767e+00) (4.340280e-04 4.087127e-03 8.627108e-02)) ((-5.961491e-03 6.461420e-03 -4.484054e-04) (7.318819e-04 2.321858e-04 -4.979053e-05))
84            	((1.501924e-02 5.511656e-02 1.641077e+00) (4.149483e-04 4.047433e-03 8.595389e-02)) ((-5.635619e-03 6.661679e-03 -4.266098e-04) (7.233615e-04 2.291884e-04 -4.740320e-05))
85            	((1.624180e-02 4.708696e-02 1.636631e+00) (3.940443e-04 4.002176e-03 8.565959e-02)) ((-5.275068e-03 6.856294e-03 -4.012479e-04) (7.165462e-04 2.269072e-04 -4.546176e-05))
86            	((1.747427e-02 3.897050e-02 1.632358e+00) (3.739309e-04 3.949455e-03 8.535965e-02)) ((-4.879140e-03 7.045255e-03 -3.812139e-04) (7.109534e-04 2.245157e-04 -4.301032e-05))
87            	((1.869656e-02 3.090111e-02 1.628190e+00) (3.550489e-04 3.890214e-03 8.507940e-02)) ((-4.450818e-03 7.227362e-03 -3.718189e-04) (7.054307e-04 2.209390e-04 -4.060574e-05))
88            	((1.991366e-02 2.297138e-02 1.624099e+00) (3.361869e-04 3.826257e-03 8.479873e-02)) ((-3.995392e-03 7.400195e-03 -3.686895e-04) (7.010922e-04 2.176447e-04 -3.783653e-05))
89            	((2.110820e-02 1.527972e-02 1.620084e+00) (3.148787e-04 3.757350e-03 8.452952e-02)) ((-3.522105e-03 7.555563e-03 -3.607147e-04) (6.978997e-04 2.141577e-04 -3.528669e-05))
90            	((2.220540e-02 7.927202e-03 1.616157e+00) (2.940084e-04 3.686286e-03 8.424778e-02)) ((-3.040002e-03 7.684125e-03 -3.363481e-04) (6.938973e-04 2.094087e-04 -3.197784e-05))
91            	((2.315697e-02 1.002782e-03 1.612306e+00) (2.736417e-04 3.613604e-03 8.397718e-02)) ((-2.556466e-03 7.778928e-03 -2.901903e-04) (6.910085e-04 2.062245e-04 -2.915225e-05))
92            	((2.392531e-02 -5.430901e-03 1.608547e+00) (2.529542e-04 3.539516e-03 8.370734e-02)) ((-2.074679e-03 7.833595e-03 -2.252476e-04) (6.885562e-04 2.020790e-04 -2.633495e-05))
93            	((2.444645e-02 -1.129279e-02 1.604849e+00) (2.296240e-04 3.468017e-03 8.344570e-02)) ((-1.603221e-03 7.848708e-03 -1.442574e-04) (6.855937e-04 1.986214e-04 -2.382839e-05))
94            	((2.470708e-02 -1.657716e-02 1.601201e+00) (2.066210e-04 3.400060e-03 8.317921e-02)) ((-1.155360e-03 7.828150e-03 -5.208310e-05) (6.828274e-04 1.948088e-04 -2.111390e-05))
95            	((2.469688e-02 -2.132079e-02 1.597609e+00) (1.828641e-04 3.333318e-03 8.292217e-02)) ((-7.395630e-04 7.782944e-03 4.237662e-05) (6.798700e-04 1.917302e-04 -1.850704e-05))
96            	((2.448153e-02 -2.562667e-02 1.594083e+00) (1.593153e-04 3.266948e-03 8.265459e-02)) ((-3.572337e-04 7.725296e-03 1.283402e-04) (6.764264e-04 1.865092e-04 -1.575012e-05))
97            	((2.413191e-02 -2.956536e-02 1.590603e+00) (1.373764e-04 3.204097e-03 8.239871e-02)) ((-6.605957e-06 7.669065e-03 2.001899e-04) (6.731235e-04 1.819849e-04 -1.331587e-05))
98            	((2.368998e-02 -3.317769e-02 1.587169e+00) (1.162326e-04 3.147070e-03 8.213512e-02)) ((3.114476e-04 7.626564e-03 2.601597e-04) (6.692774e-04 1.788265e-04 -1.134023e-05))
99            	((2.317168e-02 -3.647265e-02 1.583791e+00) (9.634855e-05 3.094088e-03 8.188417e-02)) ((5.888976e-04 7.609317e-03 3.162934e-04) (6.657842e-04 1.737969e-04 -9.674437e-06))
100           	((2.260233e-02 -3.940005e-02 1.580512e+00) (7.526125e-05 3.046524e-03 8.162495e-02)) ((8.189017e-04 7.618828e-03 3.756205e-04) (6.613659e-04 1.685769e-04 -7.429927e-06))
101           	((2.203540e-02 -4.187783e-02 1.577371e+00) (5.483881e-05 2.998261e-03 8.137299e-02)) ((9.962712e-04 7.647889e-03 4.370312e-04) (6.566949e-04 1.654381e-04 -6.382896e-06))
102           	((2.156867e-02 -4.385591e-02 1.574388e+00) (3.456909e-05 2.957091e-03 8.111657e-02)) ((1.123078e-03 7.684294e-03 4.950966e-04) (6.523394e-04 1.604519e-04 -4.527893e-06))
103           	((2.130538e-02 -4.530627e-02 1.571560e+00) (1.737485e-05 2.920309e-03 8.087109e-02)) ((1.205074e-03 7.715343e-03 5.449865e-04) (6.468195e-04 1.558297e-04 -3.610441e-06))
104           	((2.128816e-02 -4.626527e-02 1.568858e+00) (-3.568004e-06 2.886168e-03 8.061679e-02)) ((1.248057e-03 7.733395e-03 5.831562e-04) (6.416880e-04 1.513935e-04 -2.303103e-06))
105           	((2.151095e-02 -4.678671e-02 1.566241e+00) (-2.097612e-05 2.856259e-03 8.037465e-02)) ((1.259653e-03 7.732447e-03 6.089660e-04) (6.361431e-04 1.465878e-04 -1.065467e-06))
106           	((2.190605e-02 -4.693925e-02 1.563701e+00) (-4.029284e-05 2.829251e-03 8.012870e-02)) ((1.244589e-03 7.712677e-03 6.273657e-04) (6.311445e-04 1.430422e-04 -1.497612e-08))
107           	((2.237107e-02 -4.678066e-02 1.561213e+00) (-5.633834e-05 2.804306e-03 7.989340e-02)) ((1.204392e-03 7.674442e-03 6.403661e-04) (6.257966e-04 1.395802e-04 7.215163e-07))
108           	((2.280079e-02 -4.634227e-02 1.558773e+00) (-7.065489e-05 2.780659e-03 7.964728e-02)) ((1.144325e-03 7.612490e-03 6.484254e-04) (6.206069e-04 1.359486e-04 1.657784e-06))
109           	((2.312061e-02 -4.566691e-02 1.556380e+00) (-8.623490e-05 2.760129e-03 7.941825e-02)) ((1.069995e-03 7.525695e-03 6.542200e-04) (6.148045e-04 1.336187e-04 2.370111e-06))
110           	((2.327549e-02 -4.477931e-02 1.554038e+00) (-9.932373e-05 2.747317e-03 7.919057e-02)) ((9.854608e-04 7.416376e-03 6.584629e-04) (6.106574e-04 1.320345e-04 2.368118e-06))
111           	((2.323125e-02 -4.371533e-02 1.551744e+00) (-1.129731e-04 2.730500e-03 7.896402e-02)) ((8.925256e-04 7.290293e-03 6.611182e-04) (6.057590e-04 1.283465e-04 2.444368e-06))
112           	((2.299426e-02 -4.251352e-02 1.549493e+00) (-1.246427e-04 2.717592e-03 7.874645e-02)) ((7.931475e-04 7.152964e-03 6.663401e-04) (6.018649e-04 1.269433e-04 2.389132e-06))
113           	((2.259108e-02 -4.118959e-02 1.547280e+00) (-1.373983e-04 2.701405e-03 7.853029e-02)) ((6.905497e-04 7.007733e-03 6.820047e-04) (5.969324e-04 1.249057e-04 2.237825e-06))
114           	((2.206343e-02 -3.974851e-02 1.545098e+00) (-1.507676e-04 2.693824e-03 7.832113e-02)) ((5.889892e-04 6.856783e-03 7.116435e-04) (5.938073e-04 1.217688e-04 2.085395e-06))
115           	((2.145019e-02 -3.815002e-02 1.542924e+00) (-1.596996e-04 2.682790e-03 7.812105e-02)) ((4.934037e-04 6.699501e-03 7.592651e-04) (5.892999e-04 1.188164e-04 1.623241e-06))
116           	((2.080191e-02 -3.633969e-02 1.540752e+00) (-1.688461e-04 2.671703e-03 7.791824e-02)) ((4.077878e-04 6.540069e-03 8.225605e-04) (5.861639e-04 1.160477e-04 8.858061e-07))
117           	((2.014700e-02 -3.426895e-02 1.538603e+00) (-1.737277e-04 2.661286e-03 7.772285e-02)) ((3.356750e-04 6.378676e-03 8.995937e-04) (5.829910e-04 1.123524e-04 -2.680727e-08))
118           	((1.950001e-02 -3.196430e-02 1.536494e+00) (-1.799132e-04 2.651663e-03 7.753671e-02)) ((2.809910e-04 6.219212e-03 9.888837e-04) (5.809285e-04 1.101442e-04 -9.429129e-07))
119           	((1.885052e-02 -2.947469e-02 1.534452e+00) (-1.833686e-04 2.640005e-03 7.735902e-02)) ((2.430097e-04 6.063245e-03 1.089328e-03) (5.787125e-04 1.060199e-04 -2.111899e-06))
120           	((1.818080e-02 -2.688034e-02 1.532493e+00) (-1.848373e-04 2.632859e-03 7.718485e-02)) ((2.193374e-04 5.910841e-03 1.198438e-03) (5.774133e-04 1.009934e-04 -3.458307e-06))
121           	((1.749130e-02 -2.426350e-02 1.530617e+00) (-1.864066e-04 2.620539e-03 7.701658e-02)) ((2.086127e-04 5.758759e-03 1.316154e-03) (5.753674e-04 9.683234e-05 -4.766373e-06))
122           	((1.677434e-02 -2.169198e-02 1.528830e+00) (-1.878169e-04 2.612450e-03 7.685120e-02)) ((2.111886e-04 5.604403e-03 1.442601e-03) (5.742623e-04 9.281599e-05 -5.635003e-06))
123           	((1.603040e-02 -1.922666e-02 1.527111e+00) (-1.853055e-04 2.605711e-03 7.669366e-02)) ((2.301179e-04 5.449392e-03 1.574090e-03) (5.728771e-04 8.747221e-05 -7.300739e-06))
124           	((1.524157e-02 -1.694554e-02 1.525465e+00) (-1.809064e-04 2.596760e-03 7.654619e-02)) ((2.665002e-04 5.295093e-03 1.706445e-03) (5.717424e-04 8.239339e-05 -8.381884e-06))
125           	((1.439604e-02 -1.490559e-02 1.523886e+00) (-1.790984e-04 2.585670e-03 7.639923e-02)) ((3.189450e-04 5.142637e-03 1.835109e-03) (5.703525e-04 7.869797e-05 -9.863268e-06))
126           	((1.349821e-02 -1.313531e-02 1.522383e+00) (-1.747640e-04 2.577925e-03 7.625906e-02)) ((3.896220e-04 4.993627e-03 1.956819e-03) (5.701648e-04 7.487142e-05 -1.132177e-05))
127           	((1.255309e-02 -1.165458e-02 1.520955e+00) (-1.707921e-04 2.563972e-03 7.612657e-02)) ((4.838642e-04 4.849579e-03 2.064183e-03) (5.691888e-04 7.004937e-05 -1.219310e-05))
128           	((1.158601e-02 -1.046438e-02 1.519580e+00) (-1.710552e-04 2.555362e-03 7.598829e-02)) ((6.031717e-04 4.712216e-03 2.151725e-03) (5.680135e-04 6.593380e-05 -1.363633e-05))
129           	((1.063598e-02 -9.557114e-03 1.518227e+00) (-1.672297e-04 2.540200e-03 7.585261e-02)) ((7.452595e-04 4.578033e-03 2.214996e-03) (5.666616e-04 6.147217e-05 -1.492066e-05))
130           	((9.757447e-03 -8.901248e-03 1.516892e+00) (-1.669455e-04 2.530784e-03 7.572730e-02)) ((9.031252e-04 4.442311e-03 2.254646e-03) (5.664589e-04 5.788629e-05 -1.624133e-05))
131           	((8.980570e-03 -8.425535e-03 1.515589e+00) (-1.684569e-04 2.518436e-03 7.560192e-02)) ((1.064793e-03 4.304863e-03 2.269770e-03) (5.653112e-04 5.330219e-05 -1.754766e-05))
132           	((8.304388e-03 -8.052351e-03 1.514330e+00) (-1.699298e-04 2.507970e-03 7.546769e-02)) ((1.218303e-03 4.166290e-03 2.261936e-03) (5.642451e-04 4.848479e-05 -1.840054e-05))
133           	((7.725851e-03 -7.697588e-03 1.513135e+00) (-1.765102e-04 2.495774e-03 7.534174e-02)) ((1.350663e-03 4.026042e-03 2.234962e-03) (5.633086e-04 4.432602e-05 -1.939964e-05))
134           	((7.233280e-03 -7.283045e-03 1.512011e+00) (-1.842243e-04 2.486049e-03 7.521049e-02)) ((1.451204e-03 3.884179e-03 2.193606e-03) (5.624660e-04 3.998462e-05 -2.006158e-05))
135           	((6.812643e-03 -6.720873e-03 1.510959e+00) (-1.891975e-04 2.476920e-03 7.509240e-02)) ((1.516572e-03 3.740966e-03 2.142735e-03) (5.617352e-04 3.421286e-05 -2.084923e-05))
136           	((6.411669e-03 -5.950646e-03 1.509973e+00) (-2.010011e-04 2.470991e-03 7.496242e-02)) ((1.548797e-03 3.601465e-03 2.087152e-03) (5.604243e-04 2.877587e-05 -2.167962e-05))
137           	((5.976200e-03 -4.926394e-03 1.509040e+00) (-2.120616e-04 2.464996e-03 7.483779e-02)) ((1.549255e-03 3.471143e-03 2.027989e-03) (5.592226e-04 2.402828e-05 -2.237060e-05))
138           	((5.452893e-03 -3.620890e-03 1.508149e+00) (-2.227053e-04 2.466280e-03 7.471634e-02)) ((1.518734e-03 3.352827e-03 1.968345e-03) (5.587447e-04 1.942099e-05 -2.291795e-05))
139           	((4.827896e-03 -2.014943e-03 1.507274e+00) (-2.343632e-04 2.463958e-03 7.459840e-02)) ((1.457605e-03 3.246931e-03 1.911258e-03) (5.571394e-04 1.375423e-05 -2.349786e-05))
140           	((4.130059e-03 -9.688984e-05 1.506408e+00) (-2.488757e-04 2.468736e-03 7.447544e-02)) ((1.364110e-03 3.150902e-03 1.860591e-03) (5.562534e-04 8.244509e-06 -2.401992e-05))
141           	((3.384392e-03 2.128873e-03 1.505550e+00) (-2.569700e-04 2.474009e-03 7.436505e-02)) ((1.237111e-03 3.061663e-03 1.816991e-03) (5.544403e-04 3.214867e-06 -2.480046e-05))
142           	((2.623662e-03 4.652741e-03 1.504692e+00) (-2.676561e-04 2.483890e-03 7.425043e-02)) ((1.076326e-03 2.977502e-03 1.780733e-03) (5.539189e-04 -8.032509e-07 -2.546389e-05))
143           	((1.860961e-03 7.470490e-03 1.503835e+00) (-2.775385e-04 2.493290e-03 7.414030e-02)) ((8.816443e-04 2.896914e-03 1.749516e-03) (5.517645e-04 -5.186746e-06 -2.662103e-05))
144           	((1.096401e-03 1.057129e-02 1.502987e+00) (-2.849281e-04 2.507032e-03 7.403644e-02)) ((6.574676e-04 2.818593e-03 1.720006e-03) (5.509679e-04 -9.173090e-06 -2.735739e-05))
145           	((3.474805e-04 1.392823e-02 1.502144e+00) (-2.910089e-04 2.521370e-03 7.393094e-02)) ((4.071794e-04 2.737376e-03 1.690638e-03) (5.479893e-04 -1.309919e-05 -2.830522e-05))
146           	((-3.802311e-04 1.749471e-02 1.501326e+00) (-2.974499e-04 2.539815e-03 7.382712e-02)) ((1.346554e-04 2.649881e-03 1.660670e-03) (5.471369e-04 -1.647058e-05 -2.945516e-05))
147           	((-1.098160e-03 2.120582e-02 1.500536e+00) (-2.973606e-04 2.555077e-03 7.373209e-02)) ((-1.537031e-04 2.555311e-03 1.627877e-03) (5.443898e-04 -2.043397e-05 -3.056807e-05))
148           	((-1.822358e-03 2.499755e-02 1.499781e+00) (-2.998078e-04 2.577181e-03 7.363882e-02)) ((-4.500203e-04 2.457920e-03 1.588548e-03) (5.429182e-04 -2.346832e-05 -3.197544e-05))
149           	((-2.559569e-03 2.879318e-02 1.499056e+00) (-3.002359e-04 2.593790e-03 7.355168e-02)) ((-7.446143e-04 2.362538e-03 1.542775e-03) (5.410849e-04 -2.578098e-05 -3.312901e-05))
150           	((-3.299331e-03 3.249921e-02 1.498357e+00) (-2.979825e-04 2.613895e-03 7.345730e-02)) ((-1.025776e-03 2.274888e-03 1.493427e-03) (5.389715e-04 -2.842867e-05 -3.422078e-05))
151           	((-4.026523e-03 3.602469e-02 1.497686e+00) (-2.945441e-04 2.632159e-03 7.337675e-02)) ((-1.284092e-03 2.195703e-03 1.442813e-03) (5.363059e-04 -3.130171e-05 -3.541657e-05))
152           	((-4.744222e-03 3.929126e-02 1.497040e+00) (-2.921014e-04 2.649403e-03 7.329191e-02)) ((-1.511538e-03 2.128128e-03 1.394820e-03) (5.355231e-04 -3.161552e-05 -3.680099e-05))
153           	((-5.448359e-03 4.223739e-02 1.496418e+00) (-2.880052e-04 2.667376e-03 7.321531e-02)) ((-1.701240e-03 2.072063e-03 1.353423e-03) (5.331548e-04 -3.460285e-05 -3.782816e-05))
154           	((-6.122713e-03 4.481236e-02 1.495820e+00) (-2.859634e-04 2.682894e-03 7.313900e-02)) ((-1.847183e-03 2.025893e-03 1.320895e-03) (5.316064e-04 -3.570866e-05 -3.917726e-05))
155           	((-6.724948e-03 4.696461e-02 1.495234e+00) (-2.845830e-04 2.694809e-03 7.306781e-02)) ((-1.945753e-03 1.987523e-03 1.296762e-03) (5.297776e-04 -3.782972e-05 -3.995782e-05))
156           	((-7.217844e-03 4.866637e-02 1.494671e+00) (-2.816751e-04 2.706869e-03 7.299656e-02)) ((-1.996280e-03 1.956346e-03 1.277245e-03) (5.287657e-04 -3.954487e-05 -4.082402e-05))
157           	((-7.573378e-03 4.991150e-02 1.494132e+00) (-2.818045e-04 2.713170e-03 7.293555e-02)) ((-2.001959e-03 1.933208e-03 1.258172e-03) (5.270088e-04 -4.155867e-05 -4.133771e-05))
158           	((-7.787741e-03 5.069894e-02 1.493615e+00) (-2.818474e-04 2.718180e-03 7.287187e-02)) ((-1.968173e-03 1.918861e-03 1.236146e-03) (5.264475e-04 -4.305347e-05 -4.208808e-05))
159           	((-7.852185e-03 5.103751e-02 1.493128e+00) (-2.807801e-04 2.720916e-03 7.281064e-02)) ((-1.897433e-03 1.914197e-03 1.211141e-03) (5.255946e-04 -4.579778e-05 -4.202252e-05))
160           	((-7.776047e-03 5.092012e-02 1.492680e+00) (-2.813865e-04 2.718750e-03 7.275091e-02)) ((-1.791520e-03 1.920330e-03 1.184718e-03) (5.255077e-04 -4.652471e-05 -4.262014e-05))
161           	((-7.577499e-03 5.034175e-02 1.492278e+00) (-2.822754e-04 2.710510e-03 7.269843e-02)) ((-1.650727e-03 1.936118e-03 1.158437e-03) (5.249650e-04 -4.853673e-05 -4.225657e-05))
162           	((-7.293630e-03 4.931332e-02 1.491928e+00) (-2.821549e-04 2.702961e-03 7.263974e-02)) ((-1.476276e-03 1.962334e-03 1.135429e-03) (5.254080e-04 -5.072044e-05 -4.214052e-05))
163           	((-6.966450e-03 4.788812e-02 1.491615e+00) (-2.830225e-04 2.686847e-03 7.258577e-02)) ((-1.270288e-03 1.996798e-03 1.118337e-03) (5.252521e-04 -5.193466e-05 -4.185417e-05))
164           	((-6.637591e-03 4.614099e-02 1.491334e+00) (-2.865101e-04 2.671606e-03 7.253181e-02)) ((-1.036267e-03 2.036150e-03 1.111306e-03) (5.261431e-04 -5.246764e-05 -4.150761e-05))
165           	((-6.334939e-03 4.414545e-02 1.491065e+00) (-2.880056e-04 2.652709e-03 7.248713e-02)) ((-7.763006e-04 2.078344e-03 1.117024e-03) (5.272021e-04 -5.471542e-05 -4.068820e-05))
166           	((-6.062876e-03 4.198788e-02 1.490798e+00) (-2.905342e-04 2.629210e-03 7.242541e-02)) ((-4.963646e-04 2.121518e-03 1.137154e-03) (5.279447e-04 -5.577792e-05 -3.995317e-05))
167           	((-5.820921e-03 3.972601e-02 1.490522e+00) (-2.940788e-04 2.601297e-03 7.238422e-02)) ((-2.021089e-04 2.166428e-03 1.169945e-03) (5.300460e-04 -5.718711e-05 -3.907479e-05))
168           	((-5.618168e-03 3.741506e-02 1.490240e+00) (-2.969983e-04 2.575029e-03 7.232631e-02)) ((9.815925e-05 2.214907e-03 1.214291e-03) (5.312600e-04 -5.807484e-05 -3.816618e-05))
169           	((-5.446803e-03 3.512520e-02 1.489959e+00) (-2.987194e-04 2.542566e-03 7.227985e-02)) ((3.988044e-04 2.266876e-03 1.269213e-03) (5.331234e-04 -6.016817e-05 -3.714099e-05))
170           	((-5.291101e-03 3.291171e-02 1.489675e+00) (-3.051494e-04 2.510534e-03 7.222015e-02)) ((6.920087e-04 2.324897e-03 1.333529e-03) (5.349991e-04 -5.946896e-05 -3.611937e-05))
171           	((-5.137340e-03 3.081366e-02 1.489387e+00) (-3.060110e-04 2.476322e-03 7.217507e-02)) ((9.733156e-04 2.389887e-03 1.406406e-03) (5.368640e-04 -6.273504e-05 -3.463844e-05))
172           	((-4.969590e-03 2.888801e-02 1.489100e+00) (-3.093411e-04 2.442557e-03 7.211557e-02)) ((1.238094e-03 2.462724e-03 1.485185e-03) (5.386035e-04 -6.347215e-05 -3.390747e-05))
173           	((-4.776307e-03 2.717714e-02 1.488801e+00) (-3.138798e-04 2.406950e-03 7.206322e-02)) ((1.483150e-03 2.545301e-03 1.567051e-03) (5.403747e-04 -6.401259e-05 -3.246987e-05))
174           	((-4.557035e-03 2.573185e-02 1.488491e+00) (-3.160302e-04 2.375045e-03 7.200861e-02)) ((1.707748e-03 2.637086e-03 1.649419e-03) (5.424835e-04 -6.678342e-05 -3.096018e-05))
175           	((-4.306162e-03 2.459233e-02 1.488166e+00) (-3.175077e-04 2.340063e-03 7.195797e-02)) ((1.911241e-03 2.735550e-03 1.731076e-03) (5.434685e-04 -6.809076e-05 -2.979868e-05))
176           	((-4.030234e-03 2.376593e-02 1.487814e+00) (-3.210884e-04 2.307253e-03 7.189346e-02)) ((2.093547e-03 2.837583e-03 1.810481e-03) (5.447537e-04 -6.832763e-05 -2.860687e-05))
177           	((-3.729613e-03 2.325647e-02 1.487436e+00) (-3.205990e-04 2.279061e-03 7.184719e-02)) ((2.254876e-03 2.938639e-03 1.887266e-03) (5.458821e-04 -7.144579e-05 -2.706862e-05))
178           	((-3.407269e-03 2.304561e-02 1.487035e+00) (-3.233076e-04 2.249257e-03 7.178187e-02)) ((2.395937e-03 3.038241e-03 1.960108e-03) (5.464837e-04 -7.182698e-05 -2.619093e-05))
179           	((-3.059956e-03 2.311633e-02 1.486607e+00) (-3.211608e-04 2.223138e-03 7.173149e-02)) ((2.517361e-03 3.133278e-03 2.028919e-03) (5.476666e-04 -7.290420e-05 -2.488623e-05))
180           	((-2.711110e-03 2.343684e-02 1.486161e+00) (-3.213224e-04 2.200555e-03 7.167268e-02)) ((2.619472e-03 3.223893e-03 2.092659e-03) (5.477646e-04 -7.455025e-05 -2.412909e-05))
181           	((-2.384602e-03 2.397705e-02 1.485691e+00) (-3.211197e-04 2.176066e-03 7.161776e-02)) ((2.699502e-03 3.308491e-03 2.151539e-03) (5.479287e-04 -7.562188e-05 -2.298135e-05))
182           	((-2.100864e-03 2.470253e-02 1.485193e+00) (-3.206851e-04 2.155771e-03 7.156087e-02)) ((2.757926e-03 3.384382e-03 2.205941e-03) (5.478001e-04 -7.557715e-05 -2.245196e-05))
183           	((-1.876438e-03 2.556813e-02 1.484668e+00) (-3.191274e-04 2.138354e-03 7.151176e-02)) ((2.795029e-03 3.451511e-03 2.256429e-03) (5.481594e-04 -7.758786e-05 -2.129771e-05))
184           	((-1.711251e-03 2.655487e-02 1.484123e+00) (-3.187450e-04 2.122340e-03 7.144793e-02)) ((2.813752e-03 3.507698e-03 2.300040e-03) (5.475202e-04 -7.742593e-05 -2.111292e-05))
185           	((-1.603478e-03 2.763160e-02 1.483551e+00) (-3.180453e-04 2.107218e-03 7.140279e-02)) ((2.816612e-03 3.549722e-03 2.337350e-03) (5.474336e-04 -7.855458e-05 -1.981187e-05))
186           	((-1.552502e-03 2.876827e-02 1.482951e+00) (-3.173416e-04 2.097808e-03 7.134791e-02)) ((2.807862e-03 3.579037e-03 2.368571e-03) (5.468364e-04 -7.950604e-05 -1.958131e-05))
187           	((-1.546441e-03 2.993910e-02 1.482320e+00) (-3.147629e-04 2.086238e-03 7.129736e-02)) ((2.790241e-03 3.592386e-03 2.395600e-03) (5.463298e-04 -8.142303e-05 -1.887311e-05))
188           	((-1.589602e-03 3.111773e-02 1.481657e+00) (-3.156942e-04 2.077795e-03 7.124239e-02)) ((2.766694e-03 3.590533e-03 2.419604e-03) (5.461564e-04 -8.123990e-05 -1.889759e-05))
189           	((-1.680458e-03 3.228572e-02 1.480968e+00) (-3.131179e-04 2.072057e-03 7.119949e-02)) ((2.740763e-03 3.573363e-03 2.442468e-03) (5.452205e-04 -8.314208e-05 -1.801503e-05))
190           	((-1.819179e-03 3.343427e-02 1.480272e+00) (-3.141469e-04 2.067600e-03 7.114291e-02)) ((2.715767e-03 3.539664e-03 2.465101e-03) (5.447363e-04 -8.293780e-05 -1.833653e-05))
191           	((-1.999103e-03 3.456045e-02 1.479570e+00) (-3.133304e-04 2.062371e-03 7.109992e-02)) ((2.692362e-03 3.491242e-03 2.486515e-03) (5.443295e-04 -8.467236e-05 -1.832074e-05))
192           	((-2.210512e-03 3.566800e-02 1.478875e+00) (-3.108866e-04 2.061025e-03 7.104949e-02)) ((2.670084e-03 3.427573e-03 2.505322e-03) (5.437236e-04 -8.464483e-05 -1.815172e-05))
193           	((-2.458314e-03 3.675477e-02 1.478192e+00) (-3.110814e-04 2.059525e-03 7.100678e-02)) ((2.646670e-03 3.350480e-03 2.522303e-03) (5.426464e-04 -8.648186e-05 -1.855593e-05))
194           	((-2.743018e-03 3.782086e-02 1.477518e+00) (-3.117205e-04 2.058430e-03 7.095704e-02)) ((2.620513e-03 3.260673e-03 2.538468e-03) (5.424643e-04 -8.655009e-05 -1.888897e-05))
195           	((-3.060632e-03 3.886898e-02 1.476852e+00) (-3.091276e-04 2.059516e-03 7.092364e-02)) ((2.592035e-03 3.160658e-03 2.555801e-03) (5.423257e-04 -8.889999e-05 -1.893993e-05))
196           	((-3.409981e-03 3.990150e-02 1.476196e+00) (-3.091433e-04 2.059205e-03 7.087992e-02)) ((2.561047e-03 3.054453e-03 2.574762e-03) (5.414153e-04 -8.870473e-05 -1.975422e-05))
197           	((-3.783826e-03 4.091417e-02 1.475539e+00) (-3.079033e-04 2.059589e-03 7.083893e-02)) ((2.528562e-03 2.943020e-03 2.595526e-03) (5.408118e-04 -9.053832e-05 -1.999296e-05))
198           	((-4.179755e-03 4.190475e-02 1.474890e+00) (-3.057356e-04 2.062807e-03 7.079782e-02)) ((2.495410e-03 2.829924e-03 2.618373e-03) (5.408188e-04 -9.119737e-05 -2.066202e-05))
199           	((-4.594931e-03 4.287721e-02 1.474250e+00) (-3.023141e-04 2.060195e-03 7.076848e-02)) ((2.462360e-03 2.719435e-03 2.644624e-03) (5.406958e-04 -9.236475e-05 -2.119123e-05))
200           	((-5.021364e-03 4.381779e-02 1.473629e+00) (-3.017512e-04 2.063571e-03 7.072771e-02)) ((2.429968e-03 2.614055e-03 2.675958e-03) (5.402484e-04 -9.251999e-05 -2.208171e-05))
201           	((-5.450942e-03 4.471803e-02 1.473043e+00) (-2.967235e-04 2.064432e-03 7.070237e-02)) ((2.398397e-03 2.517502e-03 2.714037e-03) (5.407018e-04 -9.399097e-05 -2.239533e-05))
202           	((-5.868429e-03 4.556774e-02 1.472492e+00) (-2.933390e-04 2.063752e-03 7.066776e-02)) ((2.365828e-03 2.431030e-03 2.757391e-03) (5.405448e-04 -9.305142e-05 -2.346977e-05))
203           	((-6.246658e-03 4.636965e-02 1.471977e+00) (-2.902906e-04 2.062797e-03 7.064163e-02)) ((2.329972e-03 2.354631e-03 2.803541e-03) (5.408256e-04 -9.442793e-05 -2.406195e-05))
204           	((-6.569182e-03 4.712954e-02 1.471504e+00) (-2.842010e-04 2.063301e-03 7.061521e-02)) ((2.290510e-03 2.289240e-03 2.849871e-03) (5.415409e-04 -9.406725e-05 -2.516866e-05))
205           	((-6.812372e-03 4.786228e-02 1.471076e+00) (-2.813194e-04 2.061826e-03 7.058804e-02)) ((2.248050e-03 2.233182e-03 2.894941e-03) (5.409495e-04 -9.522159e-05 -2.571013e-05))
206           	((-6.968354e-03 4.857457e-02 1.470689e+00) (-2.777673e-04 2.061145e-03 7.055936e-02)) ((2.202566e-03 2.186915e-03 2.936101e-03) (5.414568e-04 -9.507971e-05 -2.682604e-05))
207           	((-7.026328e-03 4.926941e-02 1.470335e+00) (-2.696651e-04 2.060208e-03 7.055130e-02)) ((2.154702e-03 2.151048e-03 2.971887e-03) (5.427811e-04 -9.546577e-05 -2.774690e-05))
208           	((-6.982965e-03 4.994571e-02 1.470019e+00) (-2.670661e-04 2.059945e-03 7.052259e-02)) ((2.102317e-03 2.125606e-03 3.001862e-03) (5.423051e-04 -9.465798e-05 -2.914975e-05))
209           	((-6.844323e-03 5.060356e-02 1.469729e+00) (-2.634163e-04 2.056794e-03 7.050354e-02)) ((2.044472e-03 2.110353e-03 3.024977e-03) (5.426047e-04 -9.518459e-05 -3.000947e-05))
210           	((-6.618346e-03 5.124537e-02 1.469466e+00) (-2.588115e-04 2.056719e-03 7.049146e-02)) ((1.982762e-03 2.105727e-03 3.042487e-03) (5.435196e-04 -9.394829e-05 -3.150572e-05))
211           	((-6.322840e-03 5.188003e-02 1.469228e+00) (-2.539754e-04 2.052750e-03 7.047589e-02)) ((1.917894e-03 2.111733e-03 3.054623e-03) (5.435501e-04 -9.479666e-05 -3.222925e-05))
212           	((-5.976417e-03 5.251533e-02 1.469010e+00) (-2.524255e-04 2.051103e-03 7.046023e-02)) ((1.852860e-03 2.127691e-03 3.059954e-03) (5.434670e-04 -9.382809e-05 -3.395372e-05))
213           	((-5.579206e-03 5.314701e-02 1.468818e+00) (-2.489174e-04 2.049719e-03 7.045497e-02)) ((1.790644e-03 2.152519e-03 3.058501e-03) (5.444364e-04 -9.338729e-05 -3.481496e-05))
214           	((-5.141657e-03 5.375875e-02 1.468662e+00) (-2.471261e-04 2.047428e-03 7.044069e-02)) ((1.732330e-03 2.186171e-03 3.054326e-03) (5.444964e-04 -9.223639e-05 -3.625094e-05))
215           	((-4.661189e-03 5.433858e-02 1.468527e+00) (-2.467675e-04 2.045610e-03 7.043829e-02)) ((1.677275e-03 2.227910e-03 3.049151e-03) (5.452095e-04 -9.194278e-05 -3.725545e-05))
216           	((-4.145751e-03 5.488042e-02 1.468419e+00) (-2.454532e-04 2.046259e-03 7.042810e-02)) ((1.624035e-03 2.275302e-03 3.043374e-03) (5.455640e-04 -9.030119e-05 -3.846119e-05))
217           	((-3.616872e-03 5.538594e-02 1.468324e+00) (-2.445975e-04 2.042575e-03 7.042533e-02)) ((1.570337e-03 2.326371e-03 3.037010e-03) (5.450026e-04 -9.047585e-05 -3.938621e-05))
218           	((-3.079639e-03 5.585985e-02 1.468235e+00) (-2.475265e-04 2.043330e-03 7.041174e-02)) ((1.514458e-03 2.379116e-03 3.029804e-03) (5.452002e-04 -8.778015e-05 -4.061071e-05))
219           	((-2.534376e-03 5.631840e-02 1.468154e+00) (-2.468475e-04 2.040209e-03 7.041738e-02)) ((1.457515e-03 2.433246e-03 3.020588e-03) (5.456859e-04 -8.817773e-05 -4.128966e-05))
220           	((-1.984620e-03 5.676935e-02 1.468085e+00) (-2.487565e-04 2.040516e-03 7.040893e-02)) ((1.400605e-03 2.487491e-03 3.008624e-03) (5.453020e-04 -8.611192e-05 -4.232063e-05))
221           	((-1.437976e-03 5.721741e-02 1.468022e+00) (-2.533265e-04 2.037865e-03 7.040685e-02)) ((1.346343e-03 2.541932e-03 2.994820e-03) (5.449862e-04 -8.554210e-05 -4.262757e-05))
222           	((-8.999708e-04 5.765512e-02 1.467960e+00) (-2.542636e-04 2.038391e-03 7.040167e-02)) ((1.295370e-03 2.596445e-03 2.980380e-03) (5.448704e-04 -8.375536e-05 -4.312970e-05))
223           	((-3.680949e-04 5.808223e-02 1.467895e+00) (-2.576108e-04 2.036600e-03 7.040206e-02)) ((1.247009e-03 2.651182e-03 2.965340e-03) (5.442044e-04 -8.360670e-05 -4.322967e-05))
224           	((1.482364e-04 5.850391e-02 1.467829e+00) (-2.622008e-04 2.038025e-03 7.039092e-02)) ((1.201952e-03 2.705092e-03 2.948978e-03) (5.435734e-04 -8.115289e-05 -4.371271e-05))
225           	((6.381209e-04 5.891942e-02 1.467756e+00) (-2.636732e-04 2.038308e-03 7.039216e-02)) ((1.160832e-03 2.758838e-03 2.931167e-03) (5.431877e-04 -8.128232e-05 -4.357079e-05))
226           	((1.083671e-03 5.932565e-02 1.467680e+00) (-2.664161e-04 2.038278e-03 7.038007e-02)) ((1.123337e-03 2.810179e-03 2.911551e-03) (5.420385e-04 -7.888026e-05 -4.358692e-05))
227           	((1.468109e-03 5.971991e-02 1.467598e+00) (-2.689929e-04 2.038721e-03 7.038140e-02)) ((1.088483e-03 2.858812e-03 2.889839e-03) (5.416174e-04 -7.901617e-05 -4.305272e-05))
228           	((1.776681e-03 6.008507e-02 1.467517e+00) (-2.688955e-04 2.040926e-03 7.036974e-02)) ((1.055428e-03 2.904461e-03 2.864768e-03) (5.400723e-04 -7.760435e-05 -4.303049e-05))
229           	((2.010185e-03 6.041387e-02 1.467447e+00) (-2.699461e-04 2.041602e-03 7.036281e-02)) ((1.024299e-03 2.945459e-03 2.837187e-03) (5.391084e-04 -7.748712e-05 -4.253779e-05))
230           	((2.165612e-03 6.069179e-02 1.467374e+00) (-2.727140e-04 2.043998e-03 7.034793e-02)) ((9.953646e-04 2.983133e-03 2.807159e-03) (5.373397e-04 -7.567343e-05 -4.235984e-05))
231           	((2.253027e-03 6.091426e-02 1.467301e+00) (-2.697337e-04 2.047109e-03 7.034551e-02)) ((9.703657e-04 3.016587e-03 2.775876e-03) (5.365206e-04 -7.631079e-05 -4.175188e-05))
232           	((2.280524e-03 6.108917e-02 1.467227e+00) (-2.714415e-04 2.049328e-03 7.032470e-02)) ((9.484302e-04 3.044498e-03 2.743090e-03) (5.341047e-04 -7.533703e-05 -4.140599e-05))
233           	((2.260775e-03 6.122595e-02 1.467136e+00) (-2.742267e-04 2.053201e-03 7.031757e-02)) ((9.291175e-04 3.067634e-03 2.707851e-03) (5.329158e-04 -7.506887e-05 -4.072348e-05))
234           	((2.203839e-03 6.133744e-02 1.467036e+00) (-2.718288e-04 2.056561e-03 7.029835e-02)) ((9.130606e-04 3.086200e-03 2.670153e-03) (5.308069e-04 -7.503953e-05 -4.019541e-05))
235           	((2.114884e-03 6.142874e-02 1.466921e+00) (-2.703208e-04 2.058226e-03 7.028890e-02)) ((8.997036e-04 3.101205e-03 2.629861e-03) (5.286678e-04 -7.533367e-05 -3.965974e-05))
236           	((1.999984e-03 6.149339e-02 1.466789e+00) (-2.722664e-04 2.063111e-03 7.026488e-02)) ((8.892104e-04 3.112163e-03 2.586526e-03) (5.261685e-04 -7.473530e-05 -3.915645e-05))
237           	((1.865584e-03 6.152735e-02 1.466645e+00) (-2.698408e-04 2.068569e-03 7.025914e-02)) ((8.833250e-04 3.118256e-03 2.540503e-03) (5.245215e-04 -7.577869e-05 -3.894567e-05))
238           	((1.710668e-03 6.150562e-02 1.466490e+00) (-2.702668e-04 2.072572e-03 7.023727e-02)) ((8.809363e-04 3.120822e-03 2.491742e-03) (5.217866e-04 -7.522736e-05 -3.862002e-05))
239           	((1.538064e-03 6.141565e-02 1.466326e+00) (-2.701767e-04 2.076674e-03 7.022590e-02)) ((8.834731e-04 3.118887e-03 2.441965e-03) (5.195365e-04 -7.650344e-05 -3.801074e-05))
240           	((1.349743e-03 6.123914e-02 1.466162e+00) (-2.690995e-04 2.083665e-03 7.020832e-02)) ((8.923507e-04 3.111808e-03 2.391822e-03) (5.170873e-04 -7.613963e-05 -3.784148e-05))
241           	((1.155926e-03 6.097881e-02 1.465995e+00) (-2.689343e-04 2.085950e-03 7.019469e-02)) ((9.075222e-04 3.100673e-03 2.342266e-03) (5.145138e-04 -7.770732e-05 -3.758771e-05))
242           	((9.696656e-04 6.065479e-02 1.465825e+00) (-2.712368e-04 2.093470e-03 7.017361e-02)) ((9.286818e-04 3.084687e-03 2.294150e-03) (5.115571e-04 -7.713068e-05 -3.727842e-05))
243           	((7.895757e-04 6.028086e-02 1.465649e+00) (-2.683944e-04 2.098529e-03 7.016421e-02)) ((9.540560e-04 3.066669e-03 2.248322e-03) (5.097866e-04 -7.917268e-05 -3.731463e-05))
244           	((6.215421e-04 5.987276e-02 1.465476e+00) (-2.665418e-04 2.103027e-03 7.014122e-02)) ((9.812182e-04 3.046588e-03 2.204793e-03) (5.065896e-04 -7.923600e-05 -3.747372e-05))
245           	((4.685105e-04 5.944966e-02 1.465302e+00) (-2.693128e-04 2.108586e-03 7.013354e-02)) ((1.008284e-03 3.025393e-03 2.164505e-03) (5.043569e-04 -8.030968e-05 -3.731454e-05))
246           	((3.281705e-04 5.900348e-02 1.465131e+00) (-2.663521e-04 2.111777e-03 7.011012e-02)) ((1.033567e-03 3.005222e-03 2.127862e-03) (5.014111e-04 -8.173673e-05 -3.744064e-05))
247           	((2.025181e-04 5.854271e-02 1.464962e+00) (-2.627417e-04 2.112814e-03 7.009858e-02)) ((1.056302e-03 2.986754e-03 2.096142e-03) (4.987026e-04 -8.315117e-05 -3.743797e-05))
248           	((9.168822e-05 5.806772e-02 1.464789e+00) (-2.653513e-04 2.117225e-03 7.007520e-02)) ((1.075445e-03 2.970856e-03 2.068873e-03) (4.956658e-04 -8.341286e-05 -3.756120e-05))
249           	((-2.096772e-06 5.758779e-02 1.464616e+00) (-2.609048e-04 2.118576e-03 7.006356e-02)) ((1.090005e-03 2.959056e-03 2.047023e-03) (4.931867e-04 -8.586748e-05 -3.775456e-05))
250           	((-7.370217e-05 5.711135e-02 1.464441e+00) (-2.608043e-04 2.120801e-03 7.004606e-02)) ((1.099722e-03 2.950414e-03 2.032461e-03) (4.909347e-04 -8.570713e-05 -3.795136e-05))
251           	((-1.239707e-04 5.663957e-02 1.464254e+00) (-2.597527e-04 2.120910e-03 7.002784e-02)) ((1.104019e-03 2.946951e-03 2.026367e-03) (4.881285e-04 -8.734675e-05 -3.797662e-05))
252           	((-1.496193e-04 5.616911e-02 1.464058e+00) (-2.558093e-04 2.123255e-03 7.000977e-02)) ((1.103451e-03 2.947885e-03 2.029042e-03) (4.855666e-04 -8.904446e-05 -3.801765e-05))
253           	((-1.536298e-04 5.569547e-02 1.463858e+00) (-2.550944e-04 2.120603e-03 6.999275e-02)) ((1.096767e-03 2.954811e-03 2.039089e-03) (4.833692e-04 -9.008899e-05 -3.829121e-05))
254           	((-1.329187e-04 5.522051e-02 1.463648e+00) (-2.542720e-04 2.119616e-03 6.996911e-02)) ((1.083964e-03 2.967564e-03 2.052665e-03) (4.807227e-04 -9.036149e-05 -3.866689e-05))
255           	((-7.955185e-05 5.474928e-02 1.463433e+00) (-2.484450e-04 2.118292e-03 6.995902e-02)) ((1.065159e-03 2.984935e-03 2.070150e-03) (4.787433e-04 -9.250333e-05 -3.889177e-05))
256           	((4.668277e-06 5.428292e-02 1.463214e+00) (-2.456835e-04 2.115663e-03 6.993167e-02)) ((1.039554e-03 3.007274e-03 2.091367e-03) (4.762270e-04 -9.238152e-05 -3.934855e-05))
257           	((1.321192e-04 5.383675e-02 1.462985e+00) (-2.436958e-04 2.114902e-03 6.991544e-02)) ((1.007148e-03 3.033316e-03 2.115846e-03) (4.741690e-04 -9.451228e-05 -3.951569e-05))
258           	((2.910799e-04 5.341981e-02 1.462753e+00) (-2.391011e-04 2.112723e-03 6.989088e-02)) ((9.673417e-04 3.062986e-03 2.142434e-03) (4.718694e-04 -9.469288e-05 -4.001732e-05))
259           	((4.795119e-04 5.303328e-02 1.462516e+00) (-2.344779e-04 2.107596e-03 6.987122e-02)) ((9.208320e-04 3.095780e-03 2.171726e-03) (4.697357e-04 -9.592918e-05 -4.033417e-05))
260           	((6.978287e-04 5.267590e-02 1.462272e+00) (-2.324865e-04 2.105164e-03 6.984833e-02)) ((8.695419e-04 3.130663e-03 2.202555e-03) (4.677738e-04 -9.594251e-05 -4.076166e-05))
261           	((9.450239e-04 5.234779e-02 1.462022e+00) (-2.280725e-04 2.102037e-03 6.982752e-02)) ((8.158451e-04 3.167242e-03 2.233095e-03) (4.657239e-04 -9.742197e-05 -4.086023e-05))
262           	((1.211898e-03 5.203657e-02 1.461766e+00) (-2.228813e-04 2.098458e-03 6.980053e-02)) ((7.607914e-04 3.203162e-03 2.262261e-03) (4.633866e-04 -9.733817e-05 -4.154143e-05))
263           	((1.488885e-03 5.172837e-02 1.461496e+00) (-2.190640e-04 2.094902e-03 6.978756e-02)) ((7.055996e-04 3.237799e-03 2.290453e-03) (4.617788e-04 -9.880839e-05 -4.187790e-05))
264           	((1.762540e-03 5.140630e-02 1.461220e+00) (-2.134412e-04 2.092361e-03 6.975614e-02)) ((6.524459e-04 3.268741e-03 2.319192e-03) (4.593987e-04 -9.878281e-05 -4.238199e-05))
265           	((2.032799e-03 5.106540e-02 1.460937e+00) (-2.089910e-04 2.087507e-03 6.974424e-02)) ((6.022703e-04 3.294468e-03 2.348610e-03) (4.583234e-04 -9.918916e-05 -4.242644e-05))
266           	((2.289707e-03 5.069983e-02 1.460652e+00) (-2.060198e-04 2.085455e-03 6.971612e-02)) ((5.553941e-04 3.313942e-03 2.377807e-03) (4.560743e-04 -9.788034e-05 -4.281717e-05))
267           	((2.532432e-03 5.030643e-02 1.460357e+00) (-1.980638e-04 2.082898e-03 6.970128e-02)) ((5.116554e-04 3.327494e-03 2.405594e-03) (4.546101e-04 -9.956021e-05 -4.290416e-05))
268           	((2.753906e-03 4.989100e-02 1.460066e+00) (-1.939437e-04 2.081143e-03 6.968057e-02)) ((4.705989e-04 3.333563e-03 2.430425e-03) (4.532972e-04 -9.785488e-05 -4.348628e-05))
269           	((2.947245e-03 4.946956e-02 1.459773e+00) (-1.925110e-04 2.079914e-03 6.965910e-02)) ((4.316272e-04 3.333440e-03 2.451660e-03) (4.516167e-04 -9.828121e-05 -4.328123e-05))
270           	((3.107891e-03 4.904597e-02 1.459485e+00) (-1.855348e-04 2.080250e-03 6.964884e-02)) ((3.946391e-04 3.325831e-03 2.468866e-03) (4.506015e-04 -9.781708e-05 -4.367172e-05))
271           	((3.227897e-03 4.862619e-02 1.459205e+00) (-1.803208e-04 2.076350e-03 6.963428e-02)) ((3.584338e-04 3.311138e-03 2.481003e-03) (4.487612e-04 -9.740203e-05 -4.397254e-05))
272           	((3.316456e-03 4.821994e-02 1.458926e+00) (-1.790085e-04 2.077006e-03 6.961472e-02)) ((3.229590e-04 3.289585e-03 2.486109e-03) (4.476996e-04 -9.628302e-05 -4.435931e-05))
273           	((3.378044e-03 4.783613e-02 1.458652e+00) (-1.742251e-04 2.076984e-03 6.960644e-02)) ((2.883865e-04 3.261715e-03 2.483903e-03) (4.463191e-04 -9.641905e-05 -4.452233e-05))
274           	((3.406646e-03 4.748485e-02 1.458392e+00) (-1.725015e-04 2.077434e-03 6.959316e-02)) ((2.548846e-04 3.227719e-03 2.474669e-03) (4.456504e-04 -9.440677e-05 -4.513039e-05))
275           	((3.405914e-03 4.716806e-02 1.458137e+00) (-1.711919e-04 2.076922e-03 6.958555e-02)) ((2.234422e-04 3.188170e-03 2.459049e-03) (4.447788e-04 -9.455285e-05 -4.514039e-05))
276           	((3.372550e-03 4.687202e-02 1.457902e+00) (-1.683438e-04 2.078612e-03 6.957343e-02)) ((1.949192e-04 3.143876e-03 2.438778e-03) (4.438929e-04 -9.329692e-05 -4.558006e-05))
277           	((3.307367e-03 4.658312e-02 1.457677e+00) (-1.688448e-04 2.076991e-03 6.956718e-02)) ((1.686214e-04 3.096331e-03 2.416130e-03) (4.427592e-04 -9.262233e-05 -4.565557e-05))
278           	((3.219824e-03 4.628242e-02 1.457465e+00) (-1.703807e-04 2.078381e-03 6.955973e-02)) ((1.438166e-04 3.045563e-03 2.391752e-03) (4.420579e-04 -9.122023e-05 -4.599730e-05))
279           	((3.116277e-03 4.596263e-02 1.457270e+00) (-1.683231e-04 2.078057e-03 6.955826e-02)) ((1.207235e-04 2.993598e-03 2.366040e-03) (4.413010e-04 -9.132905e-05 -4.633219e-05))
280           	((3.007412e-03 4.562336e-02 1.457088e+00) (-1.711270e-04 2.077487e-03 6.954876e-02)) ((9.838623e-05 2.939737e-03 2.336447e-03) (4.404653e-04 -8.920977e-05 -4.688903e-05))
281           	((2.906987e-03 4.527694e-02 1.456919e+00) (-1.742319e-04 2.077962e-03 6.954928e-02)) ((7.684070e-05 2.885017e-03 2.301999e-03) (4.403413e-04 -8.903446e-05 -4.696765e-05))
282           	((2.819160e-03 4.493130e-02 1.456760e+00) (-1.761444e-04 2.077781e-03 6.954384e-02)) ((5.602629e-05 2.830730e-03 2.261798e-03) (4.393846e-04 -8.787201e-05 -4.731219e-05))
283           	((2.754438e-03 4.459870e-02 1.456615e+00) (-1.792317e-04 2.076007e-03 6.954501e-02)) ((3.444849e-05 2.778004e-03 2.216173e-03) (4.387368e-04 -8.828324e-05 -4.731916e-05))
284           	((2.709906e-03 4.428459e-02 1.456485e+00) (-1.851446e-04 2.074051e-03 6.953804e-02)) ((1.209343e-05 2.728608e-03 2.165415e-03) (4.382136e-04 -8.659166e-05 -4.797597e-05))
285           	((2.695743e-03 4.398722e-02 1.456369e+00) (-1.902802e-04 2.072725e-03 6.954384e-02)) ((-1.295860e-05 2.683438e-03 2.111205e-03) (4.381689e-04 -8.734350e-05 -4.788370e-05))
286           	((2.703251e-03 4.371289e-02 1.456275e+00) (-1.959465e-04 2.069412e-03 6.953859e-02)) ((-4.187883e-05 2.642807e-03 2.055294e-03) (4.373770e-04 -8.632453e-05 -4.820282e-05))
287           	((2.741013e-03 4.347163e-02 1.456194e+00) (-2.029918e-04 2.066345e-03 6.954216e-02)) ((-7.512095e-05 2.607602e-03 2.000014e-03) (4.369954e-04 -8.677896e-05 -4.800060e-05))
288           	((2.808656e-03 4.326150e-02 1.456127e+00) (-2.081693e-04 2.065364e-03 6.954023e-02)) ((-1.126750e-04 2.578289e-03 1.945053e-03) (4.365694e-04 -8.628248e-05 -4.849453e-05))
289           	((2.907753e-03 4.308783e-02 1.456078e+00) (-2.163926e-04 2.058384e-03 6.954027e-02)) ((-1.553424e-04 2.554383e-03 1.889614e-03) (4.360324e-04 -8.705057e-05 -4.822479e-05))
290           	((3.035914e-03 4.295317e-02 1.456040e+00) (-2.266746e-04 2.056915e-03 6.953878e-02)) ((-2.021843e-04 2.535653e-03 1.831783e-03) (4.357038e-04 -8.603446e-05 -4.828598e-05))
291           	((3.198496e-03 4.284924e-02 1.456013e+00) (-2.314641e-04 2.052454e-03 6.953896e-02)) ((-2.529248e-04 2.521172e-03 1.772002e-03) (4.350003e-04 -8.739556e-05 -4.799606e-05))
292           	((3.387441e-03 4.277351e-02 1.456001e+00) (-2.401355e-04 2.047897e-03 6.953559e-02)) ((-3.069277e-04 2.510183e-03 1.710244e-03) (4.343637e-04 -8.782943e-05 -4.814973e-05))
293           	((3.606430e-03 4.272438e-02 1.455998e+00) (-2.504847e-04 2.042524e-03 6.953291e-02)) ((-3.639448e-04 2.504491e-03 1.646887e-03) (4.336903e-04 -8.835737e-05 -4.783098e-05))
294           	((3.843457e-03 4.270830e-02 1.456013e+00) (-2.568238e-04 2.039664e-03 6.952761e-02)) ((-4.226883e-04 2.502118e-03 1.583754e-03) (4.332246e-04 -8.914367e-05 -4.778674e-05))
295           	((4.094858e-03 4.272849e-02 1.456042e+00) (-2.645507e-04 2.032203e-03 6.952695e-02)) ((-4.827703e-04 2.503377e-03 1.522665e-03) (4.318048e-04 -9.055449e-05 -4.715874e-05))
296           	((4.356553e-03 4.279477e-02 1.456086e+00) (-2.742001e-04 2.027938e-03 6.951719e-02)) ((-5.428802e-04 2.506136e-03 1.464938e-03) (4.308933e-04 -9.005902e-05 -4.701163e-05))
297           	((4.619530e-03 4.291015e-02 1.456143e+00) (-2.803117e-04 2.022457e-03 6.951611e-02)) ((-6.020146e-04 2.511960e-03 1.411753e-03) (4.303805e-04 -9.235373e-05 -4.639440e-05))
298           	((4.867753e-03 4.306158e-02 1.456210e+00) (-2.886909e-04 2.017396e-03 6.950059e-02)) ((-6.601229e-04 2.519872e-03 1.363325e-03) (4.290770e-04 -9.254471e-05 -4.616284e-05))
299           	((5.101024e-03 4.325062e-02 1.456290e+00) (-2.959777e-04 2.012223e-03 6.949916e-02)) ((-7.156657e-04 2.530049e-03 1.319440e-03) (4.283290e-04 -9.409728e-05 -4.546908e-05))
300           	((5.312383e-03 4.346531e-02 1.456381e+00) (-3.014826e-04 2.007615e-03 6.948961e-02)) ((-7.672906e-04 2.542028e-03 1.281284e-03) (4.271380e-04 -9.510034e-05 -4.536106e-05))
301           	((5.505700e-03 4.369876e-02 1.456483e+00) (-3.081808e-04 1.999818e-03 6.947197e-02)) ((-8.154567e-04 2.555325e-03 1.249562e-03) (4.254662e-04 -9.634020e-05 -4.468761e-05))
302           	((5.682319e-03 4.394623e-02 1.456590e+00) (-3.145502e-04 1.996414e-03 6.946782e-02)) ((-8.596366e-04 2.568374e-03 1.223759e-03) (4.252503e-04 -9.721607e-05 -4.440197e-05))
303           	((5.840944e-03 4.419592e-02 1.456701e+00) (-3.173108e-04 1.990466e-03 6.945825e-02)) ((-9.004348e-04 2.581871e-03 1.203838e-03) (4.233569e-04 -9.901116e-05 -4.395503e-05))
304           	((5.976035e-03 4.444294e-02 1.456826e+00) (-3.210142e-04 1.986494e-03 6.944418e-02)) ((-9.373736e-04 2.593976e-03 1.190172e-03) (4.231317e-04 -9.968542e-05 -4.380520e-05))
305           	((6.088604e-03 4.468578e-02 1.456960e+00) (-3.267271e-04 1.980019e-03 6.942977e-02)) ((-9.701529e-04 2.605723e-03 1.181151e-03) (4.216517e-04 -1.011085e-04 -4.338052e-05))
306           	((6.182076e-03 4.492552e-02 1.457102e+00) (-3.272119e-04 1.976602e-03 6.941713e-02)) ((-9.987698e-04 2.616575e-03 1.176236e-03) (4.212527e-04 -1.023228e-04 -4.340388e-05))
307           	((6.262051e-03 4.517053e-02 1.457252e+00) (-3.275301e-04 1.968235e-03 6.940596e-02)) ((-1.024721e-03 2.625183e-03 1.175437e-03) (4.202187e-04 -1.033464e-04 -4.273382e-05))
308           	((6.319255e-03 4.542464e-02 1.457401e+00) (-3.297846e-04 1.964682e-03 6.938900e-02)) ((-1.048971e-03 2.632058e-03 1.178316e-03) (4.193755e-04 -1.040099e-04 -4.306062e-05))
309           	((6.356767e-03 4.568969e-02 1.457552e+00) (-3.284563e-04 1.960294e-03 6.937353e-02)) ((-1.070992e-03 2.635941e-03 1.184564e-03) (4.187238e-04 -1.056392e-04 -4.279765e-05))
310           	((6.369435e-03 4.596631e-02 1.457702e+00) (-3.285173e-04 1.956186e-03 6.936578e-02)) ((-1.090789e-03 2.636815e-03 1.192754e-03) (4.184979e-04 -1.059702e-04 -4.296980e-05))
311           	((6.363454e-03 4.625064e-02 1.457849e+00) (-3.270382e-04 1.951647e-03 6.934398e-02)) ((-1.107733e-03 2.634625e-03 1.202361e-03) (4.167441e-04 -1.067561e-04 -4.261216e-05))
312           	((6.337818e-03 4.654343e-02 1.457993e+00) (-3.228095e-04 1.950301e-03 6.933501e-02)) ((-1.120846e-03 2.628330e-03 1.213969e-03) (4.172762e-04 -1.082553e-04 -4.288438e-05))
313           	((6.286145e-03 4.682689e-02 1.458131e+00) (-3.197720e-04 1.944007e-03 6.931757e-02)) ((-1.131878e-03 2.619159e-03 1.228721e-03) (4.159333e-04 -1.084662e-04 -4.293108e-05))
314           	((6.203263e-03 4.709994e-02 1.458260e+00) (-3.166048e-04 1.942311e-03 6.930617e-02)) ((-1.142079e-03 2.607306e-03 1.246784e-03) (4.163754e-04 -1.086544e-04 -4.319641e-05))
315           	((6.090301e-03 4.736543e-02 1.458381e+00) (-3.106322e-04 1.941428e-03 6.929512e-02)) ((-1.152313e-03 2.592505e-03 1.266735e-03) (4.156318e-04 -1.098576e-04 -4.326469e-05))
316           	((5.945290e-03 4.762152e-02 1.458494e+00) (-3.057523e-04 1.938476e-03 6.927957e-02)) ((-1.164021e-03 2.575066e-03 1.286962e-03) (4.152485e-04 -1.096608e-04 -4.389028e-05))
317           	((5.785384e-03 4.786752e-02 1.458597e+00) (-3.012453e-04 1.937428e-03 6.926345e-02)) ((-1.177446e-03 2.554073e-03 1.306131e-03) (4.144415e-04 -1.103725e-04 -4.398296e-05))
318           	((5.607844e-03 4.809762e-02 1.458690e+00) (-2.956542e-04 1.939997e-03 6.926141e-02)) ((-1.193199e-03 2.530398e-03 1.323407e-03) (4.154548e-04 -1.107353e-04 -4.466256e-05))
319           	((5.417569e-03 4.832556e-02 1.458772e+00) (-2.871449e-04 1.935569e-03 6.924354e-02)) ((-1.211405e-03 2.504522e-03 1.337196e-03) (4.137173e-04 -1.113780e-04 -4.495615e-05))
320           	((5.218579e-03 4.856022e-02 1.458841e+00) (-2.835148e-04 1.938287e-03 6.923726e-02)) ((-1.231877e-03 2.475629e-03 1.347350e-03) (4.141891e-04 -1.108102e-04 -4.574895e-05))
321           	((5.012340e-03 4.880704e-02 1.458895e+00) (-2.759776e-04 1.939348e-03 6.922411e-02)) ((-1.254792e-03 2.445963e-03 1.353560e-03) (4.132035e-04 -1.121886e-04 -4.628263e-05))
322           	((4.807823e-03 4.908585e-02 1.458934e+00) (-2.687544e-04 1.939622e-03 6.921561e-02)) ((-1.279878e-03 2.414846e-03 1.354919e-03) (4.133281e-04 -1.121192e-04 -4.694139e-05))
323           	((4.602951e-03 4.940069e-02 1.458953e+00) (-2.636855e-04 1.941844e-03 6.920324e-02)) ((-1.308450e-03 2.384315e-03 1.351495e-03) (4.123533e-04 -1.119254e-04 -4.751842e-05))
324           	((4.400167e-03 4.974027e-02 1.458954e+00) (-2.569912e-04 1.944372e-03 6.919952e-02)) ((-1.341131e-03 2.354992e-03 1.345024e-03) (4.131183e-04 -1.128135e-04 -4.825072e-05))
325           	((4.205492e-03 5.008521e-02 1.458939e+00) (-2.495139e-04 1.941695e-03 6.919189e-02)) ((-1.378367e-03 2.325511e-03 1.337719e-03) (4.124140e-04 -1.117676e-04 -4.883540e-05))
326           	((4.015165e-03 5.043248e-02 1.458902e+00) (-2.463810e-04 1.944136e-03 6.918537e-02)) ((-1.420732e-03 2.297645e-03 1.329638e-03) (4.124394e-04 -1.124247e-04 -4.954765e-05))
327           	((3.837643e-03 5.077777e-02 1.458844e+00) (-2.367971e-04 1.944181e-03 6.918276e-02)) ((-1.467011e-03 2.271776e-03 1.321996e-03) (4.117410e-04 -1.128291e-04 -5.012606e-05))
328           	((3.668548e-03 5.111496e-02 1.458764e+00) (-2.330739e-04 1.945453e-03 6.917828e-02)) ((-1.517746e-03 2.248500e-03 1.314250e-03) (4.125355e-04 -1.127596e-04 -5.105822e-05))
329           	((3.508251e-03 5.144539e-02 1.458658e+00) (-2.286983e-04 1.944501e-03 6.916650e-02)) ((-1.571874e-03 2.228548e-03 1.304638e-03) (4.117064e-04 -1.120719e-04 -5.165420e-05))
330           	((3.360305e-03 5.176531e-02 1.458533e+00) (-2.231989e-04 1.947894e-03 6.917331e-02)) ((-1.628657e-03 2.210979e-03 1.293498e-03) (4.129802e-04 -1.124307e-04 -5.232615e-05))
331           	((3.220686e-03 5.208011e-02 1.458387e+00) (-2.185058e-04 1.946225e-03 6.916400e-02)) ((-1.687856e-03 2.195935e-03 1.281771e-03) (4.113258e-04 -1.125056e-04 -5.275609e-05))
332           	((3.092669e-03 5.239693e-02 1.458216e+00) (-2.152140e-04 1.947441e-03 6.916519e-02)) ((-1.749147e-03 2.183369e-03 1.269206e-03) (4.123007e-04 -1.118724e-04 -5.371347e-05))
333           	((2.985836e-03 5.270599e-02 1.458027e+00) (-2.098054e-04 1.948416e-03 6.915853e-02)) ((-1.811353e-03 2.174246e-03 1.255877e-03) (4.117937e-04 -1.119754e-04 -5.443765e-05))
334           	((2.900120e-03 5.300760e-02 1.457825e+00) (-2.064744e-04 1.948494e-03 6.916364e-02)) ((-1.873743e-03 2.168301e-03 1.241387e-03) (4.124550e-04 -1.113509e-04 -5.508163e-05))
335           	((2.842164e-03 5.329774e-02 1.457609e+00) (-2.032637e-04 1.948734e-03 6.915863e-02)) ((-1.935900e-03 2.164891e-03 1.224155e-03) (4.115071e-04 -1.101696e-04 -5.559297e-05))
336           	((2.813965e-03 5.357116e-02 1.457386e+00) (-2.000168e-04 1.951072e-03 6.916050e-02)) ((-1.996810e-03 2.163173e-03 1.203349e-03) (4.125661e-04 -1.104045e-04 -5.622075e-05))
337           	((2.813106e-03 5.381563e-02 1.457154e+00) (-1.964107e-04 1.947654e-03 6.916120e-02)) ((-2.056501e-03 2.163500e-03 1.180336e-03) (4.119248e-04 -1.091216e-04 -5.661644e-05))
338           	((2.838939e-03 5.401351e-02 1.456918e+00) (-1.959135e-04 1.949941e-03 6.916516e-02)) ((-2.117167e-03 2.165785e-03 1.156570e-03) (4.131016e-04 -1.078999e-04 -5.714749e-05))
339           	((2.887088e-03 5.416012e-02 1.456685e+00) (-1.916501e-04 1.950257e-03 6.916201e-02)) ((-2.178810e-03 2.170523e-03 1.134576e-03) (4.122274e-04 -1.074278e-04 -5.735069e-05))
340           	((2.955720e-03 5.426087e-02 1.456453e+00) (-1.909268e-04 1.949350e-03 6.916571e-02)) ((-2.241833e-03 2.176514e-03 1.114928e-03) (4.127351e-04 -1.062074e-04 -5.780261e-05))
341           	((3.045905e-03 5.433427e-02 1.456225e+00) (-1.902490e-04 1.950260e-03 6.916856e-02)) ((-2.305296e-03 2.183176e-03 1.097456e-03) (4.129427e-04 -1.042935e-04 -5.785067e-05))
342           	((3.153451e-03 5.439526e-02 1.456004e+00) (-1.889477e-04 1.951792e-03 6.917307e-02)) ((-2.369181e-03 2.190636e-03 1.083040e-03) (4.135499e-04 -1.045433e-04 -5.775526e-05))
343           	((3.273500e-03 5.445360e-02 1.455790e+00) (-1.864005e-04 1.948845e-03 6.917356e-02)) ((-2.433786e-03 2.197755e-03 1.070046e-03) (4.124274e-04 -1.031976e-04 -5.751550e-05))
344           	((3.396395e-03 5.453120e-02 1.455585e+00) (-1.890035e-04 1.952043e-03 6.917594e-02)) ((-2.498834e-03 2.203840e-03 1.055982e-03) (4.131917e-04 -1.009436e-04 -5.763453e-05))
345           	((3.524987e-03 5.463986e-02 1.455389e+00) (-1.886388e-04 1.951665e-03 6.917672e-02)) ((-2.563739e-03 2.209788e-03 1.041195e-03) (4.123403e-04 -1.004034e-04 -5.727156e-05))
346           	((3.656100e-03 5.478555e-02 1.455206e+00) (-1.883049e-04 1.951263e-03 6.918108e-02)) ((-2.629112e-03 2.215081e-03 1.027473e-03) (4.130146e-04 -9.913566e-05 -5.686202e-05))
347           	((3.789208e-03 5.497956e-02 1.455038e+00) (-1.904388e-04 1.950855e-03 6.918187e-02)) ((-2.694755e-03 2.219313e-03 1.015173e-03) (4.121353e-04 -9.791783e-05 -5.597229e-05))
348           	((3.922184e-03 5.521474e-02 1.454888e+00) (-1.909937e-04 1.953266e-03 6.918571e-02)) ((-2.760360e-03 2.223666e-03 1.003260e-03) (4.126926e-04 -9.710692e-05 -5.589021e-05))
349           	((4.061114e-03 5.548780e-02 1.454761e+00) (-1.914323e-04 1.950777e-03 6.918400e-02)) ((-2.824406e-03 2.227741e-03 9.916455e-04) (4.119182e-04 -9.574706e-05 -5.503269e-05))
350           	((4.201689e-03 5.579474e-02 1.454652e+00) (-1.951308e-04 1.951321e-03 6.919280e-02)) ((-2.886920e-03 2.231675e-03 9.787263e-04) (4.125790e-04 -9.422868e-05 -5.466564e-05))
351           	((4.346685e-03 5.612908e-02 1.454560e+00) (-1.939390e-04 1.950308e-03 6.919212e-02)) ((-2.947099e-03 2.236070e-03 9.645300e-04) (4.114381e-04 -9.457156e-05 -5.361889e-05))
352           	((4.492114e-03 5.648330e-02 1.454486e+00) (-1.961788e-04 1.949130e-03 6.918957e-02)) ((-3.004300e-03 2.237384e-03 9.494283e-04) (4.111809e-04 -9.308125e-05 -5.301374e-05))
353           	((4.634160e-03 5.684513e-02 1.454421e+00) (-2.007834e-04 1.948665e-03 6.918832e-02)) ((-3.058039e-03 2.237107e-03 9.328446e-04) (4.107835e-04 -9.230329e-05 -5.216788e-05))
354           	((4.764042e-03 5.720871e-02 1.454379e+00) (-2.011667e-04 1.949777e-03 6.919067e-02)) ((-3.106079e-03 2.234686e-03 9.146224e-04) (4.112454e-04 -9.252482e-05 -5.140870e-05))
355           	((4.882465e-03 5.756264e-02 1.454361e+00) (-2.041607e-04 1.945790e-03 6.918708e-02)) ((-3.146062e-03 2.230053e-03 8.954400e-04) (4.096817e-04 -9.217818e-05 -4.999538e-05))
356           	((4.992190e-03 5.789590e-02 1.454361e+00) (-2.090699e-04 1.946988e-03 6.918659e-02)) ((-3.176879e-03 2.223665e-03 8.752405e-04) (4.098629e-04 -9.196901e-05 -4.933659e-05))
357           	((5.104749e-03 5.820468e-02 1.454388e+00) (-2.096361e-04 1.946029e-03 6.918093e-02)) ((-3.197028e-03 2.217240e-03 8.545225e-04) (4.087305e-04 -9.277900e-05 -4.836913e-05))
358           	((5.212053e-03 5.848179e-02 1.454439e+00) (-2.138866e-04 1.944528e-03 6.917614e-02)) ((-3.206541e-03 2.212094e-03 8.339283e-04) (4.087454e-04 -9.293206e-05 -4.752850e-05))
359           	((5.313438e-03 5.872789e-02 1.454503e+00) (-2.167262e-04 1.944453e-03 6.917309e-02)) ((-3.205365e-03 2.207476e-03 8.127511e-04) (4.075722e-04 -9.332400e-05 -4.651596e-05))
360           	((5.399388e-03 5.894727e-02 1.454584e+00) (-2.193013e-04 1.946016e-03 6.916840e-02)) ((-3.194130e-03 2.200699e-03 7.892463e-04) (4.075435e-04 -9.419604e-05 -4.581150e-05))
361           	((5.465478e-03 5.912823e-02 1.454678e+00) (-2.210736e-04 1.942611e-03 6.916521e-02)) ((-3.172520e-03 2.192920e-03 7.635716e-04) (4.069632e-04 -9.499136e-05 -4.494140e-05))
362           	((5.514907e-03 5.925448e-02 1.454782e+00) (-2.242753e-04 1.942869e-03 6.916053e-02)) ((-3.140132e-03 2.183892e-03 7.357609e-04) (4.069485e-04 -9.513982e-05 -4.428576e-05))
363           	((5.556699e-03 5.930741e-02 1.454899e+00) (-2.253582e-04 1.942801e-03 6.915856e-02)) ((-3.095921e-03 2.174020e-03 7.068024e-04) (4.065269e-04 -9.704560e-05 -4.346868e-05))
364           	((5.598597e-03 5.927652e-02 1.455027e+00) (-2.265589e-04 1.941547e-03 6.915124e-02)) ((-3.040668e-03 2.164148e-03 6.774773e-04) (4.064293e-04 -9.720794e-05 -4.336843e-05))
365           	((5.650414e-03 5.916257e-02 1.455166e+00) (-2.301378e-04 1.941333e-03 6.915223e-02)) ((-2.975949e-03 2.154281e-03 6.477257e-04) (4.067474e-04 -9.804421e-05 -4.258680e-05))
366           	((5.706603e-03 5.897327e-02 1.455317e+00) (-2.306712e-04 1.941200e-03 6.914702e-02)) ((-2.903748e-03 2.145303e-03 6.184120e-04) (4.071764e-04 -9.978357e-05 -4.233062e-05))
367           	((5.771167e-03 5.872080e-02 1.455472e+00) (-2.290408e-04 1.937293e-03 6.914513e-02)) ((-2.827302e-03 2.136325e-03 5.902001e-04) (4.060684e-04 -1.010848e-04 -4.174772e-05))
368           	((5.835674e-03 5.840990e-02 1.455631e+00) (-2.324251e-04 1.938379e-03 6.914265e-02)) ((-2.749497e-03 2.126757e-03 5.630174e-04) (4.067913e-04 -1.011412e-04 -4.187087e-05))
369           	((5.895624e-03 5.803672e-02 1.455785e+00) (-2.316605e-04 1.936432e-03 6.914412e-02)) ((-2.670892e-03 2.118651e-03 5.369769e-04) (4.075336e-04 -1.030971e-04 -4.182359e-05))
370           	((5.943486e-03 5.760213e-02 1.455933e+00) (-2.315460e-04 1.934078e-03 6.913992e-02)) ((-2.591353e-03 2.109962e-03 5.122336e-04) (4.078682e-04 -1.037106e-04 -4.171075e-05))
371           	((5.972195e-03 5.711450e-02 1.456069e+00) (-2.327908e-04 1.932701e-03 6.913871e-02)) ((-2.511195e-03 2.101570e-03 4.885939e-04) (4.079278e-04 -1.046028e-04 -4.151003e-05))
372           	((5.982753e-03 5.657591e-02 1.456191e+00) (-2.304275e-04 1.932242e-03 6.914208e-02)) ((-2.430186e-03 2.093840e-03 4.662776e-04) (4.092885e-04 -1.067083e-04 -4.193653e-05))
373           	((5.979335e-03 5.599508e-02 1.456299e+00) (-2.298012e-04 1.928031e-03 6.913334e-02)) ((-2.350166e-03 2.086661e-03 4.467403e-04) (4.086842e-04 -1.074979e-04 -4.209264e-05))
374           	((5.962175e-03 5.538120e-02 1.456389e+00) (-2.315137e-04 1.927593e-03 6.913498e-02)) ((-2.274095e-03 2.082407e-03 4.306901e-04) (4.100318e-04 -1.084863e-04 -4.259404e-05))
375           	((5.939936e-03 5.475349e-02 1.456461e+00) (-2.273590e-04 1.924493e-03 6.913122e-02)) ((-2.203281e-03 2.080491e-03 4.187441e-04) (4.092999e-04 -1.107460e-04 -4.277189e-05))
376           	((5.909587e-03 5.414058e-02 1.456519e+00) (-2.266398e-04 1.923406e-03 6.913004e-02)) ((-2.138681e-03 2.080193e-03 4.116307e-04) (4.103464e-04 -1.112144e-04 -4.334573e-05))
377           	((5.875982e-03 5.355526e-02 1.456553e+00) (-2.264938e-04 1.920384e-03 6.912500e-02)) ((-2.081371e-03 2.082778e-03 4.073246e-04) (4.101363e-04 -1.123028e-04 -4.376232e-05))
378           	((5.844151e-03 5.299790e-02 1.456567e+00) (-2.241392e-04 1.921651e-03 6.912457e-02)) ((-2.031879e-03 2.087226e-03 4.059132e-04) (4.114828e-04 -1.135527e-04 -4.440272e-05))
379           	((5.815123e-03 5.246934e-02 1.456563e+00) (-2.207425e-04 1.918340e-03 6.911430e-02)) ((-1.990405e-03 2.092542e-03 4.082405e-04) (4.102086e-04 -1.148760e-04 -4.485728e-05))
380           	((5.795572e-03 5.197196e-02 1.456531e+00) (-2.209604e-04 1.918073e-03 6.911293e-02)) ((-1.957758e-03 2.098713e-03 4.109684e-04) (4.108730e-04 -1.151908e-04 -4.573487e-05))
381           	((5.793416e-03 5.150976e-02 1.456477e+00) (-2.164810e-04 1.917246e-03 6.910415e-02)) ((-1.933064e-03 2.105104e-03 4.140271e-04) (4.105217e-04 -1.165973e-04 -4.645082e-05))
382           	((5.803940e-03 5.109687e-02 1.456393e+00) (-2.132494e-04 1.915250e-03 6.909981e-02)) ((-1.917384e-03 2.112242e-03 4.172851e-04) (4.106872e-04 -1.174565e-04 -4.709315e-05))
383           	((5.835813e-03 5.074973e-02 1.456274e+00) (-2.122871e-04 1.915883e-03 6.909086e-02)) ((-1.912030e-03 2.120458e-03 4.196535e-04) (4.094641e-04 -1.179670e-04 -4.759041e-05))
384           	((5.878910e-03 5.048386e-02 1.456133e+00) (-2.082430e-04 1.917623e-03 6.908262e-02)) ((-1.917038e-03 2.130246e-03 4.215864e-04) (4.095274e-04 -1.187926e-04 -4.843308e-05))
385           	((5.928329e-03 5.030499e-02 1.455971e+00) (-2.058474e-04 1.915031e-03 6.907608e-02)) ((-1.932390e-03 2.141426e-03 4.249111e-04) (4.084831e-04 -1.195500e-04 -4.879161e-05))
386           	((5.974060e-03 5.021352e-02 1.455788e+00) (-2.054244e-04 1.917155e-03 6.906349e-02)) ((-1.958275e-03 2.154779e-03 4.323557e-04) (4.078084e-04 -1.191342e-04 -4.940160e-05))
387           	((6.020637e-03 5.020610e-02 1.455589e+00) (-1.998394e-04 1.918970e-03 6.905938e-02)) ((-1.993463e-03 2.168685e-03 4.454268e-04) (4.069973e-04 -1.204152e-04 -4.948843e-05))
388           	((6.055760e-03 5.026215e-02 1.455375e+00) (-1.987407e-04 1.919621e-03 6.904725e-02)) ((-2.037812e-03 2.182208e-03 4.632707e-04) (4.059609e-04 -1.202831e-04 -5.023397e-05))
389           	((6.079918e-03 5.037661e-02 1.455147e+00) (-1.987112e-04 1.922157e-03 6.903664e-02)) ((-2.089572e-03 2.194347e-03 4.852743e-04) (4.049937e-04 -1.199520e-04 -5.031712e-05))
390           	((6.083025e-03 5.054546e-02 1.454911e+00) (-1.964014e-04 1.925271e-03 6.903264e-02)) ((-2.147486e-03 2.203936e-03 5.109334e-04) (4.047308e-04 -1.202028e-04 -5.073421e-05))
391           	((6.058555e-03 5.076328e-02 1.454668e+00) (-1.930138e-04 1.925698e-03 6.902059e-02)) ((-2.211368e-03 2.210256e-03 5.408728e-04) (4.023747e-04 -1.205893e-04 -5.073726e-05))
392           	((6.005672e-03 5.102241e-02 1.454424e+00) (-1.946283e-04 1.930043e-03 6.901485e-02)) ((-2.280957e-03 2.212828e-03 5.735176e-04) (4.019180e-04 -1.195128e-04 -5.121457e-05))
393           	((5.934082e-03 5.130695e-02 1.454178e+00) (-1.928124e-04 1.932586e-03 6.900649e-02)) ((-2.355286e-03 2.213410e-03 6.069776e-04) (4.006442e-04 -1.195223e-04 -5.170319e-05))
394           	((5.853915e-03 5.162587e-02 1.453940e+00) (-1.920551e-04 1.935718e-03 6.899380e-02)) ((-2.432054e-03 2.210962e-03 6.401268e-04) (3.996996e-04 -1.192167e-04 -5.192627e-05))
395           	((5.776481e-03 5.198117e-02 1.453707e+00) (-1.930187e-04 1.940285e-03 6.899217e-02)) ((-2.509468e-03 2.206282e-03 6.714558e-04) (3.986041e-04 -1.178633e-04 -5.210935e-05))
396           	((5.699950e-03 5.238277e-02 1.453480e+00) (-1.919607e-04 1.943549e-03 6.898648e-02)) ((-2.585760e-03 2.199227e-03 6.993158e-04) (3.982144e-04 -1.179512e-04 -5.230277e-05))
397           	((5.624035e-03 5.283494e-02 1.453272e+00) (-1.908371e-04 1.945390e-03 6.897974e-02)) ((-2.659913e-03 2.188524e-03 7.232619e-04) (3.966230e-04 -1.163405e-04 -5.266547e-05))
398           	((5.537093e-03 5.331918e-02 1.453081e+00) (-1.952410e-04 1.950189e-03 6.897986e-02)) ((-2.731747e-03 2.175661e-03 7.423126e-04) (3.967794e-04 -1.150653e-04 -5.288389e-05))
399           	((5.428858e-03 5.379877e-02 1.452917e+00) (-1.934818e-04 1.954069e-03 6.897756e-02)) ((-2.800501e-03 2.159871e-03 7.596759e-04) (3.955670e-04 -1.147118e-04 -5.319314e-05))
400           	((5.290435e-03 5.425307e-02 1.452784e+00) (-1.965055e-04 1.956699e-03 6.897214e-02)) ((-2.864942e-03 2.139293e-03 7.776543e-04) (3.949461e-04 -1.132738e-04 -5.340640e-05))
401           	((5.118051e-03 5.466066e-02 1.452684e+00) (-2.016132e-04 1.961343e-03 6.897201e-02)) ((-2.924597e-03 2.114628e-03 7.981840e-04) (3.946043e-04 -1.122634e-04 -5.324433e-05))
402           	((4.916928e-03 5.501206e-02 1.452614e+00) (-2.024013e-04 1.966044e-03 6.897113e-02)) ((-2.977107e-03 2.085878e-03 8.202904e-04) (3.943356e-04 -1.119253e-04 -5.324658e-05))
403           	((4.697997e-03 5.529255e-02 1.452571e+00) (-2.052295e-04 1.969504e-03 6.897053e-02)) ((-3.020991e-03 2.052650e-03 8.431357e-04) (3.932449e-04 -1.100815e-04 -5.301643e-05))
404           	((4.464935e-03 5.550187e-02 1.452553e+00) (-2.114958e-04 1.974335e-03 6.897046e-02)) ((-3.055004e-03 2.017097e-03 8.648538e-04) (3.930081e-04 -1.094098e-04 -5.312218e-05))
405           	((4.236516e-03 5.563113e-02 1.452556e+00) (-2.139782e-04 1.978452e-03 6.897016e-02)) ((-3.077753e-03 1.979368e-03 8.841164e-04) (3.926891e-04 -1.086509e-04 -5.292794e-05))
406           	((4.006925e-03 5.568333e-02 1.452588e+00) (-2.178178e-04 1.981603e-03 6.896998e-02)) ((-3.088666e-03 1.940483e-03 9.006070e-04) (3.925486e-04 -1.078819e-04 -5.275525e-05))
407           	((3.784246e-03 5.566596e-02 1.452639e+00) (-2.244532e-04 1.985094e-03 6.897569e-02)) ((-3.088105e-03 1.901596e-03 9.134002e-04) (3.915962e-04 -1.069785e-04 -5.240471e-05))
408           	((3.570671e-03 5.558140e-02 1.452715e+00) (-2.270032e-04 1.989968e-03 6.897289e-02)) ((-3.077810e-03 1.862037e-03 9.206283e-04) (3.915223e-04 -1.066621e-04 -5.206990e-05))
409           	((3.362538e-03 5.544729e-02 1.452808e+00) (-2.314184e-04 1.991424e-03 6.897681e-02)) ((-3.059935e-03 1.822529e-03 9.211452e-04) (3.910382e-04 -1.057917e-04 -5.205247e-05))
410           	((3.166449e-03 5.527484e-02 1.452915e+00) (-2.387808e-04 1.995590e-03 6.897547e-02)) ((-3.035537e-03 1.783004e-03 9.147201e-04) (3.907459e-04 -1.051666e-04 -5.158075e-05))
411           	((2.978260e-03 5.506631e-02 1.453042e+00) (-2.432877e-04 1.997511e-03 6.897549e-02)) ((-3.005978e-03 1.744730e-03 9.037312e-04) (3.897360e-04 -1.052878e-04 -5.115911e-05))
412           	((2.793876e-03 5.482979e-02 1.453177e+00) (-2.469986e-04 1.999826e-03 6.898306e-02)) ((-2.971542e-03 1.707149e-03 8.884676e-04) (3.903581e-04 -1.051592e-04 -5.091445e-05))
413           	((2.621428e-03 5.455077e-02 1.453318e+00) (-2.534124e-04 1.999598e-03 6.897899e-02)) ((-2.934227e-03 1.670130e-03 8.686956e-04) (3.891804e-04 -1.049272e-04 -5.061859e-05))
414           	((2.459467e-03 5.423563e-02 1.453456e+00) (-2.589156e-04 2.003392e-03 6.898528e-02)) ((-2.892852e-03 1.634177e-03 8.439323e-04) (3.900706e-04 -1.057680e-04 -5.041249e-05))
415           	((2.310275e-03 5.388163e-02 1.453591e+00) (-2.631010e-04 1.999607e-03 6.898601e-02)) ((-2.847244e-03 1.598517e-03 8.147540e-04) (3.887820e-04 -1.055340e-04 -4.992617e-05))
416           	((2.172588e-03 5.350257e-02 1.453715e+00) (-2.691195e-04 2.000031e-03 6.898996e-02)) ((-2.796806e-03 1.563945e-03 7.795690e-04) (3.894389e-04 -1.060031e-04 -4.958549e-05))
417           	((2.056207e-03 5.310075e-02 1.453824e+00) (-2.709416e-04 1.997460e-03 6.899474e-02)) ((-2.741270e-03 1.531089e-03 7.387258e-04) (3.892414e-04 -1.069363e-04 -4.932659e-05))
418           	((1.957903e-03 5.267395e-02 1.453917e+00) (-2.761394e-04 1.994909e-03 6.899859e-02)) ((-2.681990e-03 1.501823e-03 6.928625e-04) (3.899290e-04 -1.074207e-04 -4.928554e-05))
419           	((1.888840e-03 5.222880e-02 1.453994e+00) (-2.836832e-04 1.992967e-03 6.900011e-02)) ((-2.618642e-03 1.474996e-03 6.434479e-04) (3.899128e-04 -1.074353e-04 -4.889905e-05))
420           	((1.834192e-03 5.176163e-02 1.454056e+00) (-2.857366e-04 1.988854e-03 6.900739e-02)) ((-2.551144e-03 1.451912e-03 5.925928e-04) (3.910246e-04 -1.091677e-04 -4.872579e-05))
421           	((1.803567e-03 5.126975e-02 1.454100e+00) (-2.895876e-04 1.982153e-03 6.900814e-02)) ((-2.478902e-03 1.430054e-03 5.421177e-04) (3.910594e-04 -1.097110e-04 -4.850747e-05))
422           	((1.795358e-03 5.075029e-02 1.454132e+00) (-2.945741e-04 1.977427e-03 6.901281e-02)) ((-2.400179e-03 1.410290e-03 4.928225e-04) (3.922612e-04 -1.106054e-04 -4.825534e-05))
423           	((1.816256e-03 5.018257e-02 1.454145e+00) (-2.977082e-04 1.972098e-03 6.901722e-02)) ((-2.316633e-03 1.393035e-03 4.452074e-04) (3.923612e-04 -1.120454e-04 -4.801587e-05))
424           	((1.873884e-03 4.957163e-02 1.454147e+00) (-3.030778e-04 1.967185e-03 6.902031e-02)) ((-2.228671e-03 1.377312e-03 3.999591e-04) (3.941047e-04 -1.124913e-04 -4.800410e-05))
425           	((1.980963e-03 4.891144e-02 1.454136e+00) (-3.070148e-04 1.957961e-03 6.902027e-02)) ((-2.138749e-03 1.366457e-03 3.560814e-04) (3.945631e-04 -1.136867e-04 -4.789104e-05))
426           	((2.144725e-03 4.821995e-02 1.454108e+00) (-3.100979e-04 1.954441e-03 6.902269e-02)) ((-2.048497e-03 1.360325e-03 3.145132e-04) (3.965350e-04 -1.146609e-04 -4.779224e-05))
427           	((2.358960e-03 4.752497e-02 1.454069e+00) (-3.127203e-04 1.944268e-03 6.902114e-02)) ((-1.961065e-03 1.360033e-03 2.759103e-04) (3.964098e-04 -1.157301e-04 -4.754065e-05))
428           	((2.619362e-03 4.684817e-02 1.454013e+00) (-3.177897e-04 1.938886e-03 6.901785e-02)) ((-1.880310e-03 1.366241e-03 2.393508e-04) (3.976217e-04 -1.162569e-04 -4.761741e-05))
429           	((2.925181e-03 4.622346e-02 1.453949e+00) (-3.173356e-04 1.932301e-03 6.902004e-02)) ((-1.808876e-03 1.378656e-03 2.066272e-04) (3.988009e-04 -1.181257e-04 -4.755283e-05))
430           	((3.262909e-03 4.569240e-02 1.453884e+00) (-3.205229e-04 1.925376e-03 6.901451e-02)) ((-1.748698e-03 1.397040e-03 1.787286e-04) (3.999305e-04 -1.189811e-04 -4.752111e-05))
431           	((3.626346e-03 4.527092e-02 1.453819e+00) (-3.243950e-04 1.918452e-03 6.901234e-02)) ((-1.700841e-03 1.420487e-03 1.570089e-04) (4.001182e-04 -1.196709e-04 -4.713234e-05))
432           	((3.999146e-03 4.497565e-02 1.453764e+00) (-3.251948e-04 1.914809e-03 6.900809e-02)) ((-1.663539e-03 1.447376e-03 1.410674e-04) (4.010845e-04 -1.207373e-04 -4.706885e-05))
433           	((4.367578e-03 4.480358e-02 1.453716e+00) (-3.258342e-04 1.907543e-03 6.900197e-02)) ((-1.637463e-03 1.477067e-03 1.316410e-04) (4.014788e-04 -1.217466e-04 -4.692451e-05))
434           	((4.716437e-03 4.475746e-02 1.453668e+00) (-3.273275e-04 1.905049e-03 6.899770e-02)) ((-1.622432e-03 1.507896e-03 1.285907e-04) (4.021815e-04 -1.219579e-04 -4.704082e-05))
435           	((5.043978e-03 4.483646e-02 1.453626e+00) (-3.272647e-04 1.900876e-03 6.899051e-02)) ((-1.617684e-03 1.537588e-03 1.338732e-04) (4.019074e-04 -1.232405e-04 -4.661647e-05))
436           	((5.333282e-03 4.503685e-02 1.453577e+00) (-3.267496e-04 1.896094e-03 6.897965e-02)) ((-1.623315e-03 1.566481e-03 1.479278e-04) (4.024886e-04 -1.240371e-04 -4.665876e-05))
437           	((5.594283e-03 4.535248e-02 1.453520e+00) (-3.278211e-04 1.892936e-03 6.897172e-02)) ((-1.639872e-03 1.593628e-03 1.690260e-04) (4.023680e-04 -1.244642e-04 -4.666118e-05))
438           	((5.814727e-03 4.577143e-02 1.453454e+00) (-3.256965e-04 1.892404e-03 6.896234e-02)) ((-1.666536e-03 1.619878e-03 1.961458e-04) (4.024780e-04 -1.256247e-04 -4.661371e-05))
439           	((6.001021e-03 4.628505e-02 1.453375e+00) (-3.242207e-04 1.889765e-03 6.895381e-02)) ((-1.703085e-03 1.644410e-03 2.272396e-04) (4.013596e-04 -1.254204e-04 -4.675233e-05))
440           	((6.149894e-03 4.688750e-02 1.453285e+00) (-3.241845e-04 1.890040e-03 6.894305e-02)) ((-1.747474e-03 1.664314e-03 2.615879e-04) (4.017003e-04 -1.254751e-04 -4.679951e-05))
441           	((6.260034e-03 4.755600e-02 1.453178e+00) (-3.203099e-04 1.889296e-03 6.893256e-02)) ((-1.798678e-03 1.679934e-03 2.987214e-04) (4.009484e-04 -1.262802e-04 -4.689376e-05))
442           	((6.332507e-03 4.828000e-02 1.453054e+00) (-3.180541e-04 1.891922e-03 6.892492e-02)) ((-1.853173e-03 1.687757e-03 3.372174e-04) (4.009162e-04 -1.262187e-04 -4.731606e-05))
443           	((6.367245e-03 4.903156e-02 1.452921e+00) (-3.163263e-04 1.892530e-03 6.890716e-02)) ((-1.909258e-03 1.687912e-03 3.752138e-04) (3.990535e-04 -1.265683e-04 -4.726457e-05))
444           	((6.362381e-03 4.979305e-02 1.452779e+00) (-3.125928e-04 1.898748e-03 6.890101e-02)) ((-1.964508e-03 1.679864e-03 4.123003e-04) (3.994104e-04 -1.263654e-04 -4.779743e-05))
445           	((6.319994e-03 5.054876e-02 1.452644e+00) (-3.101463e-04 1.898413e-03 6.888849e-02)) ((-2.017299e-03 1.664356e-03 4.488624e-04) (3.975861e-04 -1.269873e-04 -4.788896e-05))
446           	((6.238709e-03 5.128264e-02 1.452514e+00) (-3.089231e-04 1.903779e-03 6.887598e-02)) ((-2.066369e-03 1.643441e-03 4.843473e-04) (3.969526e-04 -1.269847e-04 -4.794503e-05))
447           	((6.123579e-03 5.196061e-02 1.452381e+00) (-3.035080e-04 1.907859e-03 6.886696e-02)) ((-2.111020e-03 1.618314e-03 5.190033e-04) (3.949264e-04 -1.279649e-04 -4.815211e-05))
448           	((5.965463e-03 5.257218e-02 1.452243e+00) (-3.018433e-04 1.910569e-03 6.885386e-02)) ((-2.149397e-03 1.589358e-03 5.524978e-04) (3.941126e-04 -1.281072e-04 -4.844969e-05))
449           	((5.775536e-03 5.310053e-02 1.452092e+00) (-3.003050e-04 1.917094e-03 6.885195e-02)) ((-2.180886e-03 1.557611e-03 5.828913e-04) (3.938909e-04 -1.266452e-04 -4.887558e-05))
450           	((5.547803e-03 5.353145e-02 1.451932e+00) (-2.972586e-04 1.921027e-03 6.883858e-02)) ((-2.204828e-03 1.524895e-03 6.107474e-04) (3.924559e-04 -1.274415e-04 -4.896954e-05))
451           	((5.294145e-03 5.386288e-02 1.451771e+00) (-2.933066e-04 1.924347e-03 6.883248e-02)) ((-2.222432e-03 1.490702e-03 6.363214e-04) (3.910685e-04 -1.279991e-04 -4.873813e-05))
452           	((5.010537e-03 5.409258e-02 1.451603e+00) (-2.929455e-04 1.928798e-03 6.882697e-02)) ((-2.235365e-03 1.455940e-03 6.578352e-04) (3.902653e-04 -1.270655e-04 -4.907822e-05))
453           	((4.701738e-03 5.421414e-02 1.451432e+00) (-2.891777e-04 1.931790e-03 6.882351e-02)) ((-2.245859e-03 1.419386e-03 6.752276e-04) (3.894073e-04 -1.273124e-04 -4.937265e-05))
454           	((4.361572e-03 5.424557e-02 1.451260e+00) (-2.878546e-04 1.937031e-03 6.881808e-02)) ((-2.254435e-03 1.380792e-03 6.892740e-04) (3.893009e-04 -1.268351e-04 -4.988342e-05))
455           	((3.996865e-03 5.419604e-02 1.451089e+00) (-2.880430e-04 1.938189e-03 6.881675e-02)) ((-2.262010e-03 1.340335e-03 6.996466e-04) (3.877900e-04 -1.259453e-04 -4.982264e-05))
456           	((3.618638e-03 5.408931e-02 1.450924e+00) (-2.859309e-04 1.944366e-03 6.881585e-02)) ((-2.267200e-03 1.297613e-03 7.076264e-04) (3.877271e-04 -1.266206e-04 -5.008293e-05))
457           	((3.234531e-03 5.393571e-02 1.450773e+00) (-2.845905e-04 1.943705e-03 6.881418e-02)) ((-2.270022e-03 1.255324e-03 7.126747e-04) (3.867756e-04 -1.259276e-04 -5.040488e-05))
458           	((2.855634e-03 5.374420e-02 1.450635e+00) (-2.861467e-04 1.948596e-03 6.881682e-02)) ((-2.270626e-03 1.213848e-03 7.132306e-04) (3.872987e-04 -1.251925e-04 -5.077577e-05))
459           	((2.479711e-03 5.353226e-02 1.450521e+00) (-2.856717e-04 1.951217e-03 6.881914e-02)) ((-2.268010e-03 1.174367e-03 7.086992e-04) (3.862195e-04 -1.245975e-04 -5.116008e-05))
460           	((2.109022e-03 5.330874e-02 1.450432e+00) (-2.855049e-04 1.952790e-03 6.882326e-02)) ((-2.262385e-03 1.137410e-03 6.981399e-04) (3.865942e-04 -1.242784e-04 -5.148516e-05))
461           	((1.742752e-03 5.307468e-02 1.450371e+00) (-2.874848e-04 1.955340e-03 6.882611e-02)) ((-2.253206e-03 1.103665e-03 6.833648e-04) (3.859693e-04 -1.232428e-04 -5.175650e-05))
462           	((1.380135e-03 5.282730e-02 1.450334e+00) (-2.873264e-04 1.957901e-03 6.883322e-02)) ((-2.240538e-03 1.073410e-03 6.644413e-04) (3.868790e-04 -1.236483e-04 -5.217475e-05))
463           	((1.021509e-03 5.255841e-02 1.450312e+00) (-2.899567e-04 1.957613e-03 6.883988e-02)) ((-2.226344e-03 1.046508e-03 6.444226e-04) (3.863477e-04 -1.219819e-04 -5.247776e-05))
464           	((6.719511e-04 5.227720e-02 1.450293e+00) (-2.927551e-04 1.960296e-03 6.884710e-02)) ((-2.211478e-03 1.020792e-03 6.242854e-04) (3.870786e-04 -1.214831e-04 -5.301478e-05))
465           	((3.393693e-04 5.198115e-02 1.450265e+00) (-2.918856e-04 1.960802e-03 6.885738e-02)) ((-2.197387e-03 9.953766e-04 6.048066e-04) (3.873642e-04 -1.210392e-04 -5.350081e-05))
466           	((3.326430e-05 5.168636e-02 1.450219e+00) (-2.952934e-04 1.960587e-03 6.886441e-02)) ((-2.185048e-03 9.694809e-04 5.852736e-04) (3.878198e-04 -1.210818e-04 -5.365435e-05))
467           	((-2.322388e-04 5.140132e-02 1.450155e+00) (-2.993527e-04 1.960413e-03 6.886789e-02)) ((-2.174526e-03 9.425410e-04 5.637881e-04) (3.871411e-04 -1.202844e-04 -5.357298e-05))
468           	((-4.497626e-04 5.112979e-02 1.450065e+00) (-3.031682e-04 1.961579e-03 6.887911e-02)) ((-2.165827e-03 9.156234e-04 5.390078e-04) (3.883469e-04 -1.202308e-04 -5.394932e-05))
469           	((-6.071113e-04 5.086918e-02 1.449958e+00) (-3.036237e-04 1.959359e-03 6.888683e-02)) ((-2.158167e-03 8.894087e-04 5.108707e-04) (3.887173e-04 -1.194206e-04 -5.415960e-05))
470           	((-7.051303e-04 5.062028e-02 1.449838e+00) (-3.099057e-04 1.959213e-03 6.889580e-02)) ((-2.150951e-03 8.652574e-04 4.799183e-04) (3.898079e-04 -1.191004e-04 -5.421698e-05))
471           	((-7.418886e-04 5.037909e-02 1.449701e+00) (-3.111785e-04 1.956076e-03 6.890370e-02)) ((-2.144269e-03 8.455880e-04 4.481894e-04) (3.895667e-04 -1.189147e-04 -5.393736e-05))
472           	((-7.133074e-04 5.015967e-02 1.449558e+00) (-3.138217e-04 1.953922e-03 6.891106e-02)) ((-2.138252e-03 8.299076e-04 4.167520e-04) (3.902403e-04 -1.187022e-04 -5.379102e-05))
473           	((-6.282584e-04 4.995641e-02 1.449413e+00) (-3.183261e-04 1.949486e-03 6.892221e-02)) ((-2.134438e-03 8.207298e-04 3.863269e-04) (3.914592e-04 -1.180275e-04 -5.336683e-05))
474           	((-4.874193e-04 4.978812e-02 1.449273e+00) (-3.203761e-04 1.950279e-03 6.892690e-02)) ((-2.132857e-03 8.157336e-04 3.575116e-04) (3.924287e-04 -1.176590e-04 -5.317939e-05))
475           	((-3.073588e-04 4.967206e-02 1.449147e+00) (-3.245511e-04 1.944490e-03 6.893559e-02)) ((-2.134054e-03 8.126964e-04 3.315490e-04) (3.925503e-04 -1.174229e-04 -5.238603e-05))
476           	((-8.746073e-05 4.960814e-02 1.449028e+00) (-3.297293e-04 1.942858e-03 6.894325e-02)) ((-2.137466e-03 8.103451e-04 3.063494e-04) (3.934459e-04 -1.167189e-04 -5.169600e-05))
477           	((1.654803e-04 4.959007e-02 1.448916e+00) (-3.299535e-04 1.938361e-03 6.894863e-02)) ((-2.141184e-03 8.086116e-04 2.823919e-04) (3.938602e-04 -1.172236e-04 -5.104050e-05))
478           	((4.387965e-04 4.960780e-02 1.448814e+00) (-3.323164e-04 1.934264e-03 6.895318e-02)) ((-2.145269e-03 8.089972e-04 2.596835e-04) (3.947860e-04 -1.175465e-04 -5.018035e-05))
479           	((7.293277e-04 4.965404e-02 1.448708e+00) (-3.367328e-04 1.931469e-03 6.895427e-02)) ((-2.150016e-03 8.110597e-04 2.398021e-04) (3.948005e-04 -1.166455e-04 -4.906339e-05))
480           	((1.035938e-03 4.973052e-02 1.448602e+00) (-3.385454e-04 1.928022e-03 6.896270e-02)) ((-2.155741e-03 8.158371e-04 2.233305e-04) (3.956884e-04 -1.172162e-04 -4.838060e-05))
481           	((1.362051e-03 4.984270e-02 1.448498e+00) (-3.403491e-04 1.922520e-03 6.896170e-02)) ((-2.162612e-03 8.235983e-04 2.099992e-04) (3.957873e-04 -1.175055e-04 -4.730051e-05))
482           	((1.711685e-03 5.000011e-02 1.448386e+00) (-3.427954e-04 1.920718e-03 6.896028e-02)) ((-2.170496e-03 8.350410e-04 1.965507e-04) (3.959626e-04 -1.177734e-04 -4.659126e-05))
483           	((2.080639e-03 5.019527e-02 1.448276e+00) (-3.428936e-04 1.916666e-03 6.896234e-02)) ((-2.178024e-03 8.508246e-04 1.836070e-04) (3.961497e-04 -1.180251e-04 -4.560275e-05))
484           	((2.465977e-03 5.043323e-02 1.448168e+00) (-3.445274e-04 1.915457e-03 6.895722e-02)) ((-2.183399e-03 8.698745e-04 1.709731e-04) (3.962170e-04 -1.184470e-04 -4.494767e-05))
485           	((2.864145e-03 5.071168e-02 1.448072e+00) (-3.465146e-04 1.910373e-03 6.895213e-02)) ((-2.185448e-03 8.912366e-04 1.589819e-04) (3.960817e-04 -1.185341e-04 -4.399890e-05))
486           	((3.268540e-03 5.102999e-02 1.447994e+00) (-3.440551e-04 1.910184e-03 6.894948e-02)) ((-2.181974e-03 9.133307e-04 1.473193e-04) (3.963300e-04 -1.199219e-04 -4.348022e-05))
487           	((3.661361e-03 5.136674e-02 1.447939e+00) (-3.429535e-04 1.905505e-03 6.894476e-02)) ((-2.171913e-03 9.344680e-04 1.365535e-04) (3.952135e-04 -1.201615e-04 -4.258555e-05))
488           	((4.035956e-03 5.170074e-02 1.447913e+00) (-3.451000e-04 1.906020e-03 6.893712e-02)) ((-2.154841e-03 9.526359e-04 1.270327e-04) (3.955296e-04 -1.199765e-04 -4.202159e-05))
489           	((4.390696e-03 5.202566e-02 1.447917e+00) (-3.402628e-04 1.905384e-03 6.893049e-02)) ((-2.128475e-03 9.679083e-04 1.191516e-04) (3.949529e-04 -1.212495e-04 -4.184788e-05))
490           	((4.719758e-03 5.233952e-02 1.447952e+00) (-3.393652e-04 1.905298e-03 6.892438e-02)) ((-2.093413e-03 9.787413e-04 1.134215e-04) (3.953087e-04 -1.219428e-04 -4.127267e-05))
491           	((5.018628e-03 5.264082e-02 1.448013e+00) (-3.374748e-04 1.904842e-03 6.891410e-02)) ((-2.050136e-03 9.863964e-04 1.091612e-04) (3.937928e-04 -1.222265e-04 -4.076340e-05))
492           	((5.285384e-03 5.291604e-02 1.448092e+00) (-3.331570e-04 1.906565e-03 6.891010e-02)) ((-2.000049e-03 9.910767e-04 1.059926e-04) (3.942035e-04 -1.236861e-04 -4.067230e-05))
493           	((5.517041e-03 5.314625e-02 1.448189e+00) (-3.290462e-04 1.904870e-03 6.890053e-02)) ((-1.945559e-03 9.932335e-04 1.045350e-04) (3.931193e-04 -1.235326e-04 -4.034241e-05))
494           	((5.701796e-03 5.331680e-02 1.448296e+00) (-3.269460e-04 1.907724e-03 6.889365e-02)) ((-1.887061e-03 9.930935e-04 1.051358e-04) (3.931704e-04 -1.245552e-04 -4.045673e-05))
495           	((5.832362e-03 5.342252e-02 1.448408e+00) (-3.213959e-04 1.908281e-03 6.888466e-02)) ((-1.824134e-03 9.908363e-04 1.065961e-04) (3.923907e-04 -1.255819e-04 -4.025305e-05))
496           	((5.904723e-03 5.347039e-02 1.448516e+00) (-3.150251e-04 1.909434e-03 6.888038e-02)) ((-1.756328e-03 9.844760e-04 1.077892e-04) (3.918322e-04 -1.257484e-04 -4.068086e-05))
497           	((5.919456e-03 5.346131e-02 1.448619e+00) (-3.121916e-04 1.909030e-03 6.887193e-02)) ((-1.684166e-03 9.740265e-04 1.085625e-04) (3.916688e-04 -1.263304e-04 -4.051699e-05))
498           	((5.879355e-03 5.338919e-02 1.448708e+00) (-3.069547e-04 1.912047e-03 6.886741e-02)) ((-1.609827e-03 9.605187e-04 1.094049e-04) (3.915595e-04 -1.272374e-04 -4.105567e-05))
499           	((5.785231e-03 5.325741e-02 1.448791e+00) (-3.008804e-04 1.911950e-03 6.886012e-02)) ((-1.535406e-03 9.436889e-04 1.137385e-04) (3.905864e-04 -1.272497e-04 -4.101187e-05))
500           	((5.633506e-03 5.306480e-02 1.448859e+00) (-2.976876e-04 1.913384e-03 6.885803e-02)) ((-1.463584e-03 9.252203e-04 1.226567e-04) (3.907543e-04 -1.281223e-04 -4.154533e-05))
